1.07609 1
0.303267 1
0.484958 1
0.584705 1
0.813253 1
1.48494 1
0.835249 1
0.399224 1
0.542743 1
1.39213 1
0.980641 1
0.983433 1
0.692859 1
5.8763 1
0.526477 1
0.120874 1
1.39412 1
0.537796 1
0.427039 1
1.30385 1
1.68511 1
0.210941 1
3.07803 1
0.585665 1
2.49845 1
0.701413 1
1.12545 1
0.469209 1
1.27431 1
1.80286 1
0.316919 1
0.140443 1
1.54117 1
0.157506 1
3.80637 1
4.73204 1
1.4108 1
1.00929 1
2.32391 1
3.08171 1
2.82157 1
0.420812 1
1.49262 1
4.86534 1
0.134575 1
1.29905 1
3.40949 1
0.608053 1
0.984409 1
2.00189 1
1.00273 1
0.40723 1
2.21152 1
1.05464 1
1.75684 1
1.60036 1
1.16007 1
0.926394 1
4.62373 1
0.930858 1
0.779693 1
0.190229 1
0.0713731 1
0.993132 1
0.613842 1
0.0978406 1
2.65681 1
0.436556 1
0.282813 1
0.14053 1
1.83582 1
3.16332 1
2.1983 1
0.445373 1
1.86823 1
0.861125 1
2.41308 1
0.696936 1
0.149323 1
1.74458 1
2.21727 1
0.28375 1
1.46415 1
0.211941 1
1.08101 1
0.548722 1
0.619625 1
0.210921 1
0.230863 1
3.10764 1
1.04272 1
0.433669 1
0.960537 1
0.403406 1
2.97825 1
0.545242 1
2.94544 1
0.305961 1
0.35193 1
0.881945 1
0.375538 1
0.410032 1
1.13119 1
0.0742377 1
1.12 1
1.3207 1
2.50711 1
0.164143 1
0.892642 1
0.232109 1
1.63389 1
0.33919 1
0.414043 1
0.159425 1
0.117137 1
3.86013 1
2.42892 1
1.93476 1
0.0883629 1
1.49067 1
0.741703 1
1.01927 1
3.66296 1
0.33124 1
4.38417 1
0.457338 1
0.470147 1
0.12507 1
0.196397 1
1.83209 1
0.676172 1
0.287888 1
0.138005 1
0.236709 1
1.27426 1
1.80034 1
0.557866 1
6.20367 1
0.132363 1
0.450252 1
0.414343 1
0.926402 1
1.14181 1
8.36911 1
0.260762 1
0.224134 1
4.28259 1
0.175106 1
0.0440714 1
0.586061 1
1.20692 1
0.811542 1
0.706062 1
0.275565 1
5.16746 1
0.458058 1
0.141684 1
1.30793 1
0.64073 1
0.206034 1
5.20538 1
0.150684 1
1.66606 1
0.174301 1
3.31982 1
0.87545 1
1.52832 1
0.578341 1
0.595748 1
1.87885 1
4.24767 1
0.385339 1
0.360179 1
0.0909276 1
0.527165 1
0.147737 1
2.48957 1
0.602747 1
0.186674 1
4.08766 1
0.214462 1
7.13249 1
0.437646 1
0.46383 1
5.59567 1
0.399485 1
0.264389 1
1.0677 1
0.557547 1
0.826736 1
0.71624 1
1.19034 1
0.192851 1
0.316331 1
0.941715 1
0.54645 1
1.31433 1
0.238708 1
3.47073 1
0.1785 1
0.654175 1
1.07952 1
1.55215 1
0.00151807 1
1.06105 1
0.154703 1
3.13245 1
0.335156 1
0.252876 1
0.915654 1
0.212337 1
1.83589 1
1.99386 1
0.120253 1
0.540284 1
0.447116 1
0.108609 1
2.43447 1
1.60742 1
0.335904 1
1.19803 1
0.235497 1
1.47113 1
1.79483 1
1.35998 1
1.11691 1
0.181207 1
3.29366 1
1.03589 1
0.917616 1
2.10022 1
4.44764 1
1.93122 1
7.27559 1
0.520721 1
0.15068 1
0.3997 1
0.117969 1
0.356071 1
1.22191 1
0.126926 1
0.494114 1
6.12769 1
0.720401 1
1.10603 1
4.62862 1
2.38998 1
0.174163 1
3.28369 1
0.706116 1
1.20345 1
0.115167 1
0.875083 1
0.254925 1
0.211426 1
3.31204 1
1.39637 1
0.342147 1
1.09124 1
0.479831 1
172.163 1
2.32372 1
0.317728 1
0.171975 1
0.986879 1
2.02966 1
0.475409 1
0.786297 1
2.41124 1
1.78201 1
0.118097 1
1.05573 1
0.0875862 1
1.42913 1
0.532083 1
1.38705 1
2.46623 1
0.0831401 1
3.45321 1
1.09971 1
0.175471 1
0.0668016 1
1.09004 1
2.03578 1
1.59708 1
0.32761 1
0.109973 1
0.957164 1
0.173158 1
1.39772 1
0.951789 1
0.00878209 1
0.545735 1
0.140026 1
0.23935 1
0.938496 1
0.236454 1
0.185129 1
0.235239 1
1.39043 1
2.78271 1
0.831652 1
0.399662 1
1.54505 1
0.217608 1
0.726083 1
0.686351 1
6.45475 1
2.2355 1
1.76168 1
0.202605 1
1.3019 1
2.48813 1
0.348765 1
0.563453 1
1.82041 1
1.3416 1
1.85456 1
0.917897 1
0.279146 1
1.99344 1
0.134358 1
14.5953 1
5.92404 1
2.65485 1
0.515414 1
1.74087 1
0.525023 1
2.12585 1
0.293338 1
1.75974 1
0.281494 1
0.839185 1
0.376629 1
0.254795 1
0.325789 1
2.44526 1
1.63269 1
1.55096 1
1.63106 1
0.251913 1
1.8493 1
0.429093 1
1.48556 1
0.159407 1
0.262818 1
0.553403 1
0.508341 1
0.854793 1
0.33329 1
0.585545 1
0.180661 1
2.67293 1
0.350352 1
4.34067 1
0.170657 1
0.369322 1
0.365935 1
5.82714 1
0.0598291 1
0.232083 1
0.241291 1
1.17261 1
2.69202 1
0.594055 1
0.15905 1
0.958604 1
1.24645 1
0.100611 1
2.927 1
2.87698 1
0.525463 1
1.17454 1
2.07065 1
0.885716 1
0.474931 1
0.678685 1
3.34421 1
0.53646 1
0.104128 1
1.41391 1
0.819001 1
0.0509139 1
1.04997 1
0.290972 1
0.677684 1
2.76504 1
0.964023 1
0.363753 1
6.59109 1
19.7445 1
0.330341 1
0.102598 1
0.741807 1
9.22405 1
1.04847 1
1.16416 1
2.60566 1
1.0166 1
3.91646 1
2.08581 1
0.164026 1
0.600828 1
1.42942 1
0.21594 1
2.88565 1
0.860018 1
1.55287 1
3.56607 1
1.5281 1
1.57237 1
0.26848 1
0.792554 1
0.607382 1
0.416108 1
1.50535 1
1.67874 1
0.518651 1
0.154187 1
0.901879 1
0.849672 1
0.523657 1
2.90729 1
0.390449 1
0.541531 1
0.683965 1
0.78204 1
0.696049 1
0.101608 1
0.220993 1
0.121954 1
1.49321 1
1.70359 1
1.24292 1
0.632675 1
0.578583 1
1.07162 1
8.56117 1
0.544391 1
1.99021 1
0.368067 1
0.213342 1
2.58061 1
0.489546 1
0.893241 1
0.347184 1
0.928 1
2.70018 1
2.48305 1
0.951455 1
2.37256 1
0.680998 1
0.0342787 1
0.419234 1
10.0995 1
0.397472 1
0.295621 1
0.508862 1
2.13534 1
1.70011 1
5.17018 1
1.78508 1
0.772438 1
6.61891 1
1.33233 1
0.825576 1
0.638733 1
0.150829 1
1.04079 1
2.1319 1
3.21077 1
0.225796 1
2.41036 1
2.36582 1
0.646419 1
2.37211 1
1.47194 1
0.0416348 1
2.01781 1
0.487349 1
0.126105 1
0.671689 1
0.758434 1
3.05081 1
23.4731 1
0.357845 1
0.816587 1
0.646886 1
2.23354 1
0.906747 1
2.55206 1
0.931246 1
1.76838 1
0.504967 1
0.407153 1
0.116953 1
2.01514 1
1.74822 1
0.880081 1
4.31486 1
1.12473 1
1.80908 1
14.706 1
0.253999 1
0.742384 1
3.81956 1
1.62532 1
0.468359 1
1.45761 1
0.309076 1
0.751934 1
1.64511 1
0.464978 1
1.39554 1
1.27945 1
2.64055 1
0.218375 1
0.284513 1
0.688981 1
1.41107 1
1.64364 1
3.25326 1
0.141732 1
0.268577 1
1.12796 1
0.120126 1
0.800733 1
0.727333 1
1.92065 1
0.194013 1
0.239683 1
0.275134 1
0.533563 1
0.13717 1
2.65788 1
1.79465 1
0.73554 1
1.02636 1
0.722384 1
2.20498 1
0.405211 1
1.5063 1
0.970558 1
1.82624 1
0.0951858 1
1.13725 1
0.396828 1
0.937526 1
0.062487 1
2.60019 1
1.23313 1
2.01118 1
0.437361 1
0.40306 1
0.757426 1
0.172217 1
0.481824 1
5.33394 1
3.25617 1
1.16768 1
1.4535 1
0.343092 1
0.259678 1
0.280844 1
0.552009 1
2.02865 1
2.15046 1
1.95581 1
2.93236 1
0.270084 1
1.88735 1
0.627308 1
0.438417 1
0.255829 1
0.157822 1
0.28285 1
115.303 1
0.284705 1
0.796192 1
1.01585 1
1.55816 1
0.807135 1
3.71057 1
1.05121 1
0.374769 1
1.35224 1
0.722648 1
0.330087 1
0.442562 1
1.70076 1
1.02839 1
1.0531 1
1.11593 1
0.0970882 1
2.81102 1
2.01425 1
0.405048 1
0.663423 1
5.66322 1
0.294815 1
1.12401 1
1.73633 1
0.643935 1
0.183133 1
1.74423 1
1.49868 1
1.37405 1
0.700263 1
0.457423 1
1.27571 1
2.1523 1
0.586307 1
0.0512898 1
1.57656 1
1.09773 1
0.0546309 1
2.22418 1
0.510091 1
0.710938 1
2.2712 1
1.47953 1
0.332535 1
0.647707 1
0.852281 1
1.68601 1
1.58244 1
1.73782 1
3.81266 1
2.1416 1
0.256998 1
1.05735 1
0.423391 1
3.52875 1
0.834395 1
0.213628 1
0.940942 1
1.89366 1
0.176369 1
0.544769 1
0.924578 1
0.0791437 1
0.766709 1
0.0812631 1
0.282156 1
0.290116 1
1.09281 1
5.0953 1
0.315899 1
3.84433 1
0.604694 1
0.139257 1
0.497909 1
0.524991 1
9.08639 1
2.28627 1
0.784638 1
1.26831 1
0.658671 1
1.16123 1
1.69914 1
0.541504 1
0.0918717 1
0.441198 1
0.207204 1
0.00215019 1
0.604712 1
0.267652 1
0.0131071 1
0.571534 1
0.923465 1
2.28337 1
1.71253 1
0.135389 1
1.17269 1
1.79379 1
0.584785 1
0.113119 1
0.742968 1
2.21023 1
0.621339 1
0.562275 1
2.30156 1
1.61359 1
0.245852 1
0.0267481 1
1.447 1
0.299824 1
1.04295 1
0.750365 1
0.453792 1
0.19735 1
0.338345 1
3.1151 1
0.20908 1
1.92751 1
0.793732 1
1.53369 1
0.16514 1
0.211439 1
0.290928 1
0.737522 1
0.104197 1
2.50577 1
0.129109 1
11.8478 1
0.348449 1
0.112222 1
0.633878 1
1.12022 1
1.34343 1
2.28066 1
0.479807 1
0.547789 1
0.80389 1
1.65424 1
0.602093 1
1.52359 1
0.188438 1
2.13237 1
1.01614 1
1.34366 1
3.15637 1
0.356367 1
1.33573 1
3.36713 1
0.392454 1
0.336 1
0.228947 1
0.385078 1
3.49893 1
1.44712 1
0.359753 1
0.822565 1
0.980915 1
0.517292 1
0.323609 1
0.778988 1
4.39965 1
2.02367 1
2.71988 1
0.0916541 1
1.58768 1
2.1267 1
0.209814 1
1.81075 1
0.0546395 1
0.1103 1
0.110833 1
2.48907 1
0.282657 1
0.177891 1
0.698393 1
5.37798 1
1.51601 1
0.64229 1
2.13321 1
0.371229 1
1.09703 1
0.200326 1
0.111388 1
1.18056 1
0.164403 1
1.62679 1
1.63103 1
0.482178 1
1.15946 1
2.13697 1
2.51419 1
3.77057 1
1.71109 1
1.34396 1
0.877793 1
4.53407 1
0.120378 1
0.641331 1
2.14608 1
0.231823 1
0.508551 1
0.809194 1
0.0873063 1
0.111329 1
0.57328 1
2.94878 1
2.62189 1
0.487593 1
0.499563 1
1.56111 1
4.56672 1
0.957685 1
0.65494 1
0.365224 1
0.602087 1
0.441536 1
2.70142 1
0.788112 1
0.356545 1
0.185296 1
0.160366 1
0.215222 1
0.490826 1
0.0777648 1
0.69682 1
0.0707648 1
0.230251 1
0.83027 1
1.92572 1
9.87271 1
1.48624 1
0.302867 1
13.3278 1
0.995356 1
0.206511 1
2.77999 1
0.106096 1
0.705724 1
3.0978 1
1.13064 1
1.68603 1
1.97923 1
4.98552 1
0.766562 1
1.87105 1
0.242347 1
1.48272 1
0.617833 1
0.197984 1
0.543793 1
1.4429 1
0.194975 1
2.06597 1
0.128573 1
0.0875062 1
0.794697 1
0.274648 1
1.88495 1
0.0903093 1
0.21259 1
1.80527 1
1.84232 1
1.50711 1
0.0362071 1
0.76314 1
2.47831 1
0.79766 1
0.304411 1
1.12016 1
3.97812 1
0.247425 1
1.68617 1
1.04987 1
1.13731 1
1.64618 1
0.539917 1
0.241203 1
1.47942 1
0.184636 1
0.147057 1
0.765237 1
0.648149 1
1.1327 1
0.708304 1
0.680977 1
1.36878 1
1.13271 1
1.87875 1
1.06223 1
1.69856 1
0.440317 1
2.20035 1
2.75537 1
0.369082 1
1.01113 1
0.401691 1
1.65175 1
2.88801 1
1.21475 1
1.21966 1
4.65802 1
0.536662 1
2.74327 1
0.835084 1
0.425208 1
0.781931 1
0.615633 1
0.339498 1
1.27228 1
0.214127 1
0.855721 1
0.843142 1
3.17974 1
0.766751 1
0.860427 1
0.419947 1
1.59034 1
1.23975 1
2.39735 1
1.27762 1
0.308574 1
2.87313 1
0.61049 1
0.0971288 1
0.442824 1
0.272377 1
1.89538 1
0.10801 1
1.33416 1
0.153578 1
4.60064 1
1.67025 1
4.81395 1
1.09649 1
0.183323 1
0.121503 1
0.978922 1
0.460175 1
2.83269 1
0.837009 1
1.78224 1
0.109621 1
1.64619 1
0.504381 1
0.437201 1
0.328386 1
1.41285 1
0.0900991 1
1.46003 1
1.94842 1
0.1745 1
0.38257 1
0.951443 1
4.25278 1
1.99517 1
0.416207 1
0.8949 1
2.12185 1
2.02977 1
0.383284 1
3.04887 1
1.01719 1
0.845012 1
1.72911 1
0.789105 1
0.177279 1
3.15648 1
0.876517 1
0.853066 1
1.25652 1
0.301665 1
3.55227 1
0.163183 1
0.822865 1
0.133578 1
1.08357 1
0.296336 1
0.486459 1
0.716499 1
0.0745409 1
1.77325 1
0.309942 1
0.189194 1
2.95912 1
2.56784 1
2.63965 1
1.74598 1
1.37677 1
1.5833 1
3.3634 1
0.880868 1
1.82422 1
1.38208 1
0.185188 1
0.856835 1
0.770933 1
0.995464 1
0.953763 1
2.05204 1
0.403356 1
4.23086 1
0.507372 1
1.6964 1
1.6353 1
0.916184 1
3.16364 1
1.27373 1
1.49649 1
1.36898 1
0.407327 1
1.03378 1
0.391193 1
0.456997 1
1.10252 1
1.22066 1
0.35853 1
1.06929 1
0.800357 1
1.57763 1
0.0566533 1
0.748298 1
0.81936 1
1.35472 1
1.74744 1
0.722928 1
1.2674 1
4.77458 1
1.38872 1
0.194684 1
0.207938 1
52.8721 1
0.0237855 1
0.175125 1
0.526499 1
2.16054 1
1.25044 1
0.0727763 1
1.24225 1
1.93858 1
2.40354 1
1.16027 1
0.301389 1
4.33086 1
1.1824 1
0.233313 1
1.33487 1
0.880825 1
0.618486 1
0.309878 1
7.50717 1
0.201134 1
2.14509 1
2.72345 1
0.900327 1
0.475294 1
0.310531 1
1.73444 1
0.175955 1
0.41294 1
0.172683 1
2.36237 1
2.28451 1
5.35994 1
0.854551 1
0.0748387 1
1.82576 1
2.19247 1
0.623437 1
1.97783 1
0.244736 1
0.923116 1
1.85405 1
1.91049 1
0.105232 1
0.368045 1
0.254993 1
0.171934 1
0.759474 1
6.51371 1
0.148561 1
0.850693 1
0.254451 1
0.190381 1
2.94651 1
1.62447 1
2.40537 1
3.03146 1
0.791638 1
0.931136 1
0.842245 1
0.696305 1
0.333286 1
7.49575 1
0.238848 1
1.79459 1
8.91658 1
1.05271 1
0.230427 1
0.107401 1
0.0508563 1
2.23806 1
0.424231 1
0.140486 1
0.709099 1
4.79777 1
1.84438 1
1.60655 1
5.10122 1
0.377715 1
0.683806 1
0.857978 1
0.474813 1
1.56856 1
1.01973 1
1.67226 1
2.50639 1
0.303096 1
0.211873 1
2.20073 1
2.79889 1
3.6986 1
0.148417 1
0.418409 1
0.373856 1
2.05743 1
0.120904 1
0.60316 1
1.13137 1
1.38065 1
0.172834 1
0.77622 1
2.43103 1
0.179039 1
0.297456 1
0.464027 1
1.0666 1
1.44223 1
0.136982 1
0.465519 1
1.22316 1
0.950864 1
1.26236 1
0.841161 1
20.4941 1
0.0202525 1
1.25016 1
0.714739 1
1.4309 1
0.208466 1
0.384217 1
0.13993 1
0.0812302 1
1.60722 1
1.42588 0
0.370622 0
0.644663 0
0.784609 0
0.311407 0
0.259908 0
0.0622349 0
0 0
0.976466 0
0.0818517 0
0.215189 0
0.563564 0
0.50413 0
0.125245 0
0.238037 0
0.242073 0
0.0682852 0
0.221 0
1.96279 0
0.349195 0
0.498249 0
1.49914 0
1.55832 0
0.172726 0
2.21945 0
0.400071 0
0.292491 0
0.319755 0
0.0919836 0
0.164461 0
0.210391 0
0.899771 0
0.373654 0
0.582017 0
0.574904 0
0.95365 0
0.83234 0
0.251312 0
0.543095 0
0.211757 0
0.349618 0
0.203657 0
1.37255 0
0.0800417 0
0.496903 0
3.74844 0
0.277019 0
1.86201 0
0.169531 0
5.49 0
0.494753 0
0.303685 0
0.510524 0
0.175053 0
0.261613 0
0.598926 0
2.05313 0
2.76536 0
0.198795 0
0.210298 0
0.623925 0
0.741128 0
1.81223 0
2.88222 0
0.295525 0
1.08536 0
0.893383 0
1.22862 0
0.103373 0
1.51403 0
0.17873 0
0.806555 0
0.280574 0
0.270294 0
0.607944 0
0.187916 0
0.241395 0
0.583039 0
1.53676 0
0.217667 0
1.66434 0
1.78469 0
0.111801 0
0.160099 0
0.345466 0
1.42432 0
2.19588 0
1.55243 0
0.890156 0
0.124184 0
1.4626 0
0.157118 0
0.0726561 0
2.98574 0
0.8902 0
0.322213 0
0.116942 0
1.35921 0
0.817719 0
0.289322 0
1.11832 0
0.893265 0
1.32905 0
0.0426191 0
1.34694 0
0.210475 0
1.40599 0
1.56591 0
0.686833 0
3.63257 0
0.162438 0
0.126665 0
2.37258 0
0.234033 0
0.425019 0
0.230112 0
0.683585 0
0.166187 0
0.754538 0
3.44126 0
0.313446 0
1.70274 0
0.663036 0
0.119612 0
2.38082 0
3.21174 0
0.796239 0
0.609821 0
0.0873805 0
0.666918 0
0.114532 0
0.297921 0
0.794204 0
2.73873 0
0.91381 0
0.0731987 0
16.2166 0
0.195172 0
0.066751 0
0.518419 0
1.81958 0
0.278157 0
0.0967408 0
17.717 0
0.229162 0
0.824888 0
0.126865 0
0.649254 0
0.51477 0
0.506149 0
0.160982 0
0.974495 0
1.60711 0
0.323918 0
29.3364 0
1.73936 0
0.29591 0
1.02109 0
0.591549 0
0.260783 0
1.01152 0
1.2908 0
0.957691 0
0.25585 0
0.404971 0
0.616978 0
2.92436 0
0.196122 0
0.141757 0
0.248044 0
0.429504 0
0.33053 0
0.343916 0
0.768573 0
0.770039 0
0.238287 0
1.51897 0
0.295169 0
0.174664 0
1.07015 0
0.36729 0
0.23777 0
0.972458 0
0.989313 0
3.73077 0
0.220861 0
0.234576 0
3.22232 0
1.47954 0
0.277588 0
0.737275 0
0.123724 0
0.976236 0
0.316988 0
0.625238 0
0.186902 0
0.151276 0
0.261725 0
0.0432876 0
1.02806 0
0.432381 0
0.869774 0
0.995949 0
0.180985 0
0.326761 0
1.00437 0
0.100314 0
0.517536 0
0.29553 0
0.389627 0
0.192507 0
2.30294 0
0.15224 0
1.28659 0
0.130378 0
2.36909 0
1.31262 0
0.151417 0
0.100851 0
0.499625 0
0.635464 0
0.533664 0
0.222517 0
0.362197 0
0.124488 0
0.206706 0
0.248566 0
0.317234 0
0.0935911 0
0.498104 0
17.0307 0
0.339869 0
1.31418 0
0.169926 0
3.90718 0
0.197645 0
0.302404 0
0.0853902 0
1.44945 0
0.755353 0
2.27291 0
0.746485 0
0.394813 0
0.394999 0
0.529227 0
0.207339 0
0.56234 0
0.0514143 0
0.369001 0
0.304976 0
0.433559 0
0.335432 0
1.99613 0
0.179781 0
2.9634 0
0.841819 0
0.0617726 0
0.350773 0
0.174982 0
0.936631 0
0.290813 0
0.0276552 0
0.483642 0
0.309454 0
0.188219 0
0.161175 0
1.04247 0
0.0968666 0
1.07602 0
0.0858333 0
0.757999 0
0.081313 0
2.40164 0
0.808996 0
0.436466 0
0.147006 0
0.148011 0
0.21328 0
0.938159 0
0.820996 0
1.02018 0
0.937531 0
0.697377 0
0.312617 0
0.333811 0
0.15768 0
0.969814 0
0.734397 0
1.17178 0
1.12533 0
0.538217 0
0.0676924 0
0.064463 0
0.828167 0
0.967012 0
0.458288 0
0.540923 0
0.260237 0
2.84843 0
3.01455 0
0.0324484 0
0.771816 0
1.00913 0
0.535018 0
0.739238 0
0.180624 0
0.228475 0
0.275127 0
0.179782 0
0.08454 0
0.0563111 0
0.486066 0
0.401192 0
1.47507 0
0.77645 0
0.170645 0
0.546143 0
0.482188 0
2.21251 0
0.45423 0
0.0980127 0
0.244138 0
0.144164 0
0.22208 0
0.211878 0
0.605236 0
2.32851 0
0.608513 0
0.104305 0
0.200915 0
0.0108114 0
0.123799 0
0.310117 0
0.137692 0
0.516085 0
0.265778 0
0.809939 0
0.227883 0
0.30047 0
0.159348 0
1.07915 0
0.474431 0
0.650003 0
0.126985 0
0.0851303 0
0.189674 0
0.935265 0
0.786982 0
0.476925 0
0.148343 0
0.791348 0
0.351521 0
0.350523 0
1.45482 0
0.170016 0
0.74272 0
1.27163 0
0.287965 0
0.386337 0
0.808553 0
1.59199 0
1.21049 0
0.708704 0
0.215987 0
0.997748 0
0.747148 0
0.169887 0
1.01761 0
0.741221 0
0.166634 0
0.191028 0
0.749695 0
0.457281 0
0.293722 0
0.214571 0
0.641141 0
0.185445 0
0.410296 0
0.211604 0
0.429957 0
2.22074 0
0.294296 0
2.17641 0
0.255121 0
0.588226 0
0.184059 0
0.339047 0
0.373954 0
1.38357 0
0.0697687 0
0.104684 0
0.751827 0
0.328406 0
0.769433 0
1.72515 0
0.411996 0
0.376378 0
3.26559 0
0.729146 0
0.277121 0
0.283918 0
0.0739698 0
0.586929 0
0.132957 0
0.0141789 0
3.24065 0
1.06929 0
0.271316 0
0.196432 0
1.17236 0
3.85165 0
0.325105 0
0.116388 0
0.345733 0
0.261804 0
0.0713722 0
1.04591 0
0.296333 0
0.147678 0
0.364168 0
0.441405 0
3.08426 0
0.63819 0
0.318015 0
0.0487387 0
0.377264 0
1.73047 0
0.681611 0
0.172591 0
0.132786 0
0.126269 0
0.429152 0
0.898773 0
1.04932 0
0.234379 0
0.0970265 0
0.241219 0
0.143896 0
0.189381 0
0.274046 0
1.35231 0
0.434919 0
0.182146 0
0.141803 0
0.386393 0
1.26961 0
0.426762 0
1.02703 0
0.164791 0
0.157918 0
0.779408 0
3.01789 0
0.697984 0
1.15732 0
1.07994 0
0.6387 0
0.550818 0
0.74622 0
0.192652 0
0.1285 0
0.432523 0
1.39093 0
2.60009 0
1.5101 0
0.197288 0
0.280887 0
1.0381 0
1.07288 0
0.0945381 0
0.418962 0
0.380705 0
0.0999203 0
0.831557 0
0.326662 0
1.71444 0
0.795169 0
0.427411 0
0.238253 0
1.13028 0
0.058875 0
0.648144 0
1.98643 0
1.1837 0
0.178462 0
0.277307 0
0.506515 0
0.331726 0
0.142472 0
2.69819 0
2.62826 0
0.42516 0
0.686103 0
1.37274 0
0.17454 0
0.614531 0
0.107145 0
0.705127 0
0.448243 0
0.683086 0
1.14995 0
1.87645 0
0.767533 0
0.847445 0
0.675291 0
0.946804 0
0.118886 0
0.830592 0
0.451288 0
0.0434347 0
6.8009 0
0.854965 0
0.456686 0
1.25639 0
0.349335 0
0.085142 0
0.135557 0
1.19595 0
0.256902 0
0.0798761 0
0.697431 0
4.67965 0
0.0890237 0
0.465007 0
1.62452 0
0.0636952 0
0.322021 0
0.171266 0
2.43637 0
0.75023 0
0.293933 0
1.02074 0
0.501394 0
0.122942 0
0.128686 0
0.155461 0
0.159612 0
0.414125 0
0.0881125 0
0.206835 0
0.283837 0
0.324914 0
0.616153 0
0.310484 0
0.239813 0
0.198501 0
0.885743 0
1.85694 0
1.68095 0
0.866556 0
1.06537 0
1.2511 0
0.647486 0
0.230254 0
0.47341 0
0.79634 0
0.104151 0
0.190256 0
0.143838 0
0.0746256 0
1.32191 0
1.63027 0
0.255764 0
0.369096 0
0.83793 0
0.143642 0
0.101607 0
0.244837 0
0.0976396 0
2.84339 0
0.622399 0
0.160004 0
0.623754 0
0.13412 0
1.46644 0
0.236483 0
0.10536 0
1.10829 0
4.82428 0
0.138551 0
0.185724 0
0.37772 0
0.297768 0
0.141708 0
0.361048 0
0.626887 0
0.117987 0
0.449978 0
1.24334 0
0.0647715 0
1.68696 0
0.603088 0
1.57092 0
0.166905 0
2.06124 0
0.181586 0
1.72692 0
0.137737 0
1.31352 0
0.395847 0
0.836544 0
0.23724 0
0.0785929 0
0.234201 0
0.467092 0
0.411665 0
1.12177 0
0.238346 0
0.354169 0
1.42075 0
2.01093 0
1.16234 0
1.35783 0
0.286263 0
1.46989 0
0.0992781 0
2.85354 0
0.146665 0
1.48315 0
0.329329 0
0.153108 0
2.46435 0
0.852331 0
0.190085 0
0.503959 0
0.132059 0
0.0981722 0
0.212825 0
0.458739 0
0.715676 0
0.255978 0
0.735837 0
0.26024 0
0.141307 0
1.0976 0
2.54232 0
0.170104 0
0.694735 0
0.173893 0
0.262722 0
0.399786 0
0.390933 0
0.308522 0
1.16064 0
0.678756 0
0.482013 0
0.838765 0
0.335285 0
0.44286 0
1.25526 0
0.140645 0
0.271764 0
0.105898 0
1.01456 0
1.02857 0
0.600801 0
0.989964 0
0.383518 0
0.364442 0
1.37064 0
1.7307 0
1.09278 0
0.00279218 0
0.533794 0
0.10465 0
0.149907 0
0.702331 0
0.369714 0
0.185981 0
0.41488 0
0.72716 0
0.26215 0
0.231038 0
0.376434 0
0.49784 0
0.564675 0
0.292884 0
0.574999 0
1.43135 0
1.39009 0
0.12038 0
0.48454 0
3.3156 0
3.40975 0
0.364285 0
4.38098 0
0.194191 0
0.0588114 0
1.35963 0
0.683573 0
0.763894 0
0.953744 0
2.58078 0
1.9529 0
0.321799 0
0.081991 0
0.45484 0
0.774587 0
2.00236 0
1.54415 0
1.6275 0
0.40273 0
0.532441 0
1.27182 0
0.153279 0
0.230202 0
0.953957 0
2.31218 0
0.218879 0
0.180503 0
0.293865 0
0.127558 0
2.92574 0
0.169417 0
0.316114 0
0.0928796 0
0.272491 0
1.43837 0
1.26896 0
0.54374 0
0.41754 0
0.259605 0
0.168299 0
0.0643048 0
0.299084 0
0.0906589 0
0.128519 0
0.157987 0
0.313502 0
0.0995777 0
0.270898 0
0.109062 0
0.493685 0
1.01856 0
0.701299 0
0.851799 0
0.0720482 0
0.585393 0
0.55816 0
1.86108 0
0.106328 0
0.439045 0
0.640627 0
0.280711 0
1.01336 0
0.19032 0
2.19987 0
0.212476 0
0.43008 0
1.97205 0
1.21684 0
0.187057 0
0.496126 0
2.1104 0
0.229066 0
0.322665 0
0.402816 0
0.0741762 0
0.112674 0
0.140425 0
0.138058 0
0.108742 0
0.928228 0
0.27063 0
0.0937509 0
1.35817 0
0.229398 0
2.44132 0
0.385165 0
0.265608 0
0.911159 0
0.709442 0
0.0598916 0
0.593588 0
0.177902 0
0.983 0
0.195715 0
0.415815 0
1.25937 0
0.653039 0
0.393951 0
0.2532 0
1.49595 0
1.1578 0
0.506191 0
1.23754 0
0.220023 0
0.837188 0
1.04927 0
0.135123 0
0.60092 0
0.137952 0
0.934582 0
0.291329 0
0.687528 0
1.61264 0
2.55332 0
1.3915 0
0.198628 0
0.776445 0
1.63443 0
0.104992 0
0.810932 0
0.278464 0
0.226672 0
0.843757 0
0.525204 0
1.01595 0
0.137311 0
0.597093 0
0.621769 0
1.11159 0
1.17903 0
0.0838956 0
0.262697 0
0.298346 0
0.0916451 0
0.332113 0
0.636334 0
3.30664 0
0.712269 0
0.324926 0
0.274778 0
0.0736885 0
0.43372 0
0.157193 0
1.32538 0
0.565611 0
0.566267 0
0.863952 0
1.90826 0
2.01272 0
0.201124 0
3.06156 0
2.61099 0
0.100278 0
0.251797 0
1.68269 0
0.180303 0
0.234362 0
0.354805 0
0.435363 0
0.383006 0
0.294403 0
3.45208 0
0.286284 0
0.434759 0
0.57975 0
0.959632 0
0.408945 0
0.0794395 0
1.32486 0
0.713957 0
0.208241 0
1.76666 0
0.840719 0
1.29455 0
0.754756 0
0.08592 0
0.247769 0
1.43111 0
0.284917 0
0.69694 0
0.457961 0
0.965391 0
0.201629 0
0.19826 0
2.47938 0
1.14176 0
0.150106 0
3.0343 0
0.137439 0
0.335689 0
0.152543 0
0.049174 0
0.155401 0
0.118549 0
0.277464 0
0.574727 0
1.92971 0
0.627085 0
0.376319 0
0.378544 0
0.138345 0
0.145138 0
0.172692 0
0.809377 0
2.04485 0
1.04443 0
0.6484 0
1.14376 0
0.765849 0
0.404207 0
1.01808 0
1.00354 0
0.0655253 0
0.846657 0
1.94798 0
0.572846 0
1.31091 0
2.37449 0
0.488794 0
0.0532938 0
0.608916 0
1.48213 0
0.547983 0
0.291898 0
0.473802 0
2.0217 0
0.24145 0
0.184665 0
2.92857 0
1.91708 0
0.485779 0
0.20899 0
0.831183 0
0.173743 0
0.474737 0
0.2157 0
1.0619 0
1.75802 0
1.07005 0
1.40437 0
0.17141 0
1.89498 0
0.526928 0
1.09732 0
0.187147 0
4.01877 0
0.107467 0
1.18619 0
0.283104 0
1.60902 0
1.09085 0
0.175731 0
0.0565207 0
3.88323 0
2.08421 0
1.02827 0
0.148476 0
0.878849 0
2.4935 0
0.269147 0
0.373124 0
0.395722 0
1.52459 0
0.0951107 0
0.151211 0
0.443063 0
0.358437 0
0.632607 0
0.394479 0
0.140692 0
0.93099 0
1.24807 0
0.130965 0
0.312629 0
0.224946 0
0.253154 0
0.207031 0
0.0680837 0
1.45812 0
0.435796 0
0.619409 0
0.128194 0
1.31519 0
0.217776 0
0.509476 0
0.827801 0
1.01688 0
0.369638 0
0.137021 0
0.399129 0
1.4825 0
1.31143 0
0.120978 0
0.277326 0
0.529511 0
3.88581 0
0.29725 0
0.190353 0
0.273321 0
0.245104 0
0.418127 0
0.441608 0
0.225733 0
0.228544 0
1.40293 0
0.175418 0
1.69766 0
1.31548 0
0.588642 0
0.1328 0
2.63903 0
0.826955 0
0.146003 0
0.580347 0
0.42997 0
0.464082 0
0.611828 0
29.5831 0
1.20753 0
0.300357 0
4.7787 0
0.335287 0
1.93665 0
1.26432 0
0.471587 0
0.180387 0
0.98301 0
1.00725 0
0.883304 0
0.470778 0
0.0887944 0
0.0997786 0
1.52178 0
1.35096 0
0.144035 0
0.322933 0
0.297401 0
3.00014 0
0.299665 0
0.0434809 0
0.14818 0
0.362988 0
0.0608415 0
0.348677 0
0.189558 0
0.673979 0
0.265006 0
0.0925071 0
0.0197085 0
0.099476 0
0.674605 0
0.221914 0
3.07749 0
0.211494 0
2.60661 0
0.461538 0
1.29943 0
0.201936 0
0.818997 0
0.833915 0
0.744023 0
0.501007 0
1.22239 0
1.00771 0
0.242387 0
0.683191 0
0.135157 0
0.233771 0
0.819271 0
1.53015 0
0.79368 0
0.1303 0
0.107425 0
0.271518 0
0.176077 0
0.703757 0
1.34644 0
0.228431 0
0.244767 0
1.50848 0
0.197164 0
1.86467 0
0.706118 0
0.0509325 0
0.0605444 0
1.67599 0
0.79888 0
1.56205 0
0.919796 0
0.324225 0
0.592298 0
4.0004 0
0.179268 0
1.51025 0
0.232228 0
0.137804 0
0.199434 0
0.0940267 0
0.282873 0
1.69079 0
0.982486 0
0.109786 0
0.116463 0
3.85141 0
0.363157 0
1.29879 0
1.30994 0
1.32794 0
0.162974 0
0.458329 0
1.25177 0
1.68346 0
0.171083 0
1.11291 0
0.195455 0
1.12864 0
0.237841 0
0.282833 0
0.791839 0
0.856146 0
0.245703 0
1.58569 0
0.574905 0
0.795552 0
1.07016 0
3.18182 1
1.88533 1
1.33782 1
0.417181 1
0.153915 1
2.38096 1
0.794312 1
1.54052 1
0.396167 1
0.429453 1
0.194918 1
0.238675 1
0.270942 1
1.77207 1
0.404094 1
0.593782 1
2.9634 1
0.430037 1
1.06419 1
3.37739 1
2.4918 1
1.8381 1
2.29419 1
1.85104 1
2.37187 1
1.96949 1
2.42983 1
0.514848 1
1.74765 1
1.19531 1
0.448413 1
0.154538 1
4.32912 1
0.467974 1
0.40647 1
0.323077 1
0.745477 1
0.163105 1
0.201991 1
0.88127 1
0.452666 1
0.761181 1
2.35587 1
2.86933 1
0.202923 1
0.78307 1
0.832971 1
3.79271 1
1.17008 1
8.21512 1
0.309057 1
2.05468 1
0.635775 1
0.22735 1
0.245061 1
0.973346 1
1.35726 1
0.0208117 1
0.234066 1
1.77305 1
1.30627 1
0.115976 1
1.75988 1
0.837112 1
0.855327 1
0.207465 1
1.41804 1
1.17338 1
2.13349 1
1.09238 1
2.24032 1
2.81597 1
0.961369 1
3.34595 1
0.684897 1
1.5992 1
0.299348 1
0.247997 1
1.96586 1
0.6564 1
0.289965 1
4.02949 1
0.165246 1
0.328603 1
1.19147 1
0.15368 1
1.47145 1
2.08651 1
2.09269 1
0.5391 1
1.74755 1
0.782457 1
0.563553 1
0.636712 1
1.28163 1
0.383851 1
3.32156 1
6.39362 1
1.85464 1
1.17375 1
0.175045 1
0.910593 1
0.261215 1
0.292047 1
0.150176 1
0.966667 1
0.749409 1
0.585428 1
1.99189 1
0.871867 1
0.299748 1
0.244716 1
2.75878 1
0.908296 1
0.254463 1
0.189115 1
0.419723 1
0.180662 1
1.59458 1
0.478682 1
0.455211 1
0.800031 1
0.255756 1
0.701571 1
0.0913593 1
3.87992 1
2.66423 1
1.30552 1
0.399971 1
2.21803 1
2.0609 1
0.218971 1
0.540431 1
1.02612 1
0.297769 1
0.822459 1
1.28401 1
0.767535 1
0.583015 1
0.452872 1
0.144431 1
1.16766 1
1.41698 1
0.17334 1
0.3736 1
1.42717 1
0.499708 1
1.17796 1
2.18936 1
0.875133 1
1.77327 1
0.229813 1
1.24758 1
3.45993 1
0.22208 1
0.362983 1
1.89304 1
2.57015 1
1.10198 1
0.0719134 1
0.135119 1
0.469383 1
0.249128 1
0.228027 1
0.186557 1
6.50355 1
0.767419 1
0.394511 1
0.349433 1
1.88394 1
0.430908 1
0.510575 1
0.537308 1
2.01129 1
2.16918 1
0.191158 1
1.06551 1
1.04464 1
0.145483 1
0.0673244 1
0.891204 1
0.818003 1
0.405673 1
0.859111 1
0.263935 1
0.351148 1
0.372231 1
1.66518 1
0.142322 1
0.565592 1
1.19873 1
2.15721 1
0.550084 1
0.205999 1
0.439372 1
3.58497 1
0.461161 1
2.01161 1
1.32951 1
2.57794 1
0.947987 1
1.32403 1
0.685352 1
1.74506 1
0.176142 1
1.35302 1
1.64115 1
1.99823 1
1.27816 1
0.112916 1
0.738091 1
4.958 1
1.03044 1
3.47206 1
3.86403 1
1.10479 1
1.49893 1
2.38497 1
3.46783 1
3.69401 1
1.00034 1
0.459122 1
0.36245 1
0.488641 1
0.0582609 1
1.11345 1
2.98879 1
0.222082 1
0.570065 1
0.695014 1
2.31817 1
3.52474 1
1.64848 1
1.11041 1
7.28311 1
0.693503 1
0.413726 1
0.728394 1
0.860292 1
0.357471 1
1.94254 1
2.47507 1
1.89106 1
0.245116 1
0.454796 1
2.48855 1
0.658712 1
1.99134 1
2.26517 1
0.517961 1
1.75649 1
0.562514 1
0.196318 1
0.722275 1
0.577273 1
1.62799 1
1.22757 1
0.589795 1
0.292762 1
1.12925 1
0.293979 1
0.932603 1
1.74527 1
0.880106 1
0.242354 1
3.57873 1
0.956706 1
0.517352 1
0.0751443 1
0.299842 1
0.557198 1
1.68277 1
0.573642 1
0.0845265 1
6.26377 1
1.1939 1
0.607956 1
1.14262 1
0.180677 1
0.150103 1
1.86821 1
0.115765 1
1.76484 1
0.23319 1
0.143547 1
2.52532 1
5.855 1
0.732386 1
0.817016 1
1.06199 1
0.584034 1
0.193775 1
1.42942 1
1.07942 1
0.882243 1
0.391904 1
0.95994 1
0.481226 1
2.04396 1
1.26445 1
1.31968 1
0.215589 1
1.23093 1
0.124194 1
2.27483 1
1.201 1
1.20851 1
0.253359 1
6.04755 1
1.0116 1
0.583213 1
0.878145 1
0.457578 1
0.448508 1
0.134017 1
0.105823 1
1.91459 1
0.160974 1
1.6539 1
0.22207 1
0.350655 1
4.39601 1
0.977659 1
4.68956 1
0.58363 1
1.00524 1
1.65066 1
0.743657 1
0.510828 1
0.228644 1
1.12949 1
0.347849 1
6.29458 1
1.23213 1
4.21072 1
1.16804 1
1.19516 1
0.578347 1
3.0869 1
0.580685 1
1.1621 1
1.75436 1
1.77197 1
1.36021 1
0.244454 1
0.909333 1
2.61786 1
3.08369 1
0.368346 1
0.374399 1
1.12703 1
1.06656 1
0.750098 1
0.444871 1
0.164705 1
0.890609 1
0.593076 1
1.82902 1
3.65641 1
0.349148 1
1.64833 1
1.99819 1
0.220476 1
0.362236 1
0.357014 1
1.62631 1
0.376315 1
6.89077 1
2.05863 1
3.04539 1
0.177222 1
0.426151 1
1.41739 1
1.56015 1
1.79548 1
0.927743 1
0.191802 1
2.53343 1
2.09551 1
0.278786 1
1.09397 1
3.01208 1
0.862765 1
4.16306 1
0.72712 1
2.40088 1
0.976539 1
0.222958 1
1.04287 1
0.884132 1
0.710973 1
0.443955 1
2.47833 1
0.911254 1
2.06516 1
2.65065 1
0.0510311 1
0.166304 1
0.604634 1
1.82111 1
0.329818 1
2.68867 1
0.345329 1
1.07074 1
3.3909 1
1.93959 1
0.194603 1
0.247778 1
0.74665 1
2.05741 1
1.55783 1
0.0960936 1
1.56798 1
0.784624 1
0.110227 1
0.247254 1
0.123688 1
0.128644 1
0.291014 1
1.29849 1
1.01367 1
0.643909 1
2.17229 1
0.337324 1
0.0726074 1
28.2886 1
4.79352 1
0.205409 1
6.09312 1
1.548 1
0.940273 1
2.27968 1
0.259261 1
0.363107 1
0.103051 1
1.32776 1
0.319398 1
2.08706 1
7.05468 1
1.68316 1
0.876153 1
0.437621 1
1.0354 1
3.06082 1
0.0802381 1
0.453774 1
1.36456 1
0.152625 1
0.81357 1
0.120366 1
4.20579 1
1.20339 1
0.224796 1
1.37377 1
0.117323 1
1.31 1
0.502212 1
0.225728 1
0.770989 1
0.173823 1
1.24559 1
2.01549 1
10.8089 1
1.35048 1
0.376561 1
2.39592 1
1.52597 1
3.2523 1
0.1932 1
4.88904 1
1.09287 1
0.691177 1
3.25724 1
2.73377 1
0.391101 1
0.225856 1
0.219709 1
1.36793 1
0.733895 1
0.151929 1
1.35667 1
2.54061 1
0.395375 1
0.698222 1
2.82421 1
0.987767 1
0.140588 1
1.40726 1
0.623926 1
0.100678 1
0.936471 1
0.826666 1
0.488376 1
0.109342 1
1.47584 1
2.18603 1
2.82215 1
0.485538 1
0.884787 1
2.17957 1
2.00902 1
6.2499 1
1.18821 1
0.105461 1
0.451079 1
0.336633 1
0.458678 1
1.18588 1
1.47557 1
2.30427 1
5.15955 1
0.343382 1
0.382108 1
0.0800433 1
0.818533 1
0.717629 1
0.430627 1
0.914455 1
0.190318 1
1.40215 1
0.533228 1
4.3807 1
28.1015 1
0.681416 1
0.722811 1
0.287784 1
0.214613 1
0.319974 1
1.37428 1
2.8017 1
17.4405 1
1.6978 1
0.626002 1
0.212089 1
0.950431 1
1.46624 1
0.296209 1
0.367727 1
1.09396 1
1.16121 1
0.606227 1
0.662125 1
0.0333266 1
0.109035 1
1.56219 1
5.01927 1
1.20235 1
0.372574 1
0.522044 1
2.28882 1
0.113156 1
0.784058 1
0.627128 1
3.03815 1
0.643088 1
1.44067 1
0.0899401 1
4.4084 1
0.35308 1
0.378804 1
0.817793 1
0.820492 1
1.32412 1
0.459378 1
0.187132 1
2.81211 1
0.534693 1
2.02838 1
2.22868 1
5.27034 1
0.891232 1
0.860499 1
0.48213 1
0.0185059 1
0.176303 1
0.406555 1
0.869419 1
0.715322 1
1.27951 1
1.33029 1
0.953655 1
3.31819 1
0.349345 1
1.25134 1
0.139187 1
2.74737 1
3.04814 1
0.886512 1
1.44255 1
0.346743 1
20.24 1
0.846419 1
0.890159 1
2.78267 1
2.177 1
0.411831 1
0.343204 1
0.815801 1
0.546289 1
3.63106 1
2.21451 1
2.29816 1
4.6054 1
0.102398 1
2.65355 1
0.640207 1
4.59329 1
5.52767 1
2.46401 1
2.21318 1
0.852371 1
1.09996 1
0.780462 1
1.49033 1
0.0669825 1
0.187187 1
1.89448 1
3.80043 1
0.117869 1
1.40197 1
0.0661929 1
0.603149 1
0.802552 1
1.05879 1
0.176564 1
0.324911 1
0.052758 1
2.202 1
0.857858 1
0.45613 1
3.5027 1
1.15562 1
0.988783 1
2.38479 1
2.05393 1
2.46162 1
2.41557 1
4.02867 1
1.86567 1
0.486016 1
0.0352766 1
2.74269 1
0.520089 1
3.62965 1
0.212839 1
0.105648 1
1.28606 1
0.217829 1
0.454532 1
0.159199 1
1.59397 1
0.876865 1
0.528747 1
1.66826 1
0.839935 1
0.164864 1
1.07411 1
0.170716 1
1.65354 1
0.592862 1
1.38148 1
1.79872 1
1.75683 1
0.111377 1
0.795874 1
0.141942 1
3.44543 1
1.98776 1
0.093306 1
1.49782 1
0.269344 1
0.489236 1
0.185211 1
0.690833 1
1.17229 1
7.06919 1
2.20646 1
1.41355 1
2.21193 1
0.121374 1
2.78262 1
1.725 1
1.66339 1
1.51988 1
5.80893 1
2.07399 1
0.568638 1
1.19559 1
0.160718 1
3.77116 1
14.0316 1
1.03827 1
0.319738 1
1.9466 1
1.78362 1
1.366 1
0.954177 1
1.06762 1
8.11483 1
1.73143 1
1.0487 1
2.12461 1
3.81618 1
0.687404 1
0.306899 1
0.383572 1
0.28933 1
2.12947 1
0.267357 1
0.235656 1
3.81991 1
1.10994 1
0.64801 1
6.66608 1
0.674356 1
2.04454 1
0.455903 1
1.29147 1
0.218585 1
1.19734 1
0.230751 1
0.278242 1
2.43305 1
0.242549 1
0.0818436 1
1.21948 1
0.774544 1
0.439751 1
0.268895 1
0.963063 1
0.230868 1
0.86599 1
0.393598 1
8.38059 1
0.477113 1
1.37622 1
1.89966 1
0.18511 1
1.34202 1
0.287421 1
0.559816 1
1.01226 1
0.0690037 1
0.505186 1
1.20574 1
1.83927 1
0.568262 1
2.13429 1
1.19207 1
0.572671 1
0.297965 1
1.11957 1
1.38706 1
0.339718 1
0.214275 1
0.865497 1
7.38402 1
3.5976 1
1.22991 1
0.340815 1
0.4743 1
1.99801 1
0.261781 1
2.29074 1
1.78792 1
1.92078 1
1.69672 1
0.153579 1
0.396193 1
1.64275 1
3.81436 1
3.36141 1
0.186333 1
2.88458 1
0.232077 1
1.85182 1
0.258508 1
0.164829 1
1.12065 1
1.52697 1
0.881577 1
0.933629 1
0.156486 1
1.43388 1
0.682972 1
2.2043 1
0.501949 1
6.33446 1
0.546844 1
0.512908 1
0.429533 1
1.71865 1
1.19614 1
0.196628 1
0.20594 1
1.57337 1
1.67664 1
0.281623 1
0.511662 1
0.410771 1
4.63292 1
0.979413 1
2.67052 1
2.35554 1
0.626503 1
0.119863 1
0.115838 1
2.74955 1
0.166937 1
0.0817413 1
0.260529 1
0.185898 1
0.294178 1
1.06485 1
0.740495 1
1.24084 1
4.09057 1
0.0922041 1
0.723509 1
3.71617 1
0.586754 1
4.09473 1
0.342157 1
1.5165 1
0.298706 1
0.242716 1
0.794309 1
0.098279 1
3.26194 1
3.35003 1
3.13612 1
0.38 1
0.3541 1
0.287635 1
1.98905 1
4.59421 1
0.96824 1
1.33869 1
0.295503 1
1.46495 1
0.84334 1
1.08244 1
3.07141 1
4.96789 1
0.324145 1
10.5439 1
3.57126 1
0.319077 1
0.980029 1
0.550676 1
1.9483 1
0.380287 1
5.5172 1
0.48386 1
0.30764 1
0.440982 1
1.17488 1
0.135893 1
1.33759 1
0.791346 1
2.58363 1
0.529369 1
2.55431 1
0.155706 1
1.38641 1
0.966316 1
1.07128 1
1.36769 1
0.0744547 1
1.62417 1
1.57037 1
2.81808 1
3.20995 1
0.976178 1
1.99761 1
0.336673 1
1.0312 1
2.5662 1
0.103993 1
1.14364 1
0.837033 1
3.79002 1
0.918362 1
0.125609 1
0.614355 1
0.819228 1
0.0852966 1
0.799448 1
0.644153 1
0.425715 1
5.34389 1
2.5718 1
0.195244 1
1.1714 1
0.973739 1
6.28363 1
0.642276 1
0.685243 1
0.0597795 1
0.209594 1
1.40193 1
3.84741 1
1.92872 1
0.223642 1
1.98202 1
4.65878 1
2.15194 1
0.516614 1
0.281162 1
1.57203 1
1.35629 1
0.28712 1
1.6694 1
1.66507 1
1.3683 1
1.46476 1
0.231092 1
0.997516 1
2.11042 1
5.2711 1
0.0646474 1
1.7366 1
0.929746 1
3.03944 1
0.515085 1
2.08026 1
1.03681 1
1.84049 1
0.167461 1
0.979733 1
0.81503 1
0.785382 1
6.86312 1
0.593836 1
0.708462 1
1.12618 1
0.777783 1
4.06013 1
1.85339 1
0.977009 1
0.384951 1
0.57809 1
0.575532 1
0.561624 1
0.165444 1
3.37472 1
0.48278 1
0.68785 1
2.85898 1
1.27421 1
0.423241 1
2.28624 1
0.476841 1
1.11914 1
1.90271 1
0.169474 1
0.62517 1
0.223309 1
2.06687 1
1.45469 1
0.212945 1
1.02391 1
0.168791 1
0.279081 1
1.27928 1
0.161555 1
0.998226 1
0.128354 1
2.24954 1
1.78672 1
0.295633 1
2.06202 1
0.0897834 1
0.398904 1
0.446803 1
1.70891 1
29.6786 1
1.03189 1
1.70974 1
0.540857 1
2.81939 1
0.318442 1
0.0911136 1
0.388876 1
0.61435 1
1.74492 1
0.521158 1
0.434482 1
0.934031 1
0.538653 1
2.89584 1
0.801898 1
1.43845 1
2.71511 1
2.07285 1
1.03816 1
1.9965 1
2.08719 1
0.694681 1
0.334961 1
0.55696 1
0.677701 1
0.141491 1
1.66781 1
3.92439 1
0.625851 1
0.139243 1
0.758643 1
0.344986 1
0.21416 1
0.362126 1
0.448493 1
0.186692 1
89.9535 1
0.8827 1
0.434255 1
0.86026 1
0.106708 1
1.59271 1
0.646012 1
0.0441915 1
5.71915 1
0.310404 1
7.89679 1
0.849326 1
3.69491 1
1.03738 1
0.543123 1
1.38937 1
1.03514 1
7.94051 1
0.868557 1
0.552708 1
0.871139 1
3.13858 1
2.84704 1
0.131779 1
0.900935 1
0.524599 1
0.411328 1
0.29956 1
0.596586 1
1.53457 1
2.19784 1
0.644107 1
1.74944 1
2.34953 1
0.191404 1
2.93516 1
0.501687 1
2.32732 1
1.80795 1
0.18299 1
0.234129 1
0.173968 1
0.413689 1
0.512928 1
0.756013 1
0.47631 1
1.65497 1
0.378006 1
0.204439 1
1.37439 1
0.594109 1
1.28519 1
2.19494 1
0.398797 1
1.474 1
0.404525 1
6.54948 1
1.80896 1
2.60034 1
0.109272 1
0 1
0.626807 1
0.0757371 1
0.928472 1
1.9744 1
0.903606 1
1.92224 1
1.06588 1
1.2627 1
0.0580874 1
0.745738 1
1.99174 1
0.531774 1
1.24593 1
2.41379 1
0.270758 1
1.05542 1
1.70231 1
0.466282 1
0.755576 1
2.32566 1
3.80156 1
1.63038 1
0.265448 1
0.124252 1
0.282625 0
0.421796 0
1.06752 0
0.119552 0
0.551538 0
0.797379 0
2.09276 0
0.322744 0
0.181163 0
0.565183 0
0.188377 0
1.10082 0
1.53655 0
0.220278 0
0.1271 0
0.43603 0
0.224551 0
0.396463 0
0.745096 0
2.16935 0
0.867025 0
0.166151 0
0.1705 0
0.0787555 0
0.0824176 0
0.261593 0
0.268107 0
0.203809 0
0.149539 0
0.81457 0
0.259465 0
1.32167 0
0.177974 0
0.213402 0
0.787028 0
0.285229 0
1.0908 0
0.816958 0
0.238127 0
1.36094 0
0.883906 0
0.0849986 0
2.14487 0
0.936049 0
0.086375 0
0.450567 0
0.584352 0
0.347694 0
1.43432 0
0.789366 0
0.104749 0
0.0247552 0
0.463798 0
0.178895 0
0.666577 0
0.399749 0
0.312851 0
0.448925 0
1.0266 0
0.147362 0
0.289288 0
1.15665 0
0.678216 0
2.1429 0
1.23353 0
0.186914 0
0.374816 0
0.953401 0
0.366181 0
0.370259 0
1.56122 0
0.734638 0
1.381 0
0.576336 0
1.05069 0
0.343949 0
1.0306 0
1.25789 0
0.172654 0
0.459667 0
2.62731 0
2.39075 0
2.74805 0
0 0
0.480853 0
1.89294 0
3.88581 0
0.104547 0
0.211299 0
1.78512 0
0.196129 0
0.438722 0
0.16576 0
0.901851 0
3.06775 0
1.17893 0
0.14909 0
1.83659 0
0.785988 0
0.493093 0
1.15311 0
0.177875 0
0.754741 0
10.6753 0
1.1535 0
0.180172 0
1.17594 0
1.89548 0
0.607361 0
0.246569 0
0.224216 0
0.724876 0
1.57518 0
0.152886 0
2.69682 0
0.285431 0
0.395108 0
0.394333 0
0.226196 0
1.92955 0
0.203357 0
0.540526 0
0.122548 0
0.222937 0
0.32788 0
3.94631 0
1.61213 0
0.0954592 0
0.145196 0
0.485756 0
0.11819 0
0.0707718 0
0.601608 0
0.117544 0
0.837961 0
0.250755 0
0.345041 0
0.0817827 0
1.39292 0
0.454644 0
0.294862 0
0.165376 0
0.91627 0
0.658227 0
0.761269 0
0.334422 0
0.255642 0
0.120689 0
0.847311 0
0.0809222 0
0.0728682 0
0.148715 0
1.52858 0
0.106507 0
0.498249 0
1.81925 0
1.51366 0
0.227225 0
1.00052 0
0.484489 0
0.196858 0
1.53103 0
0.460968 0
2.11374 0
0.868791 0
0.493146 0
0.48679 0
0.175221 0
3.13646 0
0.13568 0
0.0995719 0
0.911856 0
0.255908 0
0.145 0
0.389906 0
0.165431 0
0.514345 0
0.399696 0
0.287916 0
1.10264 0
0.188139 0
0.0893839 0
0.104397 0
0.419341 0
0.0985874 0
0.126522 0
0.426412 0
0.257349 0
0.575045 0
0.434787 0
0.663988 0
0.0954271 0
0.21366 0
0.095855 0
0.839092 0
1.07598 0
0.601292 0
0.839512 0
0.139052 0
0.683535 0
0.12598 0
0.268037 0
0.21662 0
1.07907 0
0.910612 0
0.222582 0
3.24516 0
0.458896 0
0.371453 0
0.183159 0
1.40732 0
0.281949 0
0.133114 0
0.763515 0
0.670174 0
3.79195 0
0.0730718 0
0.92481 0
0.165741 0
32.2859 0
0.355308 0
0.301816 0
0.172904 0
0.336503 0
1.39858 0
0.873417 0
1.03422 0
3.5303 0
0.278831 0
0.848206 0
0.327193 0
2.2866 0
0.293745 0
0.281579 0
0.416743 0
2.46331 0
0.138529 0
0.572817 0
0.432955 0
0.181022 0
0.0799007 0
0.576746 0
0.176417 0
0.245421 0
2.37184 0
0.230386 0
0.63375 0
1.96414 0
0.432416 0
0.287603 0
1.10479 0
0.551918 0
0.763157 0
0.223522 0
0.285157 0
1.46842 0
0.259492 0
2.25397 0
0.194044 0
0.707193 0
4.25029 0
1.109 0
0.408054 0
0.521822 0
0.19054 0
2.19121 0
0.144812 0
1.99665 0
0.203248 0
0.225767 0
0.842659 0
1.07036 0
0.149968 0
0.635628 0
0.310262 0
0.187677 0
0.111792 0
0.090668 0
0.439084 0
0.186935 0
0.18817 0
0.341787 0
1.18766 0
1.2921 0
1.91563 0
1.12999 0
0.1362 0
4.02433 0
0.163553 0
2.66237 0
0.475492 0
0.25033 0
0.912715 0
0.639604 0
0.350856 0
0.286031 0
0.258559 0
2.1526 0
1.38423 0
0.399715 0
0.115365 0
1.18358 0
2.26259 0
0.366874 0
0.247427 0
0.358085 0
2.47895 0
0.286268 0
0.379123 0
0.79313 0
0.273112 0
0.528455 0
0.70601 0
1.57175 0
0.222249 0
2.18698 0
0.982263 0
0.326645 0
0.308198 0
1.71422 0
0.418373 0
0.14316 0
0.762718 0
3.40767 0
1.45881 0
0.0919973 0
0.461399 0
0.642163 0
1.70947 0
0.240334 0
0.690986 0
0.834541 0
2.13348 0
0.218277 0
0.297867 0
0.928164 0
0.642006 0
0.433562 0
0.586587 0
0.315778 0
0.0170345 0
0.0917619 0
0.617243 0
2.27313 0
0.117924 0
0.131816 0
1.95406 0
0.107698 0
0.167186 0
2.75232 0
1.09719 0
3.1348 0
0.318482 0
0.07978 0
0.259671 0
0.133798 0
2.80598 0
0.472717 0
0.0614081 0
0.643054 0
0.24879 0
0.341811 0
0.167802 0
0.92357 0
2.34188 0
0.0857813 0
1.39534 0
2.14214 0
0.820993 0
0.129513 0
0.740477 0
0.146871 0
0.0992006 0
0.107737 0
0.502153 0
1.43516 0
1.19325 0
2.78717 0
0.723258 0
0.0904933 0
0.530348 0
0.739794 0
1.51371 0
0.967413 0
0.383488 0
0.645375 0
0.59863 0
1.17751 0
1.38857 0
2.21449 0
0.290172 0
0.222448 0
0.505242 0
0.323487 0
0.166628 0
0.302939 0
0.177038 0
0.114966 0
0.347586 0
0.667571 0
0.127503 0
0.154361 0
0.406769 0
0.387286 0
0.145788 0
1.76335 0
0.52419 0
0.0654974 0
2.01541 0
0.496521 0
1.58388 0
1.46405 0
0.352219 0
0.165748 0
0.506385 0
0.972622 0
0.507363 0
0.656474 0
0.638632 0
0.323073 0
0.760635 0
0.352278 0
0.420227 0
0.57272 0
0.0895549 0
0.157202 0
0.651631 0
0.926788 0
0.108387 0
0.0914394 0
1.72566 0
0.27012 0
0.764314 0
0.56528 0
1.35634 0
1.04394 0
0.617006 0
0.031383 0
0.407912 0
0.0668171 0
0.230976 0
0.37374 0
0.145897 0
0.256743 0
0.154005 0
0.168578 0
0.164631 0
0.304622 0
0.587185 0
1.24657 0
0.938611 0
1.84194 0
1.91745 0
7.29083 0
1.40753 0
4.00036 0
0.943395 0
0.496398 0
0.492242 0
0.432482 0
0.523091 0
0.401181 0
0.158064 0
0.20152 0
4.11612 0
3.19752 0
0.44749 0
0.854494 0
0.0368352 0
0.559145 0
0.985611 0
1.20886 0
0.951411 0
0.69027 0
0.39275 0
0.846968 0
0.139582 0
0.197301 0
1.75248 0
1.45671 0
0.494959 0
0.436912 0
0.093565 0
0.207527 0
0.389252 0
0.103832 0
0.0996589 0
0.163681 0
0.602729 0
0.155593 0
0.492805 0
0.0376181 0
0.187622 0
0.753706 0
1.09814 0
0.965875 0
1.19585 0
0.171543 0
0.1097 0
2.085 0
3.06218 0
0.488371 0
0.203463 0
0.846753 0
0.059428 0
0.475153 0
1.06136 0
0.128559 0
0.815736 0
1.4591 0
2.77572 0
3.81955 0
0.249104 0
0.2555 0
1.28025 0
0.104607 0
0.0693503 0
0.202164 0
0.490197 0
1.09165 0
0.0907655 0
0.0576564 0
3.1109 0
0.289728 0
2.6062 0
0.489069 0
0.103757 0
0.619154 0
0.104584 0
0.281218 0
0.804827 0
0.470182 0
1.2982 0
2.62063 0
0.588802 0
0.498678 0
1.1916 0
2.29152 0
0.542492 0
0.488388 0
1.16918 0
0.220861 0
1.42083 0
0.343685 0
3.63536 0
1.71947 0
0.300793 0
1.50845 0
0.36652 0
1.5308 0
3.00114 0
0.184591 0
0.350107 0
0.806465 0
1.7315 0
0.73198 0
0.332141 0
0.0171109 0
0.455604 0
2.64415 0
0.151532 0
0.648957 0
0.169322 0
0.148859 0
0.124366 0
1.6279 0
0.130167 0
0.156179 0
0.506277 0
2.57573 0
0.90391 0
1.16868 0
1.07025 0
1.54895 0
0.720214 0
0.178979 0
0.195157 0
0.878201 0
0.141061 0
0.981043 0
0.430716 0
0.140391 0
0.371892 0
1.67872 0
1.34314 0
2.9231 0
0.132662 0
1.93524 0
0.383617 0
1.39898 0
1.18943 0
0.271697 0
5.37245 0
0.136087 0
0.121649 0
0.750371 0
0.261537 0
0.197471 0
0.159769 0
1.65599 0
0.159776 0
3.98149 0
0.979244 0
0.606546 0
1.11519 0
1.28934 0
0.166745 0
0.492599 0
0.170851 0
0.606767 0
1.22962 0
0.210362 0
3.28005 0
0.0594105 0
0.582214 0
0.728016 0
1.21871 0
0.24938 0
0.169056 0
0.498642 0
2.00214 0
1.38307 0
0.949543 0
0.737114 0
0.485602 0
7.2843 0
0.130563 0
0.190029 0
0.469694 0
0.216619 0
0.682522 0
0.0510183 0
0.218453 0
2.09685 0
0.502433 0
0.116214 0
0.244705 0
1.73283 0
0.0548679 0
0.693564 0
0.379496 0
0.0120046 0
0.561934 0
0.313621 0
0.643121 0
0.283333 0
0.337723 0
0.320599 0
0.257428 0
0.138036 0
0.731885 0
1.03061 0
0.632601 0
0.189516 0
0.0730876 0
0.253764 0
0.766027 0
0.196509 0
0.520659 0
5.96078 0
0.178763 0
2.89394 0
0.00812894 0
1.72521 0
0.192394 0
0.195557 0
0.0976431 0
0.469773 0
0.130018 0
0.118273 0
0.0965109 0
0.478049 0
0.0778162 0
1.93632 0
0.237583 0
0.876985 0
3.09075 0
0.0673308 0
0.122062 0
0.149283 0
1.16307 0
0.670308 0
1.76895 0
0.317167 0
0.285625 0
0.507525 0
0.24279 0
2.28814 0
2.05594 0
0.390168 0
0.572603 0
0.869278 0
7.82421 0
0.373468 0
0.0490544 0
0.622925 0
1.28736 0
6.34099 0
0.240147 0
1.04421 0
0.149127 0
0.0888619 0
0.801935 0
0.0889964 0
0.399794 0
0.0897469 0
0.781476 0
0.45467 0
0.995932 0
0.203723 0
0.172675 0
1.22929 0
0.112721 0
0.189233 0
1.06492 0
0.66844 0
0.0752845 0
0.159175 0
0.39679 0
0.136577 0
0.415697 0
0.411267 0
0.256599 0
0.931623 0
0.46549 0
0.0525782 0
0.874042 0
0.539501 0
0.899871 0
0.152238 0
0.351055 0
0.0254984 0
2.15168 0
3.11548 0
0.840789 0
3.22661 0
1.24393 0
0.353708 0
0.222407 0
0.147212 0
1.41123 0
1.53298 0
0.230781 0
3.25241 0
0.226586 0
2.00406 0
0.0268502 0
0.672386 0
0.0764588 0
0.326974 0
0.299025 0
4.00225 0
0.481197 0
1.00687 0
1.16635 0
0.225869 0
0.151334 0
0.107079 0
0.709705 0
0.302135 0
0.843613 0
1.93555 0
0.286656 0
0.32214 0
0.846406 0
1.11173 0
0.141569 0
0.131521 0
0.627409 0
3.28425 0
0.207286 0
0.825107 0
0.613018 0
0.729576 0
0.46242 0
0.164821 0
2.36771 0
0.960173 0
0.163266 0
0.0708873 0
1.51987 0
0.164124 0
0.234249 0
0.184453 0
0.324193 0
0.213345 0
1.21071 0
0.360742 0
0.162116 0
1.25824 0
1.24851 0
0.282433 0
5.456 0
0.498784 0
1.73777 0
1.26155 0
2.0055 0
0.0498367 0
1.02078 0
0.0785142 0
1.74713 0
0.13848 0
0.0834187 0
0.531472 0
1.9537 0
0.235596 0
0.417064 0
0.225804 0
0.173884 0
0.175476 0
0.136911 0
0.209863 0
0.767933 0
0.326638 0
0.108191 0
1.51334 0
0.767967 0
0.0170661 0
0.77659 0
0.477281 0
0.753825 0
0.161232 0
2.0919 0
0.726478 0
0.31329 0
1.08405 0
0.379796 0
0.74595 0
0.236312 0
0.215923 0
0.157078 0
3.13148 0
0.336131 0
1.04282 0
1.24071 0
0.157623 0
0.21412 0
0.0962385 0
0.399054 0
0.189971 0
0.301741 0
0.489366 0
0.197136 0
0.225515 0
0.488944 0
0.264162 0
0.507328 0
1.51976 0
8.96716 0
0.479436 0
1.30892 0
0.452233 0
2.38826 0
1.14747 0
0.950336 0
0.245153 0
0.966567 0
1.02839 0
1.4092 0
0.164175 0
1.24615 0
0.211547 0
0.186193 0
0.201471 0
3.2281 0
0.486333 0
1.0564 0
0.461169 0
0.184353 0
1.7806 0
0.142365 0
1.1114 0
2.79626 0
0.687959 0
1.28955 0
1.40252 0
0.216222 0
1.06168 0
0.781189 0
0.95181 0
0.93501 0
0.2548 0
5.08429 0
0.0891027 0
1.78475 0
0.139468 0
0.299327 0
0.355101 0
0.362894 0
0.38081 0
0.427867 0
0.260726 0
0.240261 0
0.190891 0
0.25077 0
1.65655 0
4.00475 0
0.0639635 0
0.0858086 0
0.337444 0
0.976969 0
0.145373 0
3.24663 0
0.685454 0
0.72563 0
0.202261 0
0.1125 0
0.505227 0
0.512299 0
0.109062 0
0.536915 0
0.207104 0
0.129521 0
0.474822 0
1.47132 0
0.218368 0
0.265069 0
2.82468 0
0.26195 0
0.512801 0
3.90219 0
0.257769 0
5.40599 0
41.0843 0
17.2945 0
0.172514 0
0.407829 0
0.128298 0
0.995474 0
2.80072 0
0.0291321 0
0.636659 0
0.162105 0
0.0880999 0
0.20508 0
0.156824 0
0.666198 0
3.04195 0
0.580267 0
0.200543 0
0.760962 0
0.172235 0
0.692268 0
1.28982 0
1.14005 0
0.0473448 0
0.0652292 0
0.171241 0
1.85961 0
1.10931 0
0.966104 0
0.291468 0
0.16239 0
0.10177 0
1.91996 0
0.983926 0
0.519127 0
1.16922 0
0.329965 0
0.679206 0
0.868366 0
2.71998 0
0.294976 0
1.18472 0
0.0618491 0
1.63244 0
0.125582 0
0.2532 0
0.0520545 0
2.8131 0
0.0921703 0
1.37413 0
1.013 0
0.408818 0
0.0773492 0
0.266612 0
0.353822 0
0.697822 0
0.121471 0
1.08991 0
0.149857 0
0.350068 0
3.96979 0
2.14176 0
0.636182 0
0.733533 0
0.216328 0
0.188866 0
0.524104 0
0.0883571 0
0.15485 0
0.576325 0
0.407828 0
0.126275 0
1.20072 0
0.395691 0
1.43398 0
2.62571 0
1.20923 0
0.579055 0
1.29875 0
0.314924 0
2.49509 0
2.89352 0
0.264109 0
1.47268 0
2.3461 0
1.33658 0
0.376035 0
5.01228 0
0.372171 0
0.238186 0
0.0641012 0
0.356892 0
0.196093 0
1.38667 0
0.850644 0
2.35313 0
0.882324 0
0.16757 0
1.22634 0
1.52827 0
0.355561 0
0.305534 0
0.770686 0
1.47234 0
0.606067 0
0.206528 0
1.45141 0
3.81734 0
0.171326 0
0.563689 0
0.687783 0
0.0657152 0
1.34164 0
0.28657 0
1.26812 0
0.291887 0
1.92408 0
0.519897 0
1.29651 0
0.37828 0
2.75235 0
1.97741 0
0.178443 0
2.76557 0
0.129289 0
2.5556 0
0.360595 0
1.2782 0
0.15713 0
0.26798 0
0.153494 0
0.167037 0
0.402433 0
0.226018 0
0.85208 0
0.558247 0
1.84001 0
0.146364 0
1.66113 0
0.262564 0
0.602932 0
0.500992 0
0.166698 0
0.27945 0
0.175068 0
0.920367 0
0.872646 0
0.693543 0
0.415159 0
0.698117 0
0.225286 0
0.622811 0
1.94208 0
0.351755 0
0.340547 0
0.651151 0
2.81445 0
0.286533 0
0.177759 0
0.204635 0
1.94992 0
1.60462 0
1.02677 0
0.570163 0
3.6673 0
2.12179 0
0.225005 0
1.63779 0
0.0749803 0
0.530712 0
0.133145 0
0.32315 0
0.604246 0
0.148405 0
0.330016 0
3.18182 1
1.88533 1
1.33782 1
0.417181 1
0.153915 1
2.38096 1
0.794312 1
1.54052 1
0.396167 1
0.429453 1
0.194918 1
0.238675 1
0.270942 1
1.77207 1
0.404094 1
0.593782 1
2.9634 1
0.430037 1
1.06419 1
3.37739 1
2.4918 1
1.8381 1
2.29419 1
1.85104 1
2.37187 1
1.96949 1
2.42983 1
0.514848 1
1.74765 1
1.19531 1
0.448413 1
0.154538 1
4.32912 1
0.467974 1
0.40647 1
0.323077 1
0.745477 1
0.163105 1
0.201991 1
0.88127 1
0.452666 1
0.761181 1
2.35587 1
2.86933 1
0.202923 1
0.78307 1
0.832971 1
3.79271 1
1.17008 1
8.21512 1
0.309057 1
2.05468 1
0.635775 1
0.22735 1
0.245061 1
0.973346 1
1.35726 1
0.0208117 1
0.234066 1
1.77305 1
1.30627 1
0.115976 1
1.75988 1
0.837112 1
0.855327 1
0.207465 1
1.41804 1
1.17338 1
2.13349 1
1.09238 1
2.24032 1
2.81597 1
0.961369 1
3.34595 1
0.684897 1
1.5992 1
0.299348 1
0.247997 1
1.96586 1
0.6564 1
0.289965 1
4.02949 1
0.165246 1
0.328603 1
1.19147 1
0.15368 1
1.47145 1
2.08651 1
2.09269 1
0.5391 1
1.74755 1
0.782457 1
0.563553 1
0.636712 1
1.28163 1
0.383851 1
3.32156 1
6.39362 1
1.85464 1
1.17375 1
0.175045 1
0.910593 1
0.261215 1
0.292047 1
0.150176 1
0.966667 1
0.749409 1
0.585428 1
1.99189 1
0.871867 1
0.299748 1
0.244716 1
2.75878 1
0.908296 1
0.254463 1
0.189115 1
0.419723 1
0.180662 1
1.59458 1
0.478682 1
0.455211 1
0.800031 1
0.255756 1
0.701571 1
0.0913593 1
3.87992 1
2.66423 1
1.30552 1
0.399971 1
2.21803 1
2.0609 1
0.218971 1
0.540431 1
1.02612 1
0.297769 1
0.822459 1
1.28401 1
0.767535 1
0.583015 1
0.452872 1
0.144431 1
1.16766 1
1.41698 1
0.17334 1
0.3736 1
1.42717 1
0.499708 1
1.17796 1
2.18936 1
0.875133 1
1.77327 1
0.229813 1
1.24758 1
3.45993 1
0.22208 1
0.362983 1
1.89304 1
2.57015 1
1.10198 1
0.0719134 1
0.135119 1
0.469383 1
0.249128 1
0.228027 1
0.186557 1
6.50355 1
0.767419 1
0.394511 1
0.349433 1
1.88394 1
0.430908 1
0.510575 1
0.537308 1
2.01129 1
2.16918 1
0.191158 1
1.06551 1
1.04464 1
0.145483 1
0.0673244 1
0.891204 1
0.818003 1
0.405673 1
0.859111 1
0.263935 1
0.351148 1
0.372231 1
1.66518 1
0.142322 1
0.565592 1
1.19873 1
2.15721 1
0.550084 1
0.205999 1
0.439372 1
3.58497 1
0.461161 1
2.01161 1
1.32951 1
2.57794 1
0.947987 1
1.32403 1
0.685352 1
1.74506 1
0.176142 1
1.35302 1
1.64115 1
1.99823 1
1.27816 1
0.112916 1
0.738091 1
4.958 1
1.03044 1
3.47206 1
3.86403 1
1.10479 1
1.49893 1
2.38497 1
3.46783 1
3.69401 1
1.00034 1
0.459122 1
0.36245 1
0.488641 1
0.0582609 1
1.11345 1
2.98879 1
0.222082 1
0.570065 1
0.695014 1
2.31817 1
3.52474 1
1.64848 1
1.11041 1
7.28311 1
0.693503 1
0.413726 1
0.728394 1
0.860292 1
0.357471 1
1.94254 1
2.47507 1
1.89106 1
0.245116 1
0.454796 1
2.48855 1
0.658712 1
1.99134 1
2.26517 1
0.517961 1
1.75649 1
0.562514 1
0.196318 1
0.722275 1
0.577273 1
1.62799 1
1.22757 1
0.589795 1
0.292762 1
1.12925 1
0.293979 1
0.932603 1
1.74527 1
0.880106 1
0.242354 1
3.57873 1
0.956706 1
0.517352 1
0.0751443 1
0.299842 1
0.557198 1
1.68277 1
0.573642 1
0.0845265 1
6.26377 1
1.1939 1
0.607956 1
1.14262 1
0.180677 1
0.150103 1
1.86821 1
0.115765 1
1.76484 1
0.23319 1
0.143547 1
2.52532 1
5.855 1
0.732386 1
0.817016 1
1.06199 1
0.584034 1
0.193775 1
1.42942 1
1.07942 1
0.882243 1
0.391904 1
0.95994 1
0.481226 1
2.04396 1
1.26445 1
1.31968 1
0.215589 1
1.23093 1
0.124194 1
2.27483 1
1.201 1
1.20851 1
0.253359 1
6.04755 1
1.0116 1
0.583213 1
0.878145 1
0.457578 1
0.448508 1
0.134017 1
0.105823 1
1.91459 1
0.160974 1
1.6539 1
0.22207 1
0.350655 1
4.39601 1
0.977659 1
4.68956 1
0.58363 1
1.00524 1
1.65066 1
0.743657 1
0.510828 1
0.228644 1
1.12949 1
0.347849 1
6.29458 1
1.23213 1
4.21072 1
1.16804 1
1.19516 1
0.578347 1
3.0869 1
0.580685 1
1.1621 1
1.75436 1
1.77197 1
1.36021 1
0.244454 1
0.909333 1
2.61786 1
3.08369 1
0.368346 1
0.374399 1
1.12703 1
1.06656 1
0.750098 1
0.444871 1
0.164705 1
0.890609 1
0.593076 1
1.82902 1
3.65641 1
0.349148 1
1.64833 1
1.99819 1
0.220476 1
0.362236 1
0.357014 1
1.62631 1
0.376315 1
6.89077 1
2.05863 1
3.04539 1
0.177222 1
0.426151 1
1.41739 1
1.56015 1
1.79548 1
0.927743 1
0.191802 1
2.53343 1
2.09551 1
0.278786 1
1.09397 1
3.01208 1
0.862765 1
4.16306 1
0.72712 1
2.40088 1
0.976539 1
0.222958 1
1.04287 1
0.884132 1
0.710973 1
0.443955 1
2.47833 1
0.911254 1
2.06516 1
2.65065 1
0.0510311 1
0.166304 1
0.604634 1
1.82111 1
0.329818 1
2.68867 1
0.345329 1
1.07074 1
3.3909 1
1.93959 1
0.194603 1
0.247778 1
0.74665 1
2.05741 1
1.55783 1
0.0960936 1
1.56798 1
0.784624 1
0.110227 1
0.247254 1
0.123688 1
0.128644 1
0.291014 1
1.29849 1
1.01367 1
0.643909 1
2.17229 1
0.337324 1
0.0726074 1
28.2886 1
4.79352 1
0.205409 1
6.09312 1
1.548 1
0.940273 1
2.27968 1
0.259261 1
0.363107 1
0.103051 1
1.32776 1
0.319398 1
2.08706 1
7.05468 1
1.68316 1
0.876153 1
0.437621 1
1.0354 1
3.06082 1
0.0802381 1
0.453774 1
1.36456 1
0.152625 1
0.81357 1
0.120366 1
4.20579 1
1.20339 1
0.224796 1
1.37377 1
0.117323 1
1.31 1
0.502212 1
0.225728 1
0.770989 1
0.173823 1
1.24559 1
2.01549 1
10.8089 1
1.35048 1
0.376561 1
2.39592 1
1.52597 1
3.2523 1
0.1932 1
4.88904 1
1.09287 1
0.691177 1
3.25724 1
2.73377 1
0.391101 1
0.225856 1
0.219709 1
1.36793 1
0.733895 1
0.151929 1
1.35667 1
2.54061 1
0.395375 1
0.698222 1
2.82421 1
0.987767 1
0.140588 1
1.40726 1
0.623926 1
0.100678 1
0.936471 1
0.826666 1
0.488376 1
0.109342 1
1.47584 1
2.18603 1
2.82215 1
0.485538 1
0.884787 1
2.17957 1
2.00902 1
6.2499 1
1.18821 1
0.105461 1
0.451079 1
0.336633 1
0.458678 1
1.18588 1
1.47557 1
2.30427 1
5.15955 1
0.343382 1
0.382108 1
0.0800433 1
0.818533 1
0.717629 1
0.430627 1
0.914455 1
0.190318 1
1.40215 1
0.533228 1
4.3807 1
28.1015 1
0.681416 1
0.722811 1
0.287784 1
0.214613 1
0.319974 1
1.37428 1
2.8017 1
17.4405 1
1.6978 1
0.626002 1
0.212089 1
0.950431 1
1.46624 1
0.296209 1
0.367727 1
1.09396 1
1.16121 1
0.606227 1
0.662125 1
0.0333266 1
0.109035 1
1.56219 1
5.01927 1
1.20235 1
0.372574 1
0.522044 1
2.28882 1
0.113156 1
0.784058 1
0.627128 1
3.03815 1
0.643088 1
1.44067 1
0.0899401 1
4.4084 1
0.35308 1
0.378804 1
0.817793 1
0.820492 1
1.32412 1
0.459378 1
0.187132 1
2.81211 1
0.534693 1
2.02838 1
2.22868 1
5.27034 1
0.891232 1
0.860499 1
0.48213 1
0.0185059 1
0.176303 1
0.406555 1
0.869419 1
0.715322 1
1.27951 1
1.33029 1
0.953655 1
3.31819 1
0.349345 1
1.25134 1
0.139187 1
2.74737 1
3.04814 1
0.886512 1
1.44255 1
0.346743 1
20.24 1
0.846419 1
0.890159 1
2.78267 1
2.177 1
0.411831 1
0.343204 1
0.815801 1
0.546289 1
3.63106 1
2.21451 1
2.29816 1
4.6054 1
0.102398 1
2.65355 1
0.640207 1
4.59329 1
5.52767 1
2.46401 1
2.21318 1
0.852371 1
1.09996 1
0.780462 1
1.49033 1
0.0669825 1
0.187187 1
1.89448 1
3.80043 1
0.117869 1
1.40197 1
0.0661929 1
0.603149 1
0.802552 1
1.05879 1
0.176564 1
0.324911 1
0.052758 1
2.202 1
0.857858 1
0.45613 1
3.5027 1
1.15562 1
0.988783 1
2.38479 1
2.05393 1
2.46162 1
2.41557 1
4.02867 1
1.86567 1
0.486016 1
0.0352766 1
2.74269 1
0.520089 1
3.62965 1
0.212839 1
0.105648 1
1.28606 1
0.217829 1
0.454532 1
0.159199 1
1.59397 1
0.876865 1
0.528747 1
1.66826 1
0.839935 1
0.164864 1
1.07411 1
0.170716 1
1.65354 1
0.592862 1
1.38148 1
1.79872 1
1.75683 1
0.111377 1
0.795874 1
0.141942 1
3.44543 1
1.98776 1
0.093306 1
1.49782 1
0.269344 1
0.489236 1
0.185211 1
0.690833 1
1.17229 1
7.06919 1
2.20646 1
1.41355 1
2.21193 1
0.121374 1
2.78262 1
1.725 1
1.66339 1
1.51988 1
5.80893 1
2.07399 1
0.568638 1
1.19559 1
0.160718 1
3.77116 1
14.0316 1
1.03827 1
0.319738 1
1.9466 1
1.78362 1
1.366 1
0.954177 1
1.06762 1
8.11483 1
1.73143 1
1.0487 1
2.12461 1
3.81618 1
0.687404 1
0.306899 1
0.383572 1
0.28933 1
2.12947 1
0.267357 1
0.235656 1
3.81991 1
1.10994 1
0.64801 1
6.66608 1
0.674356 1
2.04454 1
0.455903 1
1.29147 1
0.218585 1
1.19734 1
0.230751 1
0.278242 1
2.43305 1
0.242549 1
0.0818436 1
1.21948 1
0.774544 1
0.439751 1
0.268895 1
0.963063 1
0.230868 1
0.86599 1
0.393598 1
8.38059 1
0.477113 1
1.37622 1
1.89966 1
0.18511 1
1.34202 1
0.287421 1
0.559816 1
1.01226 1
0.0690037 1
0.505186 1
1.20574 1
1.83927 1
0.568262 1
2.13429 1
1.19207 1
0.572671 1
0.297965 1
1.11957 1
1.38706 1
0.339718 1
0.214275 1
0.865497 1
7.38402 1
3.5976 1
1.22991 1
0.340815 1
0.4743 1
1.99801 1
0.261781 1
2.29074 1
1.78792 1
1.92078 1
1.69672 1
0.153579 1
0.396193 1
1.64275 1
3.81436 1
3.36141 1
0.186333 1
2.88458 1
0.232077 1
1.85182 1
0.258508 1
0.164829 1
1.12065 1
1.52697 1
0.881577 1
0.933629 1
0.156486 1
1.43388 1
0.682972 1
2.2043 1
0.501949 1
6.33446 1
0.546844 1
0.512908 1
0.429533 1
1.71865 1
1.19614 1
0.196628 1
0.20594 1
1.57337 1
1.67664 1
0.281623 1
0.511662 1
0.410771 1
4.63292 1
0.979413 1
2.67052 1
2.35554 1
0.626503 1
0.119863 1
0.115838 1
2.74955 1
0.166937 1
0.0817413 1
0.260529 1
0.185898 1
0.294178 1
1.06485 1
0.740495 1
1.24084 1
4.09057 1
0.0922041 1
0.723509 1
3.71617 1
0.586754 1
4.09473 1
0.342157 1
1.5165 1
0.298706 1
0.242716 1
0.794309 1
0.098279 1
3.26194 1
3.35003 1
3.13612 1
0.38 1
0.3541 1
0.287635 1
1.98905 1
4.59421 1
0.96824 1
1.33869 1
0.295503 1
1.46495 1
0.84334 1
1.08244 1
3.07141 1
4.96789 1
0.324145 1
10.5439 1
3.57126 1
0.319077 1
0.980029 1
0.550676 1
1.9483 1
0.380287 1
5.5172 1
0.48386 1
0.30764 1
0.440982 1
1.17488 1
0.135893 1
1.33759 1
0.791346 1
2.58363 1
0.529369 1
2.55431 1
0.155706 1
1.38641 1
0.966316 1
1.07128 1
1.36769 1
0.0744547 1
1.62417 1
1.57037 1
2.81808 1
3.20995 1
0.976178 1
1.99761 1
0.336673 1
1.0312 1
2.5662 1
0.103993 1
1.14364 1
0.837033 1
3.79002 1
0.918362 1
0.125609 1
0.614355 1
0.819228 1
0.0852966 1
0.799448 1
0.644153 1
0.425715 1
5.34389 1
2.5718 1
0.195244 1
1.1714 1
0.973739 1
6.28363 1
0.642276 1
0.685243 1
0.0597795 1
0.209594 1
1.40193 1
3.84741 1
1.92872 1
0.223642 1
1.98202 1
4.65878 1
2.15194 1
0.516614 1
0.281162 1
1.57203 1
1.35629 1
0.28712 1
1.6694 1
1.66507 1
1.3683 1
1.46476 1
0.231092 1
0.997516 1
2.11042 1
5.2711 1
0.0646474 1
1.7366 1
0.929746 1
3.03944 1
0.515085 1
2.08026 1
1.03681 1
1.84049 1
0.167461 1
0.979733 1
0.81503 1
0.785382 1
6.86312 1
0.593836 1
0.708462 1
1.12618 1
0.777783 1
4.06013 1
1.85339 1
0.977009 1
0.384951 1
0.57809 1
0.575532 1
0.561624 1
0.165444 1
3.37472 1
0.48278 1
0.68785 1
2.85898 1
1.27421 1
0.423241 1
2.28624 1
0.476841 1
1.11914 1
1.90271 1
0.169474 1
0.62517 1
0.223309 1
2.06687 1
1.45469 1
0.212945 1
1.02391 1
0.168791 1
0.279081 1
1.27928 1
0.161555 1
0.998226 1
0.128354 1
2.24954 1
1.78672 1
0.295633 1
2.06202 1
0.0897834 1
0.398904 1
0.446803 1
1.70891 1
29.6786 1
1.03189 1
1.70974 1
0.540857 1
2.81939 1
0.318442 1
0.0911136 1
0.388876 1
0.61435 1
1.74492 1
0.521158 1
0.434482 1
0.934031 1
0.538653 1
2.89584 1
0.801898 1
1.43845 1
2.71511 1
2.07285 1
1.03816 1
1.9965 1
2.08719 1
0.694681 1
0.334961 1
0.55696 1
0.677701 1
0.141491 1
1.66781 1
3.92439 1
0.625851 1
0.139243 1
0.758643 1
0.344986 1
0.21416 1
0.362126 1
0.448493 1
0.186692 1
89.9535 1
0.8827 1
0.434255 1
0.86026 1
0.106708 1
1.59271 1
0.646012 1
0.0441915 1
5.71915 1
0.310404 1
7.89679 1
0.849326 1
3.69491 1
1.03738 1
0.543123 1
1.38937 1
1.03514 1
7.94051 1
0.868557 1
0.552708 1
0.871139 1
3.13858 1
2.84704 1
0.131779 1
0.900935 1
0.524599 1
0.411328 1
0.29956 1
0.596586 1
1.53457 1
2.19784 1
0.644107 1
1.74944 1
2.34953 1
0.191404 1
2.93516 1
0.501687 1
2.32732 1
1.80795 1
0.18299 1
0.234129 1
0.173968 1
0.413689 1
0.512928 1
0.756013 1
0.47631 1
1.65497 1
0.378006 1
0.204439 1
1.37439 1
0.594109 1
1.28519 1
2.19494 1
0.398797 1
1.474 1
0.404525 1
6.54948 1
1.80896 1
2.60034 1
0.109272 1
0 1
0.626807 1
0.0757371 1
0.928472 1
1.9744 1
0.903606 1
1.92224 1
1.06588 1
1.2627 1
0.0580874 1
0.745738 1
1.99174 1
0.531774 1
1.24593 1
2.41379 1
0.270758 1
1.05542 1
1.70231 1
0.466282 1
0.755576 1
2.32566 1
3.80156 1
1.63038 1
0.265448 1
0.124252 1
0.282625 0
0.421796 0
1.06752 0
0.119552 0
0.551538 0
0.797379 0
2.09276 0
0.322744 0
0.181163 0
0.565183 0
0.188377 0
1.10082 0
1.53655 0
0.220278 0
0.1271 0
0.43603 0
0.224551 0
0.396463 0
0.745096 0
2.16935 0
0.867025 0
0.166151 0
0.1705 0
0.0787555 0
0.0824176 0
0.261593 0
0.268107 0
0.203809 0
0.149539 0
0.81457 0
0.259465 0
1.32167 0
0.177974 0
0.213402 0
0.787028 0
0.285229 0
1.0908 0
0.816958 0
0.238127 0
1.36094 0
0.883906 0
0.0849986 0
2.14487 0
0.936049 0
0.086375 0
0.450567 0
0.584352 0
0.347694 0
1.43432 0
0.789366 0
0.104749 0
0.0247552 0
0.463798 0
0.178895 0
0.666577 0
0.399749 0
0.312851 0
0.448925 0
1.0266 0
0.147362 0
0.289288 0
1.15665 0
0.678216 0
2.1429 0
1.23353 0
0.186914 0
0.374816 0
0.953401 0
0.366181 0
0.370259 0
1.56122 0
0.734638 0
1.381 0
0.576336 0
1.05069 0
0.343949 0
1.0306 0
1.25789 0
0.172654 0
0.459667 0
2.62731 0
2.39075 0
2.74805 0
0 0
0.480853 0
1.89294 0
3.88581 0
0.104547 0
0.211299 0
1.78512 0
0.196129 0
0.438722 0
0.16576 0
0.901851 0
3.06775 0
1.17893 0
0.14909 0
1.83659 0
0.785988 0
0.493093 0
1.15311 0
0.177875 0
0.754741 0
10.6753 0
1.1535 0
0.180172 0
1.17594 0
1.89548 0
0.607361 0
0.246569 0
0.224216 0
0.724876 0
1.57518 0
0.152886 0
2.69682 0
0.285431 0
0.395108 0
0.394333 0
0.226196 0
1.92955 0
0.203357 0
0.540526 0
0.122548 0
0.222937 0
0.32788 0
3.94631 0
1.61213 0
0.0954592 0
0.145196 0
0.485756 0
0.11819 0
0.0707718 0
0.601608 0
0.117544 0
0.837961 0
0.250755 0
0.345041 0
0.0817827 0
1.39292 0
0.454644 0
0.294862 0
0.165376 0
0.91627 0
0.658227 0
0.761269 0
0.334422 0
0.255642 0
0.120689 0
0.847311 0
0.0809222 0
0.0728682 0
0.148715 0
1.52858 0
0.106507 0
0.498249 0
1.81925 0
1.51366 0
0.227225 0
1.00052 0
0.484489 0
0.196858 0
1.53103 0
0.460968 0
2.11374 0
0.868791 0
0.493146 0
0.48679 0
0.175221 0
3.13646 0
0.13568 0
0.0995719 0
0.911856 0
0.255908 0
0.145 0
0.389906 0
0.165431 0
0.514345 0
0.399696 0
0.287916 0
1.10264 0
0.188139 0
0.0893839 0
0.104397 0
0.419341 0
0.0985874 0
0.126522 0
0.426412 0
0.257349 0
0.575045 0
0.434787 0
0.663988 0
0.0954271 0
0.21366 0
0.095855 0
0.839092 0
1.07598 0
0.601292 0
0.839512 0
0.139052 0
0.683535 0
0.12598 0
0.268037 0
0.21662 0
1.07907 0
0.910612 0
0.222582 0
3.24516 0
0.458896 0
0.371453 0
0.183159 0
1.40732 0
0.281949 0
0.133114 0
0.763515 0
0.670174 0
3.79195 0
0.0730718 0
0.92481 0
0.165741 0
32.2859 0
0.355308 0
0.301816 0
0.172904 0
0.336503 0
1.39858 0
0.873417 0
1.03422 0
3.5303 0
0.278831 0
0.848206 0
0.327193 0
2.2866 0
0.293745 0
0.281579 0
0.416743 0
2.46331 0
0.138529 0
0.572817 0
0.432955 0
0.181022 0
0.0799007 0
0.576746 0
0.176417 0
0.245421 0
2.37184 0
0.230386 0
0.63375 0
1.96414 0
0.432416 0
0.287603 0
1.10479 0
0.551918 0
0.763157 0
0.223522 0
0.285157 0
1.46842 0
0.259492 0
2.25397 0
0.194044 0
0.707193 0
4.25029 0
1.109 0
0.408054 0
0.521822 0
0.19054 0
2.19121 0
0.144812 0
1.99665 0
0.203248 0
0.225767 0
0.842659 0
1.07036 0
0.149968 0
0.635628 0
0.310262 0
0.187677 0
0.111792 0
0.090668 0
0.439084 0
0.186935 0
0.18817 0
0.341787 0
1.18766 0
1.2921 0
1.91563 0
1.12999 0
0.1362 0
4.02433 0
0.163553 0
2.66237 0
0.475492 0
0.25033 0
0.912715 0
0.639604 0
0.350856 0
0.286031 0
0.258559 0
2.1526 0
1.38423 0
0.399715 0
0.115365 0
1.18358 0
2.26259 0
0.366874 0
0.247427 0
0.358085 0
2.47895 0
0.286268 0
0.379123 0
0.79313 0
0.273112 0
0.528455 0
0.70601 0
1.57175 0
0.222249 0
2.18698 0
0.982263 0
0.326645 0
0.308198 0
1.71422 0
0.418373 0
0.14316 0
0.762718 0
3.40767 0
1.45881 0
0.0919973 0
0.461399 0
0.642163 0
1.70947 0
0.240334 0
0.690986 0
0.834541 0
2.13348 0
0.218277 0
0.297867 0
0.928164 0
0.642006 0
0.433562 0
0.586587 0
0.315778 0
0.0170345 0
0.0917619 0
0.617243 0
2.27313 0
0.117924 0
0.131816 0
1.95406 0
0.107698 0
0.167186 0
2.75232 0
1.09719 0
3.1348 0
0.318482 0
0.07978 0
0.259671 0
0.133798 0
2.80598 0
0.472717 0
0.0614081 0
0.643054 0
0.24879 0
0.341811 0
0.167802 0
0.92357 0
2.34188 0
0.0857813 0
1.39534 0
2.14214 0
0.820993 0
0.129513 0
0.740477 0
0.146871 0
0.0992006 0
0.107737 0
0.502153 0
1.43516 0
1.19325 0
2.78717 0
0.723258 0
0.0904933 0
0.530348 0
0.739794 0
1.51371 0
0.967413 0
0.383488 0
0.645375 0
0.59863 0
1.17751 0
1.38857 0
2.21449 0
0.290172 0
0.222448 0
0.505242 0
0.323487 0
0.166628 0
0.302939 0
0.177038 0
0.114966 0
0.347586 0
0.667571 0
0.127503 0
0.154361 0
0.406769 0
0.387286 0
0.145788 0
1.76335 0
0.52419 0
0.0654974 0
2.01541 0
0.496521 0
1.58388 0
1.46405 0
0.352219 0
0.165748 0
0.506385 0
0.972622 0
0.507363 0
0.656474 0
0.638632 0
0.323073 0
0.760635 0
0.352278 0
0.420227 0
0.57272 0
0.0895549 0
0.157202 0
0.651631 0
0.926788 0
0.108387 0
0.0914394 0
1.72566 0
0.27012 0
0.764314 0
0.56528 0
1.35634 0
1.04394 0
0.617006 0
0.031383 0
0.407912 0
0.0668171 0
0.230976 0
0.37374 0
0.145897 0
0.256743 0
0.154005 0
0.168578 0
0.164631 0
0.304622 0
0.587185 0
1.24657 0
0.938611 0
1.84194 0
1.91745 0
7.29083 0
1.40753 0
4.00036 0
0.943395 0
0.496398 0
0.492242 0
0.432482 0
0.523091 0
0.401181 0
0.158064 0
0.20152 0
4.11612 0
3.19752 0
0.44749 0
0.854494 0
0.0368352 0
0.559145 0
0.985611 0
1.20886 0
0.951411 0
0.69027 0
0.39275 0
0.846968 0
0.139582 0
0.197301 0
1.75248 0
1.45671 0
0.494959 0
0.436912 0
0.093565 0
0.207527 0
0.389252 0
0.103832 0
0.0996589 0
0.163681 0
0.602729 0
0.155593 0
0.492805 0
0.0376181 0
0.187622 0
0.753706 0
1.09814 0
0.965875 0
1.19585 0
0.171543 0
0.1097 0
2.085 0
3.06218 0
0.488371 0
0.203463 0
0.846753 0
0.059428 0
0.475153 0
1.06136 0
0.128559 0
0.815736 0
1.4591 0
2.77572 0
3.81955 0
0.249104 0
0.2555 0
1.28025 0
0.104607 0
0.0693503 0
0.202164 0
0.490197 0
1.09165 0
0.0907655 0
0.0576564 0
3.1109 0
0.289728 0
2.6062 0
0.489069 0
0.103757 0
0.619154 0
0.104584 0
0.281218 0
0.804827 0
0.470182 0
1.2982 0
2.62063 0
0.588802 0
0.498678 0
1.1916 0
2.29152 0
0.542492 0
0.488388 0
1.16918 0
0.220861 0
1.42083 0
0.343685 0
3.63536 0
1.71947 0
0.300793 0
1.50845 0
0.36652 0
1.5308 0
3.00114 0
0.184591 0
0.350107 0
0.806465 0
1.7315 0
0.73198 0
0.332141 0
0.0171109 0
0.455604 0
2.64415 0
0.151532 0
0.648957 0
0.169322 0
0.148859 0
0.124366 0
1.6279 0
0.130167 0
0.156179 0
0.506277 0
2.57573 0
0.90391 0
1.16868 0
1.07025 0
1.54895 0
0.720214 0
0.178979 0
0.195157 0
0.878201 0
0.141061 0
0.981043 0
0.430716 0
0.140391 0
0.371892 0
1.67872 0
1.34314 0
2.9231 0
0.132662 0
1.93524 0
0.383617 0
1.39898 0
1.18943 0
0.271697 0
5.37245 0
0.136087 0
0.121649 0
0.750371 0
0.261537 0
0.197471 0
0.159769 0
1.65599 0
0.159776 0
3.98149 0
0.979244 0
0.606546 0
1.11519 0
1.28934 0
0.166745 0
0.492599 0
0.170851 0
0.606767 0
1.22962 0
0.210362 0
3.28005 0
0.0594105 0
0.582214 0
0.728016 0
1.21871 0
0.24938 0
0.169056 0
0.498642 0
2.00214 0
1.38307 0
0.949543 0
0.737114 0
0.485602 0
7.2843 0
0.130563 0
0.190029 0
0.469694 0
0.216619 0
0.682522 0
0.0510183 0
0.218453 0
2.09685 0
0.502433 0
0.116214 0
0.244705 0
1.73283 0
0.0548679 0
0.693564 0
0.379496 0
0.0120046 0
0.561934 0
0.313621 0
0.643121 0
0.283333 0
0.337723 0
0.320599 0
0.257428 0
0.138036 0
0.731885 0
1.03061 0
0.632601 0
0.189516 0
0.0730876 0
0.253764 0
0.766027 0
0.196509 0
0.520659 0
5.96078 0
0.178763 0
2.89394 0
0.00812894 0
1.72521 0
0.192394 0
0.195557 0
0.0976431 0
0.469773 0
0.130018 0
0.118273 0
0.0965109 0
0.478049 0
0.0778162 0
1.93632 0
0.237583 0
0.876985 0
3.09075 0
0.0673308 0
0.122062 0
0.149283 0
1.16307 0
0.670308 0
1.76895 0
0.317167 0
0.285625 0
0.507525 0
0.24279 0
2.28814 0
2.05594 0
0.390168 0
0.572603 0
0.869278 0
7.82421 0
0.373468 0
0.0490544 0
0.622925 0
1.28736 0
6.34099 0
0.240147 0
1.04421 0
0.149127 0
0.0888619 0
0.801935 0
0.0889964 0
0.399794 0
0.0897469 0
0.781476 0
0.45467 0
0.995932 0
0.203723 0
0.172675 0
1.22929 0
0.112721 0
0.189233 0
1.06492 0
0.66844 0
0.0752845 0
0.159175 0
0.39679 0
0.136577 0
0.415697 0
0.411267 0
0.256599 0
0.931623 0
0.46549 0
0.0525782 0
0.874042 0
0.539501 0
0.899871 0
0.152238 0
0.351055 0
0.0254984 0
2.15168 0
3.11548 0
0.840789 0
3.22661 0
1.24393 0
0.353708 0
0.222407 0
0.147212 0
1.41123 0
1.53298 0
0.230781 0
3.25241 0
0.226586 0
2.00406 0
0.0268502 0
0.672386 0
0.0764588 0
0.326974 0
0.299025 0
4.00225 0
0.481197 0
1.00687 0
1.16635 0
0.225869 0
0.151334 0
0.107079 0
0.709705 0
0.302135 0
0.843613 0
1.93555 0
0.286656 0
0.32214 0
0.846406 0
1.11173 0
0.141569 0
0.131521 0
0.627409 0
3.28425 0
0.207286 0
0.825107 0
0.613018 0
0.729576 0
0.46242 0
0.164821 0
2.36771 0
0.960173 0
0.163266 0
0.0708873 0
1.51987 0
0.164124 0
0.234249 0
0.184453 0
0.324193 0
0.213345 0
1.21071 0
0.360742 0
0.162116 0
1.25824 0
1.24851 0
0.282433 0
5.456 0
0.498784 0
1.73777 0
1.26155 0
2.0055 0
0.0498367 0
1.02078 0
0.0785142 0
1.74713 0
0.13848 0
0.0834187 0
0.531472 0
1.9537 0
0.235596 0
0.417064 0
0.225804 0
0.173884 0
0.175476 0
0.136911 0
0.209863 0
0.767933 0
0.326638 0
0.108191 0
1.51334 0
0.767967 0
0.0170661 0
0.77659 0
0.477281 0
0.753825 0
0.161232 0
2.0919 0
0.726478 0
0.31329 0
1.08405 0
0.379796 0
0.74595 0
0.236312 0
0.215923 0
0.157078 0
3.13148 0
0.336131 0
1.04282 0
1.24071 0
0.157623 0
0.21412 0
0.0962385 0
0.399054 0
0.189971 0
0.301741 0
0.489366 0
0.197136 0
0.225515 0
0.488944 0
0.264162 0
0.507328 0
1.51976 0
8.96716 0
0.479436 0
1.30892 0
0.452233 0
2.38826 0
1.14747 0
0.950336 0
0.245153 0
0.966567 0
1.02839 0
1.4092 0
0.164175 0
1.24615 0
0.211547 0
0.186193 0
0.201471 0
3.2281 0
0.486333 0
1.0564 0
0.461169 0
0.184353 0
1.7806 0
0.142365 0
1.1114 0
2.79626 0
0.687959 0
1.28955 0
1.40252 0
0.216222 0
1.06168 0
0.781189 0
0.95181 0
0.93501 0
0.2548 0
5.08429 0
0.0891027 0
1.78475 0
0.139468 0
0.299327 0
0.355101 0
0.362894 0
0.38081 0
0.427867 0
0.260726 0
0.240261 0
0.190891 0
0.25077 0
1.65655 0
4.00475 0
0.0639635 0
0.0858086 0
0.337444 0
0.976969 0
0.145373 0
3.24663 0
0.685454 0
0.72563 0
0.202261 0
0.1125 0
0.505227 0
0.512299 0
0.109062 0
0.536915 0
0.207104 0
0.129521 0
0.474822 0
1.47132 0
0.218368 0
0.265069 0
2.82468 0
0.26195 0
0.512801 0
3.90219 0
0.257769 0
5.40599 0
41.0843 0
17.2945 0
0.172514 0
0.407829 0
0.128298 0
0.995474 0
2.80072 0
0.0291321 0
0.636659 0
0.162105 0
0.0880999 0
0.20508 0
0.156824 0
0.666198 0
3.04195 0
0.580267 0
0.200543 0
0.760962 0
0.172235 0
0.692268 0
1.28982 0
1.14005 0
0.0473448 0
0.0652292 0
0.171241 0
1.85961 0
1.10931 0
0.966104 0
0.291468 0
0.16239 0
0.10177 0
1.91996 0
0.983926 0
0.519127 0
1.16922 0
0.329965 0
0.679206 0
0.868366 0
2.71998 0
0.294976 0
1.18472 0
0.0618491 0
1.63244 0
0.125582 0
0.2532 0
0.0520545 0
2.8131 0
0.0921703 0
1.37413 0
1.013 0
0.408818 0
0.0773492 0
0.266612 0
0.353822 0
0.697822 0
0.121471 0
1.08991 0
0.149857 0
0.350068 0
3.96979 0
2.14176 0
0.636182 0
0.733533 0
0.216328 0
0.188866 0
0.524104 0
0.0883571 0
0.15485 0
0.576325 0
0.407828 0
0.126275 0
1.20072 0
0.395691 0
1.43398 0
2.62571 0
1.20923 0
0.579055 0
1.29875 0
0.314924 0
2.49509 0
2.89352 0
0.264109 0
1.47268 0
2.3461 0
1.33658 0
0.376035 0
5.01228 0
0.372171 0
0.238186 0
0.0641012 0
0.356892 0
0.196093 0
1.38667 0
0.850644 0
2.35313 0
0.882324 0
0.16757 0
1.22634 0
1.52827 0
0.355561 0
0.305534 0
0.770686 0
1.47234 0
0.606067 0
0.206528 0
1.45141 0
3.81734 0
0.171326 0
0.563689 0
0.687783 0
0.0657152 0
1.34164 0
0.28657 0
1.26812 0
0.291887 0
1.92408 0
0.519897 0
1.29651 0
0.37828 0
2.75235 0
1.97741 0
0.178443 0
2.76557 0
0.129289 0
2.5556 0
0.360595 0
1.2782 0
0.15713 0
0.26798 0
0.153494 0
0.167037 0
0.402433 0
0.226018 0
0.85208 0
0.558247 0
1.84001 0
0.146364 0
1.66113 0
0.262564 0
0.602932 0
0.500992 0
0.166698 0
0.27945 0
0.175068 0
0.920367 0
0.872646 0
0.693543 0
0.415159 0
0.698117 0
0.225286 0
0.622811 0
1.94208 0
0.351755 0
0.340547 0
0.651151 0
2.81445 0
0.286533 0
0.177759 0
0.204635 0
1.94992 0
1.60462 0
1.02677 0
0.570163 0
3.6673 0
2.12179 0
0.225005 0
1.63779 0
0.0749803 0
0.530712 0
0.133145 0
0.32315 0
0.604246 0
0.148405 0
0.330016 0
