1.00886 1
0.0854675 1
12.4664 1
0.0308396 1
1.57529 1
0.0482964 1
1.68914 1
0.147702 1
0.319601 1
0.15675 1
0.201082 1
0.320388 1
0.0232139 1
0.113187 1
0.169664 1
1.35335 1
0.21677 1
0.469575 1
0.12087 1
0.233873 1
0.406583 1
0.0816243 1
0.301539 1
0.106304 1
0.0419176 1
1.82873 1
1.45962 1
0.0256217 1
0.0282551 1
0.0443202 1
0.0230777 1
0.0723279 1
0.218719 1
0.0671785 1
3.35637 1
0.35947 1
0.73151 1
5.49033 1
3.84317 1
5.61548 1
4.23279 1
0.465883 1
2.15835 1
1.85019 1
0.120114 1
0.0393007 1
0.0844316 1
0.105642 1
0.0278542 1
0.962223 1
0.414537 1
2.03791 1
0.0815804 1
0.218139 1
2.08853 1
6.06567 1
0.195313 1
0.366894 1
0.164036 1
0.0837281 1
1.36433 1
0.324426 1
0.955568 1
0.0317121 1
0.273389 1
0.202796 1
0.0635805 1
0.993353 1
1.19726 1
2.85241 1
0.0953685 1
0.730869 1
0.460467 1
1.09452 1
2.47851 1
0.326103 1
0.218081 1
0.0388109 1
1.21943 1
0.840194 1
0.0868178 1
0.0369106 1
0.0551315 1
0.0896557 1
2.5026 1
2.82836 1
0.279645 1
0.190736 1
0.971196 1
0.336792 1
0.0425842 1
0.0649481 1
0.102451 1
0.515604 1
0.0528586 1
2.1305 1
0.0560443 1
0.0651617 1
0.289212 1
5.49178 1
0.00711897 1
0.952682 1
0.938258 1
0.569535 1
2.7424 1
0.246997 1
4.152 1
7.4995 1
0.391215 1
1.09265 1
0.0367647 1
26.9896 1
0.209703 1
1.3885 1
5.20154 1
0.772432 1
0.134431 1
0.84935 1
0.182244 1
0.0668156 1
0.789422 1
0.994936 1
0.205017 1
5.57452 1
0.0821295 1
0.0427591 1
3.79112 1
0.309526 1
0.100605 1
0.754841 1
1.2027 1
30.4701 1
0.0537495 1
0.0672469 1
0.0432397 1
0.070393 1
1.81584 1
0.418994 1
0.0873186 1
0.218673 1
0.115583 1
4.56808 1
0.970775 1
2.37028 1
0.702575 1
0.0264972 1
0.0687581 1
0.851642 1
0.252192 1
0.414026 1
0.817728 1
4.4872 1
1.55867 1
0.0400137 1
0.0557636 1
0.996317 1
1.14875 1
0.868112 1
0.0660619 1
0.694189 1
0.0705615 1
0.399758 1
0.49506 1
0.716585 1
0.579256 1
0.0632187 1
0.699116 1
0.165662 1
0.0268886 1
1.01057 1
0.175583 1
0.0468314 1
0.0633812 1
0 1
0.533835 1
0.547369 1
9.00327 1
0.00750525 1
1.34222 1
0.0180147 1
0.0194953 1
0.171542 1
3.74014 1
0.100337 1
0.0256576 1
1.06509 1
0.0908944 1
0.488918 1
0.447408 1
0.0636633 1
0.0861097 1
0.0787796 1
0.402669 1
0.055674 1
0.687998 1
0.124059 1
0.105731 1
2.02024 1
2.41259 1
2.01122 1
0.0467693 1
2.16756 1
4.84696 1
0.0475374 1
0.125519 1
1.4078 1
0.0300028 1
8.92129 1
0.101383 1
0.070649 1
0.05256 1
0.0683022 1
3.98464 1
0.449989 1
0.166025 1
1.77329 1
1.00555 1
0.952952 1
2.43641 1
0.19925 1
0.337296 1
1.67397 1
2.5038 1
0.28286 1
0.104793 1
0.446187 1
0.869127 1
0.155671 1
0.0549465 1
0.0529018 1
0.0147457 1
0.267083 1
0.0562155 1
0.0684442 1
1.55608 1
5.74926 1
2.51506 1
0.00956486 1
0.0879304 1
0.0513221 1
0.101331 1
1.61987 1
0.0587968 1
0.15627 1
4.14868 1
0.172513 1
0.179094 1
0.0179471 1
1.36496 1
3.58187 1
0.175163 1
0.0612733 1
2.34875 1
2.48223 1
0.842023 1
8.8498 1
0.508498 1
2.57311 1
2.21709 1
0.170427 1
0.803827 1
0.0688737 1
0 1
1.2577 1
0.141606 1
0.0427948 1
3.90775 1
0.0938342 1
0.820203 1
2.68769 1
0.892501 1
2.87785 1
1.31577 1
0.410223 1
0.447505 1
0.478201 1
1.24727 1
2.07083 1
1.20034 1
10.266 1
0.0999684 1
0.88763 1
2.38394 1
0.354336 1
1.59851 1
1.04582 1
0.0763917 1
0.392467 1
0.0773838 1
0.799672 1
0.0586137 1
10.5713 1
0.0233793 1
1.91384 1
0.0697814 1
0.0613232 1
0.13827 1
0.107702 1
2.44434 1
0.0344579 1
0.0403221 1
8.04008 1
0.535892 1
0.129541 1
0.117152 1
0.781596 1
0.821937 1
0.255733 1
0.0516283 1
0.581731 1
0.0581794 1
0.172463 1
0.952372 1
0.087011 1
0.0594775 1
0.0382163 1
4.7475 1
0.0448332 1
0.783357 1
0.0963815 1
1.49448 1
0.0727605 1
0.0776872 1
0.0767522 1
1.74726 1
0.47571 1
1.24676 1
0.0178756 1
0.0610425 1
0.0894982 1
0.243345 1
0.0363036 1
0.106428 1
0.0717585 1
0.185557 1
0.0876996 1
0.43237 1
0.541899 1
0.856427 1
0.102391 1
0.0969216 1
0.941409 1
0.177006 1
0.209803 1
2.08844 1
0.302393 1
1.14802 1
4.03396 1
0.12351 1
0.102419 1
0.018499 1
0.124102 1
0.0882145 1
1.46431 1
1.07299 1
4.34732 1
0.287274 1
6.93261 1
1.26024 1
1.01023 1
1.0486 1
0.612561 1
0.065181 1
1.28647 1
10.6698 1
2.47973 1
0.0522529 1
0.775826 1
0.0374992 1
0.0410266 1
1.35269 1
0.0235965 1
0.0974696 1
0.0188416 1
1.34356 1
0.401402 1
0.228526 1
0.088876 1
0.0398681 1
1.5388 1
0.746697 1
0.144764 1
0.504962 1
0.396263 1
0.610192 1
1.10133 1
1.07593 1
1.02263 1
0.111506 1
0.111002 1
0.0777486 1
0.308888 1
0.0926024 1
0.100169 1
1.53114 1
0.0705 1
2.00431 1
0.0686404 1
0.765298 1
0.106451 1
1.57199 1
0.623129 1
0.857492 1
0.134765 1
0.627607 1
0.00524605 1
0.47981 1
0.145303 1
1.38792 1
0.169477 1
0.467615 1
0.0717174 1
0.0200724 1
0.100149 1
0.00694852 1
0.105102 1
0.0561766 1
1.11315 1
25.7175 1
0.193194 1
0.0185162 1
0.894715 1
0.0451407 1
0.0619637 1
0.104094 1
4.27847 1
7.70122 1
0.541593 1
0.0755471 1
0.527377 1
1.79388 1
16.6316 1
0.674528 1
0.169759 1
0.148246 1
0.510536 1
0.130885 1
0.0590834 1
1.74026 1
1.03471 1
1.25047 1
0.608442 1
2.12994 1
2.81156 1
1.85073 1
0.0448614 1
0.0415452 1
0.0095265 1
1.17087 1
0.275676 1
0.259013 1
0.0366294 1
1.13953 1
0.0926668 1
0.0774513 1
0.295432 1
0.292303 1
0.0481008 1
0.0683099 1
0.657532 1
0.127812 1
1.7149 1
0.311369 1
0.0191813 1
0.042467 1
1.85498 1
0.0797514 1
0.641799 1
0.129871 1
0.0644825 1
0.0359377 1
0.0550454 1
41.1868 1
0.12636 1
0.0330421 1
1.59546 1
0.0509185 1
0.464808 1
4.85006 1
0.0618765 1
25.4575 1
1.66472 1
0.0837267 1
18.0038 1
0.200316 1
0 1
0.217658 1
0.388329 1
0.938283 1
10.4335 1
0.0308333 1
2.31885 1
0.237536 1
1.15299 1
6.64306 1
0.158482 1
1.15348 1
7.13142 1
1.02153 1
3.57575 1
1.32787 1
0.0632209 1
2.43014 1
3.58794 1
0.581473 1
15.161 1
1.22731 1
0.468899 1
0.756177 1
1.10348 1
0.531426 1
0.0563326 1
0 1
0.257165 1
0.0662742 1
0.20827 1
0.00938596 1
0.466808 1
5.95982 1
0.194043 1
0.0805648 1
0.0877259 1
0.104879 1
0.0607632 1
0.0720177 1
3.17718 1
0.202692 1
0.0323432 1
0.0888486 1
0.119958 1
1.52995 1
0 1
6.51671 1
0.522869 1
0.316307 1
0.0691269 1
0.780714 1
5.36389 1
0.317113 1
0.444713 1
2.11528 1
0.648085 1
0.0779785 1
0.0985892 1
1.04381 1
0.339155 1
0.00801755 1
0.17696 1
0.0606318 1
0.963903 1
0.00361172 1
0.193596 1
8.90891 1
0.345247 1
0.38108 1
3.64843 1
0.972746 1
0.102161 1
0.0222382 1
0.0763871 1
0.0412953 1
0.0335648 1
0.0413857 1
2.72203 1
0.105391 1
0.638187 1
0.00756154 1
0.271061 1
0.044868 1
2.26196 1
0.816795 1
0.0264676 1
0.176981 1
0.621289 1
0.0516318 1
0.909841 1
1.61932 1
0.223671 1
8.18726 1
0.871503 1
0.0658433 1
0.116536 1
1.27634 1
0.00172029 1
1.82314 1
0.502238 1
0.373212 1
0.0921628 1
0.116351 1
3.94369 1
1.37417 1
5.84091 1
0.919947 1
0.448821 1
0.0636159 1
0.111728 1
0.656068 1
0.22656 1
1.21771 1
0.591289 1
7.51346 1
2.04656 1
1.00662 1
0.0846308 1
0.108587 1
0.0721387 1
0.0568758 1
0.0660948 1
0.019536 1
1.1096 1
0 1
0.244426 1
0.0316137 1
1.69616 1
0.991739 1
0.0661613 1
29.5935 1
2.48958 1
1.2158 1
1.18476 1
0.0121912 1
27.5089 1
0.040135 1
0.0585683 1
1.81799 1
24.4977 1
0.0312911 1
2.43371 1
2.04391 1
0.385703 1
2.9014 1
0.0996083 1
0.0292154 1
1.07062 1
2.3416 1
3.7929 1
0.831163 1
1.0816 1
0.0486357 1
0.351515 1
0.12387 1
0.10397 1
1.65251 1
1.50932 1
2.77376 1
0.0858553 1
8.24372 1
5.04475 1
0.0904242 1
1.08447 1
0.734949 1
0.238621 1
2.44429 1
37.6935 1
0.708866 1
1.0082 1
0.3256 1
0.090072 1
0.184782 1
0.17118 1
0.0437743 1
0.138325 1
0.546847 1
0.86846 1
0.649459 1
0.130411 1
0.249669 1
0.0362395 1
0.042684 1
0.109763 1
0.142256 1
0.0537873 1
0.826487 1
0.148772 1
12.5676 1
1.28016 1
18.5295 1
1.3174 1
0.0277888 1
0.494349 1
0.0615424 1
0.0931035 1
0.18873 1
4.44838 1
0.105531 1
40.6904 1
0.0639661 0
0.00384778 0
0.0722011 0
0.0108423 0
0.0131074 0
0.0431354 0
0.0638504 0
0.133323 0
0.0680608 0
1.25208 0
0.726914 0
0.135416 0
0.0504583 0
0.0645964 0
0.0342681 0
0.079161 0
0.0978273 0
0.114016 0
0.0354155 0
0.0638017 0
0.0861356 0
5.39165 0
1.15893 0
0.656582 0
0.10277 0
0.947298 0
0.0600377 0
0.0769207 0
0.0742794 0
0.0433675 0
0.155579 0
0.069206 0
0.0189652 0
0.0486146 0
0.0779885 0
0.0657165 0
0.0470071 0
0.0520151 0
0.0575553 0
0.0704204 0
0 0
0.0704116 0
0.161459 0
0.0520518 0
0.09628 0
0.329806 0
0.0579 0
0.983478 0
0.0715298 0
0.117668 0
0 0
0.0629916 0
0.0765425 0
0.0462333 0
0.0731852 0
0.0935227 0
0.0571468 0
0.0437623 0
0.0427424 0
0.0435508 0
0.0629605 0
0.0511413 0
0.111514 0
0.0828979 0
0.121776 0
4.39783 0
0.0734954 0
0.0994424 0
0.0755403 0
0.0483759 0
0.107057 0
0.0606122 0
0.0617255 0
0.0705556 0
0.0533489 0
0.0942006 0
0.16277 0
0.00931084 0
0.017314 0
0.0192147 0
0.0629033 0
0.0150923 0
0.0465498 0
0.0673823 0
0.49522 0
0.0288049 0
0.0555496 0
0.0756992 0
1.14876 0
0.0507944 0
0.0614454 0
0.0746396 0
0.123197 0
0.0969093 0
1.27789 0
0.166868 0
0.0871239 0
0.00373774 0
0.0820045 0
0.0902299 0
0.131158 0
0.0474151 0
0.0290073 0
0.108977 0
0.0536236 0
0.1059 0
0.0650107 0
0.241778 0
0.0620776 0
0.0273072 0
0.0647494 0
0.05131 0
0.071002 0
0.0563142 0
0.00511921 0
0.0664467 0
0.0610639 0
0.0977185 0
0.136658 0
0.00296266 0
0.0418917 0
0.0659548 0
0.0386453 0
0.0632481 0
0.0456699 0
0.029407 0
0.0825113 0
0.0952695 0
0.00951249 0
0.475841 0
0.0699364 0
0.075959 0
0.0743531 0
0.0333067 0
0.0267632 0
0.0257884 0
0.055848 0
0.0322616 0
0.0643213 0
0.139474 0
0.100334 0
0.0649935 0
0.0578146 0
0.0965925 0
0.0847526 0
0.0674037 0
0.100838 0
0.0575348 0
0.0881369 0
0.0830717 0
0.153449 0
0.0932353 0
0 0
0.517981 0
0.192101 0
0.327224 0
0.0533024 0
0.0494604 0
0.0490308 0
0.0600092 0
0.16702 0
0.0716163 0
0.0826196 0
0.026088 0
0.0136596 0
0.161924 0
0.0543025 0
0.0999077 0
0.0686368 0
0.162849 0
0.0516743 0
0.110456 0
1.07228 0
0.575777 0
0.0611064 0
0.0514754 0
0.0666305 0
0.00960879 0
0.162756 0
0.0416486 0
0.105158 0
0.0257816 0
0.0756594 0
0.0897346 0
0.0400864 0
0.127915 0
0.0577097 0
0.0437634 0
0.0450807 0
0.0578418 0
0.093038 0
0.149798 0
0.0279728 0
0.0167897 0
0.155573 0
0.097078 0
0.0705059 0
0.0843908 0
0.0755227 0
0.0631993 0
0.047633 0
0.00167832 0
0.0458793 0
0.114729 0
0.781415 0
0.059845 0
0.0189035 0
0.149649 0
0.0209309 0
0.0402129 0
0.11807 0
0.112231 0
0.194426 0
0.0544854 0
0.149881 0
0.0514671 0
0.0646712 0
0.0231087 0
0.098144 0
0.0818847 0
0.0591224 0
4.74693 0
0.0730429 0
0.878886 0
0.136094 0
0.148571 0
0.0532153 0
0.0507755 0
0.0608515 0
2.85632 0
0.068191 0
0.061049 0
0.0816273 0
0.0510037 0
0.125919 0
0.0303356 0
0.0587264 0
1.60412 0
0.13672 0
0.0460637 0
0.0379164 0
0.162581 0
0.11696 0
0.0927978 0
0.0784744 0
0.110998 0
0.058775 0
0.0815289 0
0.073499 0
0.0844962 0
0.0940704 0
0.0706195 0
0.0455398 0
0.50776 0
0.0483848 0
0.0268203 0
0.101916 0
0 0
0.0414776 0
0.111934 0
0.088846 0
0.115463 0
0.092559 0
0.0514661 0
0.0615874 0
0.141081 0
0.0425214 0
0.00282353 0
0.948156 0
0.207355 0
0.158161 0
0.0306324 0
0.0820944 0
0.0890713 0
0.0647905 0
0.0961369 0
0.016597 0
0.0798179 0
0.0713891 0
0.0253763 0
0.0530708 0
0.108871 0
0.0638021 0
0.155327 0
0.0570661 0
0.0683406 0
0.0807813 0
0.0508137 0
0.0939665 0
0.0628908 0
0.0538065 0
0.0585373 0
0.0378904 0
0.0699527 0
0.136676 0
0.132358 0
0.0218985 0
0.10622 0
0.0314719 0
0.0453268 0
0.0879156 0
0.0898455 0
0.107451 0
0.142388 0
0.0792323 0
0.398394 0
0.154188 0
0.227188 0
0.0779049 0
0.391711 0
0.0968923 0
0.0964429 0
0.0435161 0
2.03089 0
0.102271 0
0.0964167 0
1.55194 0
0.0679276 0
0.0466527 0
0.151985 0
0.0610186 0
0.0758904 0
0.0715673 0
0.056963 0
0.0675539 0
0.123971 0
0.0942324 0
0.0551091 0
0.0558717 0
0.061747 0
0.0381225 0
0.0602361 0
0.562831 0
0.0462646 0
0.0549822 0
0.0766781 0
0.126972 0
0.0925046 0
0.0308297 0
0.0605086 0
0.403421 0
0.0514645 0
0.0393512 0
0.0637567 0
0.0313134 0
0.0486477 0
0.168141 0
0.111761 0
0.07171 0
0.0949671 0
0.307845 0
0.125799 0
0.128707 0
0.0360074 0
0.0604399 0
0.086958 0
0.0427856 0
0.154738 0
0.0693968 0
0.0606935 0
0.0557065 0
0.101391 0
0.0534531 0
0.118048 0
0.0533279 0
0.233086 0
0.407892 0
0.0612227 0
0.0596914 0
0.0791875 0
0.0838948 0
0.217859 0
0.0339562 0
0.0819221 0
0.149846 0
0.0974355 0
0.097186 0
0.0267288 0
0.579319 0
0.0841181 0
0.0263767 0
0.171405 0
0.118095 0
0.0641866 0
0 0
0.033296 0
0.0807397 0
0.903185 0
0.0690434 0
0.0536313 0
0.0803099 0
0.0550146 0
0.0574545 0
0.0314672 0
0.169023 0
0.0287724 0
1.3695 0
0.00676159 0
0.0276499 0
0.0629129 0
0.0880206 0
0.0316388 0
0.0832211 0
0.0766149 0
0.079269 0
0.0870643 0
0.125653 0
0.0460967 0
0.0644662 0
0.0906598 0
0.0520347 0
0.0580256 0
1.196 0
0.199838 0
0.013656 0
0.0765446 0
0.0362054 0
0.0311682 0
0.0358019 0
0.154957 0
0.044934 0
0.0889175 0
1.98291 0
2.5645 0
4.05672 0
0.0368783 0
0.117767 0
0.0502151 0
0.867229 0
0 0
0.0327185 0
0.0561243 0
0.110302 0
0.0745356 0
0.132426 0
0.0464559 0
0.0448844 0
0.104006 0
0.0520694 0
0.043142 0
0.0334143 0
0.0675543 0
0.0445906 0
0.0705735 0
0.0757297 0
0.291602 0
0.0608413 0
0.0358292 0
0.0546108 0
0.0776287 0
0.021275 0
0.30918 0
0.0694689 0
0.0848949 0
0.110277 0
0.0853694 0
0.0274491 0
0.0713745 0
0.0445873 0
0.514142 0
0.0969661 0
2.25092 0
0.0335498 0
0.113347 0
0.0396744 0
0.328002 0
0.0909828 0
0.0964822 0
0.0859004 0
0.0311502 0
0.0424482 0
0.117053 0
0.0959096 0
0.110004 0
0.0514286 0
0.115036 0
2.76496 0
0.0281685 0
0.122203 0
0.0799602 0
0.856722 0
0.132991 0
1.19955 0
0.0275701 0
0.126826 0
0.125109 0
0.0448546 0
2.53176 0
0.0683444 0
0.570082 0
0.0767187 0
0.0253534 0
0.0530704 0
0.0654884 0
0.719967 0
0.0321164 0
0.103171 0
0.0683921 0
0.0829876 0
0.0455147 0
0.0952878 0
0.0772908 0
0.29987 0
0.0136402 0
0.0649322 0
0.0170432 0
0.0336127 0
0.160801 0
0.068601 0
0.146742 0
0.0374207 0
0.0297303 0
0.0336985 0
0.0401771 0
0.0412506 0
0.197109 0
0.150019 0
0.150429 0
0.117117 0
4.20788 0
0.275302 0
0.223414 0
0.458075 0
0.0255192 0
2.08443 0
0.0524841 0
0.0638183 0
0.0784115 0
0.154086 0
0.0698948 0
0.116746 0
0.109708 0
0.0623976 0
0.423838 0
0.0593059 0
0.507138 0
0.0350315 0
0.0641186 0
0.0573835 0
0.0270841 0
0.0458525 0
0.0387214 0
0.0528792 0
0.071356 0
2.30975 0
0.0613671 0
0.173755 0
0.394923 0
0.0250341 0
0.0677088 0
0.241563 0
0.0329284 0
0.0747336 0
0.0124288 0
0.0449372 0
0.1087 0
0.08197 0
0.0713675 0
0.0921364 0
0.152193 0
0.0638916 0
0.073568 0
0.037505 0
0.0897954 0
0.0405287 0
0.085109 0
0.981191 0
0.0882491 0
0.17163 0
0.0823305 0
0.400436 0
5.33038 0
0.068286 0
0.316359 0
0.0388173 0
0.114532 0
0.0563249 0
0.0727267 0
0.0840153 0
0.026217 0
0.603907 0
0.408077 0
0.0923768 0
0.176258 0
0.022691 0
0 0
0.0667205 0
0.078689 0
0.56115 0
0.0715207 0
0.0377198 0
0.0107182 0
0.0434417 0
0.104466 0
0.0856856 0
0.12384 0
0.11688 0
2.08181 0
0.0907522 0
0.35662 0
0.04958 0
0.0871725 0
0.0685619 0
0.154097 0
0.0443189 0
0.0916788 0
0.0828328 0
1.06976 0
0.0584797 0
0.0775324 0
0.0538654 0
0.061694 0
2.21458 0
0.169587 0
0.0513033 0
0.0436153 0
0.239579 0
1.40675 0
0.220537 0
0.0344848 0
0.0508072 0
0.0562368 0
0.0609334 0
0.0981696 0
0.0154197 0
0.102784 0
0.0685841 0
0.109145 0
0.532771 0
0.0175477 0
0.951217 0
4.53842 0
0.0839713 0
0.0389498 0
0.0880849 0
0.0407265 0
1.66208 0
0.119664 0
0.0194858 0
0.668463 0
0.367582 0
0.061828 0
0.0415882 0
0.42225 0
0.119763 0
0.0513702 0
0.214619 0
0.181553 0
0.0729361 0
0.105363 0
0.0984754 0
0.032431 0
0.068364 0
0.0729803 0
1.05271 0
0.0164135 0
0.0437435 0
0.0670105 0
0.0780804 0
0.0794889 0
0.101156 0
0.326155 0
0.0743191 0
0.0848546 0
0.053454 0
0.0774398 0
0.0778042 0
0.0725056 0
1.55589 0
0.127503 0
0.0849195 0
0.10232 0
0.0738656 0
0.0237073 0
0.133363 0
0.969155 0
0.0720796 0
0.0239731 0
4.053 0
0.0596931 0
2.44286 0
0.106446 0
0.109771 0
0.0117411 0
0.0720887 0
0.0615814 0
0.0628617 0
0.10074 0
0.120505 0
0.0950105 0
0.119138 0
0.0967391 0
0.0803282 0
0.0531063 0
0.074538 0
0.0714877 0
0.0313429 0
0.131322 0
0.0127435 0
0.0667181 0
0.0771697 0
0.0305462 0
0.0602835 0
0.12888 0
0.042854 0
0.125717 0
0.00515348 0
0.432057 0
0.0908446 0
0.0728569 0
0.172802 0
0.137503 0
0.324527 0
0.0995946 0
0.130888 0
0.0623208 0
0.0986156 0
0.0302642 0
0.073768 0
0.0392897 0
0.0599082 0
0.83303 0
0.0820307 0
0.117248 0
0.059742 0
0.0618974 0
0.0951975 0
0.0474223 0
0.112239 0
0.055163 0
0.108792 0
0.0567488 0
0.0414115 0
0.076378 0
0.212488 0
0.0845581 0
0.365831 0
0.0296061 0
0.092155 0
0.0853148 0
0.00569767 0
0.0795076 0
0.0552852 0
0.0550408 0
1.54011 0
0.0348417 0
0.0563827 0
0.0371842 0
0.541799 0
0.14802 0
0.0581551 0
0.0325139 0
0.0183741 0
0.143966 0
0.0577687 0
0.0982148 0
0.053343 0
0.0229378 0
0.764647 0
0.0283348 0
0.715335 0
0.34646 0
0.0227278 0
0.0559355 0
0.0339485 0
0.0211052 0
0.0423779 0
0.0529311 0
0.0352521 0
0.0496483 0
0.0591186 0
0.0560031 0
0.168529 0
0.0853124 0
0.0786381 0
0.076392 0
0.0424353 0
0.0297481 0
0.102607 0
0.0272719 0
0.122041 0
0.0267784 0
0.0750429 0
0.0364178 0
0.0662581 0
0.721668 0
0.409216 0
0.0953918 0
0.0784682 0
0.144483 0
0.103103 0
0.0177099 0
0.0579032 0
1.4397 0
0.0598426 0
0.060059 0
