4.05869 1
1.72621 1
0.560971 1
0.0718805 1
0.241278 1
0.77088 1
0.140109 1
1.10162 1
0.459753 1
0.745957 1
1.74188 1
17.2334 1
0.410502 1
3.83266 1
59.0436 1
2.26507 1
0.480794 1
1.44049 1
0.919395 1
0.61474 1
675.591 1
1.46066 1
3.58749 1
1.83344 1
5.19431 1
3.41667 1
0.172929 1
0.340869 1
3.07824 1
0.374324 1
0.771388 1
0.140109 1
0.387484 1
0.0721034 1
17.1218 1
292.692 1
6.15684 1
0.444863 1
0.374324 1
10.6666 1
23.7981 1
1.60572 1
0.286066 1
0.228582 1
30.7817 1
1.46066 1
0.310239 1
18.1241 1
0.186061 1
15.1909 1
21.3192 1
1.83323 1
2.89017 1
0.919395 1
23.7981 1
1.72621 1
3.54833 1
0.199966 1
0.228582 1
0.162327 1
60.5506 1
17.1218 1
0.310209 1
0 1
17.2334 1
55.4512 1
3.58749 1
0.611545 1
0.347568 1
0.615759 1
0.236298 1
2.2761 1
0.236298 1
0.183816 1
0.745957 1
122.41 1
0.405862 1
0.241278 1
30.7817 1
0.173194 1
4.61983 1
0.654952 1
0.133813 1
3.87086 1
0.339129 1
5.24027 1
4.42879 1
0.0801901 1
0.109809 1
9.25094 1
0.340869 1
4.42879 1
0.558509 1
252.947 1
5.43307 1
0.301598 1
19.6144 1
0.178833 1
2.26507 1
1.88156 1
0.0389647 1
2.89017 1
0.104918 1
3.41667 1
0.570736 1
0.171273 1
4.05869 1
10.6666 1
7.70076 1
8.02179 1
5.76189 1
1.35406 1
5.24027 1
2.74448 1
4.61983 1
0.771388 1
0.29054 1
6.20587 1
10.0059 1
0.301598 1
0.173194 1
0.444863 1
3.87086 1
1.55976 1
0.456585 1
11.909 1
4.0659 1
1.83323 1
252.947 1
0.134986 1
1.10162 1
3.54833 1
1.26115 1
2.75521 1
5.76189 1
8.47161 1
6.68533 1
0.871905 1
2.00196 1
0.172929 1
3.01475 1
66.7185 1
44.068 1
0.254404 1
5.19431 1
0.0801901 1
0.615759 1
60.5506 1
0.223805 1
0.278963 1
0.223805 1
30.529 1
6.68533 1
0.41519 1
15.1909 1
0.183816 1
0.162327 1
0.171273 1
0.0721034 1
21.6929 1
2.68676 1
0.41519 1
1.60572 1
0.654952 1
0.871905 1
0.199966 1
7.70076 1
2.74448 1
55.4512 1
0.168307 1
13.0348 1
30.529 1
0.347568 1
3.01475 1
0.387484 1
11.909 1
13.0348 1
0.410502 1
0.642104 1
0.178833 1
0.339129 1
0.456585 1
1.55976 1
6.38371 1
122.41 1
0.0718805 1
1.83344 1
292.692 1
1.44049 1
66.7185 1
10.0059 1
0.560971 1
0.611545 1
0.761637 1
2.75521 1
3.94004 1
0.134986 1
0.221472 1
6.38371 1
0.473835 1
4.0659 1
0.570736 1
21.3192 1
1.26115 1
0.323326 1
0.536204 1
2.68676 1
0.480794 1
9.64188 1
3.07824 1
0.310239 1
0.536204 1
0.761637 1
1.74188 1
9.64188 1
0.310209 1
0.558509 1
0.77088 1
0 1
0.186061 1
3.83266 1
9.25094 1
0.642104 1
0.323326 1
8.47161 1
2.2761 1
0.109809 1
0.254404 1
6.15684 1
675.591 1
1.88156 1
0.459753 1
44.068 1
0.0235659 1
3.94004 1
0.473835 1
5.43307 1
0.168307 1
21.6929 1
0.278963 1
0.879152 1
0.0235659 1
8.02179 1
6.20587 1
0.29054 1
59.0436 1
0.133813 1
2.00196 1
0.0389647 1
0.879152 1
19.6144 1
0.61474 1
5.28935 1
0.286066 1
0.405862 1
5.28935 1
18.1241 1
1.35406 1
0.221472 1
0.104918 1
0.1908 0
0.0304065 0
0.112129 0
0.513364 0
0.103162 0
0.193597 0
0.215692 0
0.142398 0
0.25357 0
0.282058 0
0.200602 0
0.211113 0
0.392305 0
0.173213 0
0.457532 0
0.0506267 0
0.0844477 0
0.162777 0
1.5938 0
2.22362 0
0.0192161 0
0.150205 0
0.071523 0
0.0554898 0
0.176719 0
0.0521241 0
0.497855 0
0.0783757 0
0.00621918 0
0.00317944 0
0.175896 0
0.19512 0
0.263285 0
0.0581027 0
1.36021 0
1.04414 0
0.230445 0
0.123268 0
0.252986 0
0 0
0.454862 0
0.674803 0
1.21714 0
0.0506267 0
0.144355 0
0.0257428 0
0.297929 0
0.0100269 0
0.114135 0
0.00456971 0
0 0
0.0913966 0
1.56127 0
2.7188 0
0.4191 0
0.0744895 0
0.169077 0
0.161863 0
0.188102 0
0.00328463 0
0.025722 0
3.90744 0
1.07246 0
0.497426 0
0.260726 0
0.1331 0
0.149344 0
0.0912951 0
0.215692 0
0.211113 0
0.133944 0
0.816192 0
0.173487 0
0.263285 0
0.0645535 0
0.20825 0
0.0921038 0
0.20825 0
0.583327 0
0.430602 0
0.144536 0
0.399979 0
0.025722 0
0.0913966 0
0.00899719 0
0.19433 0
0.147706 0
0.698089 0
0.103862 0
0.210106 0
0.00899719 0
0.735192 0
0.45229 0
0.434873 0
0.217802 0
0.383258 0
0.196536 0
0.123367 0
2.94563 0
0.359541 0
0.190002 0
0.269724 0
0.273025 0
0.106433 0
0.317961 0
0.147706 0
0.134332 0
0 0
0.151552 0
0.140871 0
0.0421125 0
0.189917 0
0.252986 0
0.150205 0
0.118197 0
0.424851 0
0.0257428 0
0.0974725 0
0.117692 0
0.299267 0
0.0304065 0
0.273542 0
0.0607607 0
0.41054 0
0.189613 0
0.153082 0
0.140871 0
0.217802 0
0.245489 0
0.161863 0
3.20285 0
0.351206 0
0.0828263 0
0.106433 0
0.413851 0
0.222545 0
0.162285 0
0.0831549 0
0.513364 0
0.157656 0
0.430602 0
3.32384 0
0 0
0.133944 0
0.434873 0
0.176719 0
0.173929 0
0.14631 0
0.317961 0
0.100585 0
1.36021 0
6.78655 0
0.674803 0
1.57246 0
0.153209 0
0.440078 0
0.395019 0
0.0645535 0
0.0758815 0
1.1196 0
0.071523 0
0.173524 0
0.261023 0
0.0128205 0
0.0757184 0
0.00621918 0
0.440078 0
0.245032 0
0.116832 0
0.18276 0
0.00317944 0
0.162285 0
0.220815 0
0.173929 0
0.206304 0
0.0587707 0
0.269724 0
0.735192 0
0.114135 0
0.134332 0
0.41054 0
0.311427 0
1.15407 0
0.210106 0
0.25357 0
0.196688 0
0.0578547 0
0.3108 0
0.327839 0
0.14631 0
0.3108 0
0.241775 0
0.0278427 0
0.271842 0
0.222545 0
0.408844 0
0.173213 0
0.103862 0
0.188102 0
0.173487 0
0.18276 0
0.359541 0
0.338488 0
0.198918 0
1.57246 0
0.290119 0
0.605001 0
0.245032 0
0.1908 0
0.149344 0
0.605001 0
0.153082 0
0.283196 0
0.0744895 0
0.186388 0
0.0581027 0
0.338488 0
0.399487 0
0.684498 0
0.141073 0
0.454862 0
0.0385994 0
0.161261 0
0.20889 0
0.142398 0
0.160683 0
0.277568 0
0.457532 0
0.165321 0
1.17513 0
1.17513 0
0.0844477 0
0.0287808 0
0.399487 0
0.196688 0
0.4191 0
0.106444 0
0.508757 0
0.271842 0
4.12557 0
0.103162 0
2.76959 0
0.317059 0
2.22362 0
0.151552 0
0.105342 0
0.157656 0
0.0554898 0
0.299267 0
0.0973496 0
0.0826756 0
0.160683 0
0.112129 0
0.123367 0
0.392305 0
0.0913976 0
0.901104 0
0.118197 0
0.239522 0
0.116832 0
0.0596635 0
0.109525 0
0.190002 0
0.165321 0
0.289249 0
0.096939 0
0.295927 0
0.096939 0
0.0912951 0
0.0371837 0
0.230445 0
0.0590476 0
0.0831549 0
0 0
3.90744 0
0.153209 0
0 0
1.04414 0
0.192747 0
0.0751954 0
0.19512 0
0.115201 0
0.0607607 0
0.00456971 0
0.105528 0
1.50938 0
0.0390569 0
0.162777 0
0.497426 0
0.0596635 0
0.202957 0
0.115783 0
0.0390569 0
0.0944937 0
1.5938 0
1.16796 0
0.427435 0
0.0776065 0
0.196536 0
0.169077 0
1.56127 0
0.173524 0
0.317059 0
0.0590476 0
0.0974725 0
0.0587707 0
0.508757 0
0.497855 0
0.0603514 0
0.105007 0
0.0689411 0
1.16796 0
0.273542 0
0.378593 0
0.0385994 0
1.21714 0
1.1196 0
0.106444 0
0.277568 0
0.189613 0
0.0842979 0
0.0122148 0
0.19433 0
0 0
0.15986 0
0 0
0.669074 0
0.105342 0
0.0689411 0
0.297929 0
0.321289 0
0.583327 0
2.7188 0
0.339485 0
0.282058 0
2.94563 0
0.0521241 0
0.395019 0
0.0192161 0
0.0783757 0
0.117692 0
0.327839 0
0.399979 0
0.192747 0
1.07246 0
0.901104 0
0.37698 0
0.295927 0
0.15986 0
0.413851 0
0.813052 0
1.15407 0
0.0128205 0
0.424851 0
0.202957 0
4.12557 0
0.239522 0
0.25369 0
0.220815 0
0.186388 0
2.76959 0
0.101286 0
0.0122148 0
0.261023 0
0.0944937 0
0.0695223 0
3.20285 0
0.289249 0
0.321289 0
0.198918 0
0.150476 0
0.0758815 0
0.0371837 0
0.105528 0
1.50938 0
0.189917 0
0.301397 0
0.0973496 0
0.0913976 0
0.240515 0
0.141073 0
0.101286 0
0.669074 0
0.175896 0
0.816192 0
0.137933 0
0.378593 0
0.115201 0
0.144355 0
0.159318 0
0.245489 0
0.159318 0
0.285186 0
0.137933 0
0.0826756 0
0.408844 0
0.100585 0
0.0603514 0
0.0842979 0
0.301397 0
0.0695223 0
0.37698 0
0.339485 0
0.283196 0
0.20889 0
0.351206 0
6.78655 0
0.144536 0
0.161261 0
0.273025 0
0.0278427 0
0.285186 0
0.0921038 0
0.0776065 0
0.45229 0
0.0287808 0
0.193597 0
0.383258 0
0.749107 0
0.109525 0
0.0751954 0
0.240515 0
0.1331 0
0.427435 0
3.32384 0
0 0
0.0578547 0
0.105007 0
0.123268 0
0.698089 0
0.200602 0
0.260726 0
0.206304 0
0.115783 0
0.684498 0
0.241775 0
0.290119 0
0.25369 0
0.0421125 0
0.813052 0
0.150476 0
0.0828263 0
0.0757184 0
0 0
0.0100269 0
0.00328463 0
0.311427 0
0.749107 0
