5.44758 1
0.00970345 1
2.17568 1
0.324098 1
0.0140554 1
8.99564 1
0.157238 1
0.195347 1
0.144043 1
0.0354009 1
0.242694 1
0.171474 1
0.189309 1
2.74837 1
5.44716 1
1.42148 1
0.0175045 1
0.0837516 1
1.36435 1
0.854685 1
0.0458907 1
0.341548 1
0 1
2.96449 1
0.00368685 1
0.670749 1
0.809407 1
0.753374 1
0.433485 1
0.804911 1
0.0284623 1
0.244312 1
0.148924 1
2.29327 1
0.660184 1
1.0771 1
0.071695 1
2.49051 1
0.351664 1
2.60564 1
3.40081 1
2.46688 1
0.0669773 1
0.0521839 1
0.0573148 1
5.06785 1
0.0393941 1
0.127119 1
1.2339 1
0.264849 1
1.37074 1
0.0437575 1
0.683349 1
0.565048 1
30.7669 1
0.0867197 1
0.174759 1
0.09352 1
0.0204818 1
0.0724316 1
0.0911798 1
1.15795 1
0 1
0.631905 1
0.0369196 1
0.0410391 1
0.109051 1
0.732908 1
5.10942 1
0.12703 1
0.103898 1
8.26094 1
0.527218 1
1.53629 1
0.030207 1
0.983376 1
1.4614 1
0.148784 1
0.00811877 1
0.145922 1
1.5958 1
0.0744934 1
0.0982036 1
0.56718 1
1.70112 1
0.105563 1
0.0412131 1
1.16537 1
3.83077 1
0.102458 1
2.01807 1
2.31425 1
0.707903 1
0.0543284 1
0.307688 1
0.0464718 1
1.55413 1
0.0749221 1
1.65596 1
5.31764 1
3.61607 1
0.380621 1
1.50914 1
1.25886 1
7.41896 1
0.0389516 1
6.72695 1
0.0603197 1
0.706298 1
0.673955 1
0.0149137 1
1.04981 1
1.37126 1
0.581239 1
0.123457 1
0.150357 1
0.609343 1
0.120705 1
0.0642568 1
0.0517836 1
2.46283 1
0.0566399 1
2.50905 1
0.711106 1
1.23803 1
0.0766858 1
0.171363 1
0.0864882 1
1.102 1
0.0571235 1
2.09193 1
0.540676 1
0.643342 1
1.47262 1
0.380809 1
0 1
8.19081 1
1.55288 1
0.02151 1
0.0317908 1
1.76352 1
0.0816969 1
0.0983694 1
3.21255 1
15.7079 1
0.108292 1
0.12846 1
1.68095 1
10.3353 1
0.352205 1
0.502294 1
0.0486093 1
3.34894 1
0.39864 1
0.940795 1
0.37057 1
3.25222 1
7.54177 1
0.219823 1
6.66035 1
1.19845 1
0.0637494 1
0.199317 1
11.0773 1
0.284461 1
0.0849914 1
0.660803 1
1.20775 1
2.65275 1
0.537402 1
0.064187 1
0.676112 1
1.30704 1
4.89814 1
0.655224 1
1.21827 1
1.70417 1
1.72272 1
1.0373 1
0.747794 1
2.08437 1
0.184825 1
0.119255 1
9.04108 1
0.0331113 1
0.187096 1
0.229817 1
1.35156 1
0.0712212 1
3.27372 1
0.753596 1
0.522645 1
0.131973 1
0.632151 1
0.0950592 1
3.26357 1
0.168055 1
0.107392 1
1.04099 1
0.0457829 1
0.0522131 1
0.164596 1
0.183057 1
5.40489 1
0.483899 1
0.0626944 1
0.0922247 1
18.5062 1
0 1
0.0876429 1
0.453804 1
0.693797 1
22.2482 1
0.0532708 1
0.0631148 1
0.144331 1
0.873307 1
0.0659353 1
0.176498 1
3.07408 1
0.128023 1
4.16202 1
2.02653 1
1.5719 1
0.0993033 1
0.0791196 1
0.200641 1
0.0924736 1
0.201938 1
0.662454 1
0.784545 1
0.481058 1
0.0883149 1
0.0987722 1
0.00750525 1
0.0406506 1
0.246424 1
5.40835 1
0.0497112 1
0.414725 1
0.107945 1
0.941123 1
0.104398 1
0.684211 1
0.0241105 1
0.131661 1
0.0359507 1
0.78919 1
0.598822 1
1.80869 1
0.854004 1
0.566615 1
0.0654369 1
0.023734 1
0.11511 1
0.0812369 1
0.0166729 1
0.0840644 1
0.492058 1
1.59355 1
1.11784 1
9.61768 1
1.68965 1
0.0912017 1
1.19641 1
0.0579622 1
0.0428919 1
59.6292 1
1.74421 1
0.0725495 1
2.12415 1
4.04838 1
0.622446 1
0.317796 1
1.9224 1
0.591155 1
1.50123 1
0.0398092 1
0.330573 1
0.0397618 1
0.080086 1
1.24779 1
0.122191 1
0.935621 1
0.350771 1
1.78658 1
0.051393 1
0.0673968 1
1.33905 1
0.208921 1
0.026958 1
0.500403 1
0.978369 1
0.0638376 1
3.63459 1
3.91656 1
0.0645368 1
0.0725269 1
0.411571 1
0.407309 1
0.044371 1
0.0815245 1
0.0471746 1
0.368293 1
0.106035 1
0.757189 1
0.028497 1
2.09687 1
0.603016 1
10.7283 1
0.437828 1
0.517036 1
0.126376 1
3.43969 1
0.0841277 1
0.0392483 1
0.854849 1
34.0089 1
0.647965 1
1.15075 1
0.13255 1
0.0189487 1
1.05175 1
0.374256 1
0.0132386 1
0.0251338 1
0.888156 1
0.0357229 1
0.160082 1
1.2143 1
0.108118 1
4.19591 1
0.0763871 1
0.0586677 1
6.85803 1
0.109167 1
6.51906 1
1.3137 1
0.554385 1
0.13137 1
3.20172 1
0.102084 1
0.0848207 1
8.56662 1
0.3952 1
0.112974 1
1.79378 1
0.0646631 1
1.78945 1
0.0310941 1
0.225953 1
0.671539 1
0.0673344 1
0.125393 1
0.0619737 1
0.0823764 1
7.14768 1
0.125034 1
0.0563404 1
0.688223 1
0.621843 1
0.249148 1
0.0686404 1
1.33875 1
0.107584 1
0.0178623 1
0.00490196 1
1.33467 1
0.111091 1
2.47535 1
0.0829465 1
0.553525 1
0.513059 1
2.27713 1
1.55281 1
0.935093 1
0.0347196 1
0.230037 1
3.83386 1
0.0275862 1
0.0908298 1
0.809008 1
0.0233768 1
0.0576258 1
0.0857127 1
0.0767817 1
0.0528314 1
0.0333757 1
0.110919 1
0.933007 1
0.341967 1
0.0767372 1
0.0517953 1
0.0435728 1
0.0125644 1
0.772627 1
0.3911 1
0 1
0.0370171 1
0.162342 1
0.108684 1
1.47333 1
2.92955 1
0.118547 1
0.164175 1
0.115198 1
0.0571389 1
0.520702 1
0.811228 1
0.232631 1
0.0924891 1
0.0511927 1
0.0854863 1
0.0935441 1
0.037447 1
0.298964 1
1.638 1
0.148439 1
0.0884202 1
0.0554576 1
15.5289 1
3.4793 1
0.800452 1
0.210506 1
0.0695037 1
0.461392 1
0.460399 1
0.0560731 1
0.0614763 1
0.316355 1
1.22533 1
0.0335687 1
1.01365 1
3.62866 1
0.0390778 1
0.222679 1
0.134232 1
0.0988774 1
0.684194 1
0.248256 1
0.741882 1
0.665707 1
0.972646 1
0.63029 1
0.0571667 1
0.0476751 1
0.0521548 1
10.4948 1
28.3264 1
0.120733 1
0.06169 1
1.2234 1
0.0619281 1
0.332372 1
3.92785 1
0.183573 1
1.06193 1
1.43747 1
0.125049 1
0.825905 1
0.0903239 1
0.0461625 1
0.397218 1
0.0616382 1
0.91327 1
0.214931 1
10.3518 1
1.30201 1
0.0364602 1
0.083019 1
0.485389 1
0.357735 1
0.25639 1
0.108316 1
1.26041 1
0.0425278 1
0.528571 1
0.413352 1
0.0363551 1
1.20968 1
0.0850864 1
1.29427 1
0.0761682 1
0.0826638 1
0.870487 1
1.08329 1
1.16035 1
0.055674 1
0.064794 1
18.1591 1
1.16838 1
0.0753377 1
1.37394 1
0.438147 1
0.00677532 1
1.19127 1
0.0419286 1
2.09446 1
0.0262677 1
0.0423138 1
2.89989 1
0.543752 1
0.0575362 1
0.734949 1
0.183498 1
0.520094 1
0.0745584 1
0.00824087 1
5.01389 1
25.1117 1
0.13438 1
0.373484 1
0.0439128 1
0.0708531 1
1.43351 1
0.148601 1
0.457444 1
1.95164 1
3.28118 1
0.836695 1
0.110507 1
1.25059 1
0.113779 1
5.00525 1
0.353416 1
2.14146 1
0.0594399 1
3.76751 1
0 1
1.09662 1
0.738444 1
0.257142 1
4.03137 1
0.602082 1
0.0484818 1
0.281991 1
7.84004 1
1.6235 1
0.206062 1
0.4602 1
2.35574 1
0.120202 1
0.0428825 1
0.109684 1
0.120327 1
0.479023 1
0.900477 1
0.925149 1
4.76701 1
0.413258 1
0.731921 1
0.0487852 1
1.12778 1
0.241909 1
1.24718 1
29.965 1
0.0695497 1
0.282915 1
0.0947298 1
0.118593 1
7.53088 1
5.65949 1
0.364436 1
3.20391 1
0.0452106 1
2.22664 1
0.0440305 1
3.02427 1
2.82238 1
1.33158 1
0.866846 1
0.0129553 1
0.492352 1
4.07219 1
0.0902546 1
0.0510349 1
0.596043 1
1.98978 1
0.333472 1
0.0639468 1
0.72446 1
0.111053 1
3.00935 1
0.0494377 1
0.0893816 1
1.28612 1
0.0790207 1
1.81727 1
0.670871 1
0.307677 1
1.24684 1
0.0423713 1
0.0904933 1
10.4065 1
3.84593 1
1.29348 1
0.0292563 1
3.13059 1
1.46491 1
26.9806 1
0.0510952 1
9.30421 1
0.102272 1
2.63367 1
7.29795 1
0.17023 1
6.23854 1
1.33301 1
0.0235092 1
0.0670795 1
0.00228787 1
0.0748918 1
4.9882 1
1.51238 1
0.576572 1
2.43973 1
0.0649594 1
0.0902189 1
6.95232 1
0.6591 1
10.6892 1
0.0655601 1
0.178131 1
0.0674317 1
1.62849 1
0.0825735 1
0.270529 1
0.241035 1
0.0582276 1
1.57577 1
1.31577 1
1.25769 1
0.0733297 1
1.56485 1
0.874502 1
1.02095 1
4.34224 1
1.62762 1
0.898704 1
1.26216 1
10.3769 1
1.67842 1
2.46176 1
0.0461268 1
0.106405 1
0.545907 1
0.0224297 1
0.0315193 1
0.291949 1
0.737041 1
2.98162 1
3.58608 1
0.0459575 1
1.08257 1
0.0465081 1
0.0509185 1
0.382381 1
4.52372 1
1.62889 1
1.87137 1
0.0737867 1
0.036741 1
0.484031 1
0.416601 1
9.79327 1
0.062434 1
0.104216 1
2.17131 1
5.88905 1
0.61098 0
0.0417809 0
0.021275 0
0.205437 0
0.062762 0
0.0141996 0
0.0617422 0
0.0580917 0
0.0657177 0
2.96279 0
0.078377 0
0.122786 0
0.013622 0
0.0432391 0
0.0846976 0
0.087528 0
0.0746413 0
0.213201 0
0.0936131 0
0.090892 0
0.0456463 0
0.0386473 0
0.859056 0
0.0467523 0
0.17308 0
0.33353 0
0.123347 0
0.0716398 0
0.111074 0
0.0448899 0
0.0583141 0
0.0867187 0
0.0768711 0
0.0488514 0
0.00550528 0
0.0651865 0
0.060774 0
0.127964 0
0.78887 0
0.00469484 0
0.559274 0
0.0623415 0
1.2528 0
0.0745666 0
0.109134 0
0.239635 0
0.0598208 0
1.1943 0
2.3845 0
0.0300285 0
0.50476 0
0.0862742 0
0 0
0.0508712 0
0.0840868 0
0.11062 0
0.00963855 0
0.893842 0
4.04844 0
0.0731927 0
0.0747863 0
0.0941243 0
0.0682828 0
0.0324097 0
0.538787 0
0.0618987 0
0.0530141 0
0.0674866 0
2.57247 0
0.048493 0
0.0679292 0
0.109203 0
0.0248963 0
0.0409451 0
0.00479616 0
0.097877 0
0.111379 0
0.0710671 0
0.0219236 0
0.0201075 0
0.06683 0
1.40147 0
0.123588 0
0.0403237 0
0.218893 0
0.0675576 0
0.0403317 0
0.0354622 0
0.0545142 0
0.025353 0
0.0392817 0
0.12622 0
0.885108 0
0.0711545 0
0.0762705 0
0.0275716 0
0.069018 0
0.0415415 0
0.050694 0
0.0554602 0
0.0699129 0
0.354785 0
0.0878729 0
0.0490665 0
0.0781 0
0.0763022 0
0.392522 0
0.0504021 0
0.0650529 0
0.0637515 0
0.642041 0
0.0570085 0
0.0756478 0
0.152905 0
0.0648953 0
0.0503165 0
0.0844049 0
0.0808549 0
0.0240485 0
0.0814621 0
0.0534785 0
0.0646236 0
0.0602702 0
0.0668223 0
0.00257493 0
0.0839506 0
0.157685 0
2.411 0
0.0823341 0
0.0563297 0
0.0707673 0
0.0276292 0
0.0683146 0
0.0846689 0
0.0182745 0
3.20622 0
0.0477326 0
0.0855571 0
0.0547762 0
0.100864 0
0.0586747 0
0.0654302 0
0.111998 0
0.08145 0
0 0
0.0622866 0
0.123979 0
5.84944 0
0.0475206 0
0.065082 0
5.17712 0
0.0228366 0
0.0249698 0
0.0602732 0
0.121504 0
0.0589679 0
0.0397603 0
0.0979173 0
0.0645434 0
0.0561814 0
0.359632 0
0.123121 0
0.116148 0
0.046538 0
0.227956 0
0.0679771 0
0.0615074 0
0.603164 0
0.0767888 0
0.368199 0
0.0278065 0
0.0492181 0
0.0303714 0
0.0369817 0
0.0877762 0
0.146202 0
0.0914455 0
0.303391 0
0.149489 0
0.0498791 0
0.0531308 0
0.071813 0
0.0464485 0
0.0533278 0
0.0832236 0
0.0793829 0
0.0568374 0
0.132325 0
0.0896532 0
0.378989 0
0.0465733 0
0.0475031 0
0.0765406 0
0.0609032 0
0.404792 0
0.0898875 0
0.276574 0
0.738766 0
1.80348 0
0.111545 0
0.063215 0
0.0245824 0
0.0761085 0
0.0257117 0
0.0853602 0
0.062771 0
0.106114 0
0.108072 0
0.0771614 0
0.0826969 0
0.0870274 0
0.0780496 0
0.0305486 0
0.124755 0
2.96428 0
0.450864 0
0.0179988 0
0.0450602 0
0.782906 0
0.0911794 0
0.00577973 0
0.0764045 0
0.0832386 0
0.107879 0
0.0162125 0
0.0598771 0
0.0269403 0
0.0469606 0
0.114605 0
0.165015 0
0 0
0.36793 0
0.0287724 0
0.0591076 0
0.0756865 0
0.0444945 0
0.0474423 0
0.0500387 0
0.0582869 0
0.0783539 0
0.0702367 0
0.107341 0
0.10579 0
0.0917702 0
0.0296056 0
0.116698 0
0.0317843 0
0.494454 0
0.377301 0
0.0769394 0
0.032946 0
0.0484405 0
0.0934874 0
0.063392 0
0.064634 0
0.296166 0
0.197247 0
0.0383402 0
0.0733424 0
0.226854 0
0.0311878 0
0.0522662 0
0.0662224 0
0.0821787 0
0.0797365 0
0.0802647 0
0.29109 0
0.0727741 0
0.121767 0
0.179482 0
0.0668554 0
1.50709 0
0.190696 0
0.0781495 0
0.360308 0
0.0308543 0
1.47537 0
0.149391 0
0.39346 0
0.0719714 0
0.055149 0
0.0714893 0
0.00539206 0
0.0546281 0
0.0879794 0
0.0496629 0
0.287763 0
0.0817252 0
0.0385844 0
0.0878852 0
0.072339 0
0.0665644 0
0.0387547 0
0.0637472 0
0 0
0.0300224 0
0.059942 0
0.15367 0
0.893397 0
0.0406122 0
0.0885747 0
0.0226405 0
0.0636833 0
0.232437 0
0.0299806 0
0.0181012 0
0.105053 0
0.496266 0
0.0397174 0
0.436186 0
0.351325 0
0.0679637 0
0.00187035 0
0.00913943 0
0.084905 0
0.0839866 0
0.355108 0
0.964684 0
0.0668579 0
0.439076 0
0.0739886 0
0.0661404 0
0.0932788 0
0.0673493 0
8.08166 0
0.0585884 0
0.449656 0
0.0818765 0
0.0339377 0
0.0616247 0
0.144873 0
0.094856 0
0.0342143 0
0.0703082 0
0.0708878 0
0.0735953 0
0.20687 0
0.0581024 0
0.070237 0
0.127246 0
0.0520357 0
1.44381 0
0.132293 0
0.0351426 0
2.91942 0
0.0619211 0
0.112719 0
0.263965 0
0.0902558 0
0.0581883 0
0.0430845 0
0.100516 0
0.0452219 0
0.0833509 0
0.819467 0
0.117715 0
0.0686163 0
0.0537021 0
0.0768752 0
0.0925038 0
0.0242985 0
0.0365676 0
0.0613769 0
0.0969318 0
0.0343134 0
0.0296565 0
0.34136 0
0.0313702 0
0.0477239 0
0.506044 0
0.0554825 0
0.0426618 0
0.930085 0
0.0753985 0
0.0896936 0
0.0824149 0
0.0431683 0
0.262128 0
0.0282801 0
0.49553 0
0.0750519 0
0.0531831 0
0.0117961 0
0.0557319 0
0.508092 0
0.0149862 0
0.032958 0
0.0550943 0
0.0980809 0
0.0663955 0
0.518659 0
0.0377886 0
0.0250393 0
0.0410338 0
0.160328 0
0.103297 0
0.00888087 0
0.00375525 0
0.0794198 0
1.63579 0
0.0822599 0
2.868 0
0.0172929 0
1.63535 0
0.373173 0
2.94869 0
3.44455 0
0.922303 0
0.0729804 0
0.0957293 0
0.0956241 0
0.0812651 0
0.0351886 0
0.0690729 0
0.299986 0
0.0994719 0
0.0405138 0
0.336731 0
0.0521946 0
0.0117937 0
0.10869 0
0.0732182 0
0.0447388 0
2.0305 0
0.0225243 0
0.103555 0
0.154741 0
0.208799 0
0.0779233 0
0 0
0.139616 0
0.033831 0
0.0410204 0
0.0812973 0
0.112772 0
0.476338 0
0.0153787 0
0 0
0.0483896 0
1.92303 0
0.0679093 0
0.0206656 0
0.0850273 0
0.329629 0
0.119638 0
0.0213442 0
0.0696141 0
0.125875 0
0.0538154 0
0.0426458 0
0.0622391 0
0.110436 0
0.128297 0
0.115152 0
0.0526453 0
0.0746527 0
1.43574 0
0.0202938 0
0.102087 0
0.0351961 0
0.0631506 0
0.308876 0
0.0526184 0
0.806486 0
0.314015 0
0.120573 0
0.0585087 0
0.436943 0
0.0413016 0
0.415869 0
0.822115 0
0.0550379 0
0.0515563 0
0.0292268 0
0.182402 0
0.0645917 0
0.0650556 0
0.0197501 0
0.0402353 0
0.0882869 0
0.0946944 0
0.0786434 0
0.0998009 0
0.0665284 0
0.160834 0
0.0223537 0
0.0668022 0
0.0505999 0
0.0670782 0
0.0476845 0
0.102209 0
0.0599352 0
0.36218 0
0.0399384 0
0.0948067 0
0.0361666 0
0.242101 0
0.0817812 0
0.0539041 0
0.0625629 0
0.102754 0
0.0544193 0
0.252635 0
0.0611653 0
0.117138 0
0.577667 0
0.284319 0
0.065148 0
0.181308 0
0.168417 0
0.044232 0
0.0333625 0
0.0600612 0
0.141053 0
0.190326 0
0.0930748 0
0.0429578 0
0.0339494 0
0.0699422 0
0.0526555 0
0.0620207 0
0.0350939 0
0.0970162 0
0.0506658 0
0.109414 0
0.1253 0
0.0678802 0
0.0700953 0
0.0673917 0
0.154193 0
0.0449059 0
0.0576084 0
0.036602 0
0.102707 0
0.0920635 0
0.057826 0
0.0499243 0
2.00073 0
0.122123 0
0.00619015 0
0.0567024 0
0.0697215 0
0.0853934 0
0.0322593 0
0.0981879 0
0.0228583 0
1.07625 0
0.0355388 0
0.0442496 0
0.076327 0
0.0967406 0
0.0392031 0
0.00533631 0
0.0408494 0
0.0575702 0
0.067672 0
0.150833 0
1.60973 0
1.09256 0
0.794978 0
0.445038 0
0.0917431 0
1.91007 0
0.0946625 0
0.191664 0
0.0500816 0
0.0524786 0
0.0472155 0
0.106389 0
0.0357251 0
0.86814 0
0.0519968 0
0.730292 0
0.0709154 0
0.0801468 0
0.120547 0
0.11425 0
0.0235549 0
0.946651 0
0.0672363 0
0.068415 0
0.0133046 0
0.0948784 0
0.948273 0
0.0777472 0
0.0605034 0
0.0612657 0
0.0629943 0
0.0923074 0
0.0645016 0
0.018755 0
0.11298 0
0.0830713 0
0.0771392 0
0.243744 0
0.0931124 0
0.0719045 0
0.0410718 0
0.0711642 0
0.0757721 0
0.0514284 0
0.0173371 0
0.0262869 0
0.044352 0
0.383239 0
0.128582 0
0.0856084 0
0.485606 0
0.711928 0
0.113497 0
0.103965 0
0.113491 0
0.110239 0
0.049589 0
0.0545508 0
0.0614399 0
0.496739 0
0.0693439 0
0.0688733 0
0.491283 0
0.0720671 0
0.0602714 0
0.0808354 0
0.0186225 0
0.0767645 0
0.282197 0
0.448586 0
0.0228501 0
0.0860777 0
0.117881 0
0.0651698 0
0.459766 0
0.0725096 0
0.0916548 0
0.0373505 0
0.0378726 0
0.0181015 0
0.0911234 0
0.0103891 0
0.075662 0
0.0589434 0
0.0400301 0
0.0778073 0
0.113426 0
0.0752262 0
0.0689212 0
0.0345768 0
0.0395947 0
0.127437 0
0.0797766 0
0.0916182 0
0.0688329 0
0.307893 0
0.0679472 0
0.0588028 0
0.0347277 0
0.061138 0
0.0607403 0
1.65252 0
0.0437945 0
0.0666851 0
0.0984867 0
1.66744 0
0.587701 0
0.148062 0
0.0492239 0
0.221405 0
0.0629715 0
0.0583814 0
0.065942 0
0.0662889 0
1.63532 0
0.0552054 0
