0.931631 1
6.43972 1
2.05913 1
1.56956 1
0.576082 1
0.394312 1
0.11355 1
3.16954 1
0.937068 1
1.44251 1
0.129747 1
1.01592 1
1.50372 1
3.06421 1
0.912142 1
0.851634 1
2.27921 1
1.3136 1
2.3765 1
2.10888 1
3.058 1
1.32455 1
0.0674321 1
0.121728 1
1.16753 1
2.63471 1
0.77899 1
1.08593 1
0.569928 1
0.720774 1
2.76534 1
1.10867 1
0.644511 1
0.305556 1
0.42932 1
1.88177 1
1.07625 1
0.415591 1
1.08543 1
2.1674 1
2.0642 1
72.2721 1
1.52674 1
0.889414 1
1.1499 1
10.5987 1
0.307114 1
0.387114 1
0.406781 1
0.119034 1
33.1214 1
0.707755 1
0.23944 1
6.05893 1
2.30081 1
0.188871 1
0.338821 1
5.20587 1
0.202375 1
0.289408 1
0.959612 1
1.89403 1
2.93549 1
0.587287 1
1.02885 1
0.136857 1
0.169854 1
0.302112 1
0.864706 1
0.189407 1
1.81636 1
0.668595 1
1.94895 1
0.104242 1
0.137603 1
1.21717 1
0.979906 1
0.456932 1
0.666264 1
0.77257 1
4.9261 1
1.63574 1
0.290375 1
3.7167 1
0.227115 1
0.953708 1
0.0905357 1
0.972874 1
1.26693 1
118.471 1
0.4889 1
1.00574 1
0.106708 1
0.505912 1
0.0689655 1
0.961644 1
0.198399 1
0.436224 1
0.112547 1
0.255972 1
2.58954 1
4.38732 1
1.4308 1
0.217627 1
0.0899144 1
0.224476 1
1.33454 1
1.76799 1
0.191891 1
1.20237 1
1.94405 1
0.326785 1
0.332835 1
1.05615 1
1.57758 1
0.469235 1
1.89157 1
3.19937 1
2.06226 1
0.0711011 1
1.25618 1
0.795398 1
0.413472 1
1.64698 1
0.233269 1
1.97239 1
0.859847 1
2.1889 1
0.696748 1
13.9367 1
0.263768 1
1.26226 1
2.30423 1
1.06226 1
1.79166 1
0.383556 1
1.6763 1
0.0274251 1
3.87263 1
1.74475 1
0.261779 1
0.910397 1
0.329816 1
2.95946 1
1.87754 1
0.655351 1
0.288987 1
0.898252 1
0.376822 1
2.35953 1
1.2979 1
1.34177 1
1.58739 1
0.191816 1
1.4149 1
3.19991 1
0.967583 1
0.26514 1
0.35503 1
3.44817 1
0.337385 1
1.1304 1
0.0569165 1
2.65934 1
1.73997 1
0.094497 1
0.455075 1
0.434993 1
2.28376 1
2.93601 1
11.9089 1
0.0749381 1
1.92774 1
0.900162 1
0.577575 1
4.31763 1
0.38271 1
1.10331 1
0.478237 1
0.442141 1
0.116702 1
1.23309 1
0.0142722 1
0.544933 1
0.196898 1
3.17876 1
12.2327 1
1.1934 1
1.26663 1
0.440507 1
0.0548797 1
0.685061 1
1.92583 1
0.0861265 1
3.00938 1
0.151569 1
2.3268 1
2.12896 1
0.683132 1
1.14837 1
3.88888 1
0.355092 1
0.611987 1
2.10894 1
0.402927 1
6.16161 1
0.437411 1
0.229314 1
0.901761 1
1.13194 1
1.60547 1
0.015094 1
0.505271 1
0.962119 1
0.513076 1
0.940073 1
0.175668 1
1.45432 1
1.1796 1
1.31391 1
0.306674 1
0.239004 1
4.19463 1
0.0706381 1
0.648241 1
0.369589 1
1.64079 1
2.07868 1
1.79654 1
1.54436 1
1.02937 1
0.787276 1
3.12432 1
0.636673 1
0.594332 1
0.634054 1
0.0524142 1
0.166672 1
0.406518 1
0.383277 1
0.488 1
1.77425 1
1.13146 1
1.97966 1
6.43159 1
0.739565 1
0.147129 1
0.112013 1
0.855212 1
0.210633 1
0.197766 1
3.47202 1
2.08259 1
2.42695 1
0.0900922 1
1.4722 1
0.245153 1
0.207252 1
29.7171 1
2.20025 1
0.132975 1
0.219551 1
0.242527 1
0.752405 1
0.996224 1
0.13951 1
1.68951 1
0.10338 1
1.20828 1
0.668175 1
0.325585 1
1.37379 1
0.680933 1
3.57901 1
2.1042 1
0.226764 1
0.266219 1
1.3114 1
0.803561 1
0.120132 1
0.261606 1
2.11284 1
3.38052 1
1.80359 1
1.9602 1
0.349691 1
0.332825 1
0.987522 1
0.478082 1
1.74515 1
4.72338 1
3.13348 1
0.95006 1
1.60263 1
0.420812 1
0.468814 1
0.590505 1
0.273314 1
1.32729 1
0.977846 1
1.67911 1
0.521605 1
0.82393 1
38.9851 1
0.174387 1
2.32824 1
0.208751 1
0.61285 1
0.688845 1
1.97205 1
0.46054 1
0.0924197 1
1.34408 1
0.6259 1
0.170442 1
2.16011 1
2.22011 1
0.525137 1
0.37486 1
3.98143 1
0.175695 1
0.563019 1
0.833171 1
0.752573 1
0.6554 1
2.077 1
1.36129 1
0.432706 1
0.110806 1
1.08983 1
1.50887 1
0.819606 1
0.497144 1
1.18413 1
1.10326 1
1.59192 1
2.11271 1
1.40643 1
1.79796 1
0.299968 1
2.14016 1
0.445516 1
3.25951 1
0.22452 1
1.99822 1
1.94782 1
0.608047 1
0.171555 1
3.86335 1
1.33479 1
0.310556 1
4.97748 1
0.253502 1
1.32256 1
0.382132 1
2.01816 1
0.133445 1
0.102376 1
0.201896 1
0.363797 1
0.3025 1
0.213002 1
3.25245 1
7.42561 1
1.16865 1
0.378168 1
3.4686 1
2.15127 1
1.31586 1
7.8385 1
1.33101 1
0.122924 1
0.573354 1
0.0854565 1
2.2689 1
2.84047 1
1.03678 1
1.66051 1
0.296602 1
0.173941 1
0.187472 1
1.18164 1
0.195105 1
0.484576 1
0.221017 1
2.10998 1
0.534696 1
4.45985 1
0.198216 1
0.573055 1
0.953082 1
0.125408 1
0.160497 1
3.31763 1
0.00743366 1
0.268659 1
2.0703 1
0.588602 1
0.21422 1
0.364019 1
2.14525 1
1.17208 1
0.271822 1
1.41562 1
0.160754 1
0.202752 1
0.295386 1
1.9457 1
1.35351 1
0.991486 1
2.17487 1
3.57799 1
0.885222 1
4.18987 1
1.08803 1
1.77293 1
3.75883 1
0.118617 1
0.0829227 1
1.29734 1
0.438512 1
1.09395 1
6.2307 1
1.62907 1
10.4858 1
0.626822 1
1.07504 1
0.625875 1
0.360268 1
1.58043 1
0.496902 1
1.34454 1
0.260977 1
0.187621 1
1.48028 1
0.503609 1
2.91235 1
0.257555 1
0.954225 1
1.7465 1
0.16713 1
0.523987 1
0.635195 1
0.178123 1
2.32816 1
2.49861 1
2.76287 1
0.689856 1
0.449771 1
2.29648 1
0.61694 1
0.479615 1
0.381833 1
3.40784 1
1.99572 1
1.88279 1
0.066513 1
0.178328 1
1.41052 1
0.51053 1
0.0613687 1
0.582049 1
0.548948 1
6.8698 1
2.11966 1
3.79291 1
3.49398 1
1.3312 1
2.45784 1
2.60381 1
0.371409 1
7.15094 1
1.02241 1
1.93443 1
0.19946 1
1.6071 1
0.292048 1
0.77609 1
0.978848 1
0.273064 1
1.31154 1
0.291667 1
0.228016 1
1.43789 1
0.780496 1
0.520148 1
3.12258 1
0.166212 1
2.01616 1
1.62597 1
1.48072 1
0.99468 1
2.14568 1
0.515399 1
0.249686 1
1.11469 1
0.0910055 1
0.178147 1
0.818625 1
0.43443 1
0.987324 1
0.241862 1
0.145871 1
0.65126 1
2.8504 1
0.504389 1
0.858545 1
0.165745 1
1.28581 1
0.5918 1
0.295574 1
2.38158 1
0.761806 1
0.937504 1
1.01673 1
0.148446 1
29.6697 1
6.39554 1
1.92728 1
65.7139 1
1.58288 1
0.536009 1
0.111457 1
0.745443 1
0.954609 1
0.627603 1
10.7365 1
1.71908 1
1.52681 1
0.389722 1
1.27212 1
0.0358232 1
2.88138 1
0.901139 1
0.0689576 1
1.30542 1
0.483165 1
1.21639 1
0.372592 1
3.84 1
3.07458 1
0.954776 1
2.20124 1
0.159547 1
2.28163 1
1.61613 1
0.479721 1
2.44374 1
0.126033 1
1.47117 1
0.51794 1
2.96293 1
0.39776 1
0.357659 1
0.183566 1
1.03882 1
0.151444 1
1.40904 1
0.535449 1
0.51952 1
0.966658 1
2.34136 1
0.528027 1
0.772837 1
0.449151 1
1.23756 1
0.807615 1
0.935079 1
0.877735 1
0.57537 1
0.124185 1
3.78746 1
0.577183 1
1.50034 1
0.398326 1
0.800044 1
2.27801 1
0.079828 1
0.699638 1
0.595843 1
1.1042 1
0.106593 1
0.657931 1
0.318687 1
1.2352 1
2.2647 1
1.87742 1
0.284601 1
0.189733 1
0.12841 1
0.94407 1
0.612973 1
3.80548 1
0.673766 1
2.403 1
0.390302 1
1.16525 1
0.131008 1
0.688471 1
1.98631 1
2.52457 1
0.162981 1
2.13029 1
0.372057 1
0.470554 1
0.414123 1
1.05626 1
1.11614 1
0.369576 1
0.188174 1
1.6215 1
2.42235 1
1.97103 1
0.728739 1
0.895027 1
3.14342 1
0.433387 1
0.939265 1
1.00118 1
1.18684 1
0.678709 1
1.23166 1
0.43262 1
0.35983 1
0.857982 1
0.223807 1
0.276737 1
8.95149 1
0.129048 1
1.40882 1
0.191052 1
0.738788 1
0.117151 1
1.14636 1
0.142719 1
0.254155 1
0.781728 1
0.362136 1
0.119548 1
1.40828 1
1.23612 1
1.28779 1
1.18884 1
0.821017 1
0.236966 1
2.19594 1
0.910506 1
3.02955 1
0.486769 1
0.15904 1
0.163432 1
0.142272 1
0.24907 1
0.869525 1
0.11625 1
1.9654 1
0.200816 1
1.3828 1
0.300254 1
7.07982 1
2.58132 1
1.04304 1
0.256227 1
1.16675 1
1.16245 1
1.2723 1
0.200073 1
0.232079 1
2.88833 1
0.121161 1
0.076009 1
1.52817 1
0.560336 1
0.327374 1
0.655618 1
0.167203 1
0.465087 1
1.07303 1
1.62163 1
0.888949 1
0.108521 1
1.09081 1
0.852097 1
2.97199 1
0.21524 1
1.28421 1
0.187525 1
1.68237 1
0.544086 1
0.400777 1
1.93202 1
0.24461 1
0.857351 1
0.366287 1
1.61776 1
0.877088 1
2.22193 1
1.2025 1
0.173424 1
2.25338 1
1.0599 1
1.75233 1
1.79158 1
0.273705 1
1.02808 1
0.497673 1
0.091462 1
2.29105 1
0.300482 1
0.666674 1
1.52041 1
0.162213 1
2.82064 1
0.10633 1
1.5382 1
0.246613 1
5.56514 1
1.71284 1
1.07142 1
3.40351 1
1.77662 1
0.0847581 1
2.15011 1
0.166351 1
0.0184343 1
0.582289 1
0.303607 1
0.236282 1
1.42682 1
0.929087 1
0.438381 1
1.43156 1
0.328192 1
0.457594 1
0.738786 1
0.404678 1
0.303273 1
0.554369 1
0.34151 1
4.08722 1
0.327973 1
0.234711 1
0.600519 1
2.89104 1
1.13364 1
0.550226 1
0.221985 1
2.5845 1
1.89955 1
1.05876 1
0.279449 1
0.130944 1
0.236343 1
2.71991 1
2.4326 1
2.1989 1
0.66135 1
4.48368 1
2.58698 1
0.210114 1
1.19264 1
0.419181 1
1.80588 1
0.107779 1
1.03667 1
1.1962 1
0.219369 1
0.841129 1
0.510442 1
1.46303 1
1.56222 1
0.8043 1
0.542067 1
0.478096 1
0.378633 1
6.13445 1
0.887262 1
19.9365 1
0.119365 1
2.37952 1
1.04503 1
2.04815 1
0.243347 1
0.976393 1
1.62078 1
0.612265 1
2.02886 1
0.167822 1
0.204905 1
1.95996 1
0.201403 1
1.11856 1
2.27582 1
3.98674 1
1.41596 1
0.837359 1
0.462914 1
0.46688 1
1.30328 1
0.750158 1
1.21534 1
2.48865 1
0.139287 1
0.53996 1
0.694042 1
0.0633045 1
0.843031 1
0.0021131 1
0.701583 1
0.179186 1
0.337641 1
4.89148 1
0.473225 1
0.405799 1
1.49852 1
2.20729 1
0.575151 1
0.0804283 1
0.924896 1
1.56973 1
1.0732 1
0.0831285 1
0.773288 1
0.257001 1
0.764934 1
0.184227 1
0.221051 1
0.106494 1
0.306236 1
0.756465 1
0.684617 1
1.29366 1
3.55569 1
0.356323 1
3.14575 1
3.01794 1
1.81335 1
5.09103 1
1.99364 1
0.528678 1
0.947685 1
0.929093 1
6.25012 1
0.443238 1
0.923537 1
0.920599 1
0.811425 1
0.152027 1
2.26175 1
0.905896 1
0.915152 1
3.16209 1
2.0555 1
1.60088 1
0.274255 1
0.395739 1
1.11235 1
0.869656 1
0.119765 1
0.992944 1
4.13889 1
0.358757 1
0.609011 1
1.17286 1
1.08188 1
0.892004 1
1.23985 1
1.19513 1
0.361225 1
1.8972 1
1.97996 1
0.215185 1
1.19996 1
0.209527 1
1.09957 1
0.245267 1
0.514153 1
0.167656 1
1.31881 1
0.049049 1
0.714208 1
0.130033 1
1.47446 1
0.954065 1
1.06663 1
1.97912 1
0.281424 1
1.66082 1
0.217134 1
0.184952 1
1.07562 1
2.31587 1
2.99611 1
1.36051 1
0.177038 1
1.33704 1
8.50655 1
0.857074 1
1.25237 1
0.829306 1
0.167912 1
0.949756 1
5.60697 1
2.90553 1
5.39351 1
0.173039 1
0.833391 1
1.19915 1
0.480916 1
0.130217 1
1.03811 1
2.63876 1
0.248884 1
1.07398 1
0.391237 1
0.357973 1
0.108599 1
0.841573 1
2.3518 1
1.28009 1
0.354808 1
4.93452 1
13.3629 1
0.31428 1
4.63676 1
0.243927 1
0.877272 1
0.251445 1
0.591517 1
0.439508 1
2.55796 1
0.202997 1
0.315244 1
3.09087 1
1.56302 1
0.349061 1
0.71486 1
1.79012 1
0.242681 1
0.921152 1
1.43961 1
2.50264 1
2.84306 1
0.726755 1
0.666571 1
3.82269 1
1.64157 1
0.98916 1
0.571863 1
1.07873 1
0.0710476 1
0.50668 1
1.83068 1
0.172007 1
2.45648 1
4.12795 1
2.05173 1
0.814194 1
1.70409 1
4.72535 1
0.278624 1
0.478646 1
0.926361 1
0.654688 1
3.87376 1
0.119352 1
0.726767 1
0.652817 1
1.49701 1
2.2364 1
1.53232 1
3.24187 1
1.58549 1
0.151974 1
0.338965 1
0.310688 1
1.4915 1
0.385724 1
0.672787 1
6.65494 1
0.123803 1
0.615615 1
0.563307 1
0.481364 1
0.368579 1
0.163755 1
2.52027 1
1.24265 1
0.231185 1
0.233431 1
0.714351 1
0.360458 1
0.541948 1
0.727486 1
0.53109 1
0.0870419 1
1.6189 1
0.546831 1
10.3398 1
3.92157 1
0.253272 1
3.7065 1
0.321683 1
0.345858 1
0.127665 1
0.345192 1
1.18255 1
0.636627 1
1.50222 1
0.72578 1
0.0762189 1
4.25765 1
0.219925 1
2.43152 1
0.369914 1
1.63256 1
0.0846814 1
2.83065 1
1.98907 1
4.39347 1
4.04068 1
0.947526 1
1.04564 1
55.7491 1
4.21863 1
0.364615 1
110.41 1
0.0498858 1
2.92453 1
0.668207 1
0.425088 1
1.3045 1
0.460593 1
0.956544 1
0.992172 1
0.542878 1
0.271676 1
0.263588 1
1.90543 1
0.817935 1
5.31195 1
0.437879 1
0.688696 1
0.396911 1
2.4621 1
0.0277084 1
0.316435 1
5.07859 1
1.87446 1
0.869096 1
0.939283 1
1.65418 1
1.60712 1
0.338284 1
0.381706 1
0.678762 1
0.546905 1
1.46757 1
0.475984 1
0.585008 1
0.660325 1
0.765791 1
1.7928 1
0.212856 1
0.279266 1
1.04334 1
3.38692 1
0.627614 1
0.665979 1
0.0984958 1
0.182449 1
1.53192 1
0.974734 1
1.36544 1
4.16112 1
0.591427 1
0.717884 1
1.61038 1
0.470394 1
0.378063 1
1.04345 1
2.85761 1
0.592814 1
1.03723 1
1.80673 1
0.193651 1
0.893388 1
1.27792 1
0.589284 1
0.79088 1
0.624766 0
1.40641 0
0.41502 0
0.513119 0
0.144761 0
0.159533 0
1.67336 0
0.311731 0
2.81069 0
0.0720117 0
0.509827 0
0.0686555 0
1.03458 0
2.77375 0
1.86555 0
0.690629 0
0.44965 0
0.671805 0
0.215468 0
0.250123 0
0.652831 0
0.22448 0
0.266354 0
0.0619431 0
0.115685 0
0.926996 0
4.83721 0
0.83168 0
0.3823 0
0.181324 0
0.0967568 0
0.239453 0
0.0662909 0
0.923363 0
0.124108 0
0.511825 0
2.18592 0
0.338499 0
0.616582 0
0.158604 0
0.0427605 0
0.601309 0
0.0613657 0
0.34604 0
0.475252 0
4.27583 0
2.14482 0
0.0749501 0
0.218987 0
0.16846 0
4.25802 0
0.067621 0
0.664616 0
0.32991 0
0.213494 0
0.651475 0
0.933785 0
1.30506 0
2.16977 0
0.159477 0
0.268745 0
0.473452 0
0.532091 0
0.258894 0
0.0638771 0
0.407609 0
0.495916 0
0.291514 0
0.299073 0
0.510987 0
1.99492 0
0.0488522 0
1.08201 0
0.0416318 0
2.76313 0
0.152272 0
0.251544 0
0.326193 0
0.15466 0
0.196656 0
1.70621 0
1.01588 0
0.12127 0
1.69685 0
0.785156 0
0.284458 0
0.467293 0
2.67676 0
0.935809 0
0.280627 0
0.325924 0
0.564136 0
2.11999 0
0.149546 0
1.60623 0
0.617389 0
1.0152 0
1.12391 0
0.118715 0
7.2345 0
0.349753 0
0.101715 0
0.0363248 0
0.537701 0
0.0991781 0
0.150295 0
0.0588395 0
0.547748 0
0.334404 0
0.134061 0
0.144579 0
1.00221 0
2.39933 0
0.575979 0
0.175536 0
0.394099 0
0.0599085 0
0.64719 0
0.657798 0
0.494096 0
0.311329 0
1.70783 0
0.120615 0
0.0247552 0
0.732422 0
1.24838 0
0.0495385 0
0.634252 0
0.281113 0
0.286888 0
0.336315 0
1.00479 0
1.95167 0
0.632072 0
0.328908 0
0.812703 0
2.27694 0
1.23865 0
0.584108 0
0.457095 0
0.255203 0
0.545085 0
0.955585 0
0.349361 0
1.03705 0
14.3313 0
0.898795 0
0.845238 0
0.26152 0
0.335605 0
0.941338 0
0.997804 0
0.192978 0
1.12622 0
0.526642 0
0.450356 0
0.133191 0
2.2204 0
1.95577 0
0.341566 0
0.202432 0
2.19413 0
2.28851 0
0.260078 0
0.138901 0
0.721947 0
0.258755 0
0.217868 0
0.417742 0
1.22209 0
0.202719 0
1.40067 0
0.246284 0
2.00356 0
0.119294 0
2.66403 0
0.768564 0
0.0891349 0
0.134426 0
0.134039 0
0.258542 0
0.365478 0
2.31399 0
0.42154 0
0.817705 0
0.103658 0
0.754783 0
0.820554 0
1.04227 0
0.502774 0
1.68658 0
0.0429282 0
1.06898 0
0.523335 0
0.775962 0
0.176623 0
0.0997676 0
1.02076 0
0.11923 0
0.338563 0
0.744731 0
0.0380117 0
0.306149 0
0.080406 0
0.826521 0
0.153274 0
0.363547 0
0.107374 0
0.835272 0
1.00821 0
0.985465 0
0.181213 0
0.379656 0
1.89028 0
0.913304 0
0.984343 0
0.039418 0
0.0730342 0
0.0471434 0
0.683007 0
0.125654 0
0.165438 0
0.190121 0
0.139704 0
0.182007 0
0.110964 0
1.18534 0
1.2591 0
0.0965423 0
2.86992 0
0.401473 0
0.176943 0
0.107063 0
0.064543 0
0.632327 0
7.00213 0
0.400957 0
0.784554 0
0.218331 0
0.141018 0
1.39972 0
1.12157 0
0.128729 0
0.167009 0
1.65478 0
0.284954 0
0.606368 0
0.181702 0
0.221259 0
0.189852 0
1.12422 0
0.505156 0
0.474556 0
0.26143 0
0.950762 0
0.492808 0
0.20312 0
1.38387 0
0.26004 0
0.116349 0
0.583829 0
2.36544 0
0.0786543 0
0.0999163 0
0.151726 0
0.132393 0
0.295191 0
0.148019 0
0.345647 0
0.471175 0
0.0607292 0
0.0820494 0
1.38593 0
3.87328 0
1.2684 0
0.257886 0
1.16501 0
0.86372 0
0.0798479 0
0.259921 0
0.841598 0
0.157632 0
1.38368 0
0.174471 0
0.0416788 0
1.26596 0
0.899746 0
0.384797 0
0.153278 0
1.41895 0
0.648642 0
0.179023 0
0.365054 0
4.29706 0
0.0920864 0
1.27592 0
0.180309 0
0.400022 0
0.815049 0
0.546959 0
1.58934 0
0.709974 0
0.0958807 0
1.09561 0
0.900824 0
0.116608 0
0.692104 0
0.779283 0
0.637842 0
0.155623 0
0.143208 0
0.176424 0
0.203288 0
0.245839 0
0.353832 0
0.200635 0
1.38282 0
2.01279 0
1.30123 0
0.341562 0
0.260093 0
0.0884514 0
0.578265 0
3.56792 0
2.2932 0
1.26691 0
0.278201 0
0.17255 0
0.48517 0
0.174747 0
0.795117 0
2.61023 0
1.01325 0
0.186635 0
0.258452 0
0.394577 0
0.143961 0
0.112078 0
0.601787 0
0.405322 0
0.128788 0
0.44733 0
0.0988938 0
1.17305 0
0.1212 0
1.14073 0
0.00187598 0
6.37639 0
0.645336 0
0.269184 0
0.492318 0
1.56914 0
0.760809 0
0.96082 0
0.540656 0
0.305914 0
2.63784 0
0.0556699 0
0.207671 0
0.3284 0
0.299133 0
0.136206 0
0.222017 0
0.482485 0
0.788799 0
0.134977 0
1.64611 0
0.0997957 0
0.109444 0
0.036566 0
1.01258 0
0.556664 0
1.84797 0
0.358452 0
0.109377 0
0.661379 0
0.218574 0
0.345109 0
2.63182 0
0.216436 0
0.588748 0
0.340687 0
0.216684 0
2.76222 0
0.171793 0
0.587407 0
0.0825389 0
0.115952 0
0.924774 0
2.23288 0
0.28519 0
0.489342 0
0.123677 0
0.461527 0
0.569163 0
0.986529 0
0.589384 0
1.73428 0
0.0994162 0
0.750935 0
1.83268 0
0.815745 0
0.242911 0
0.235839 0
1.14643 0
1.36389 0
0.146524 0
1.89441 0
0.0878592 0
0.294145 0
0.217835 0
0.591706 0
0.366627 0
3.04182 0
0.00597593 0
0.792907 0
3.00795 0
0.34964 0
0.455293 0
0.126557 0
2.18927 0
0.643093 0
1.28475 0
1.36636 0
0.999115 0
0.147488 0
0.128982 0
0.1 0
0.147459 0
0.11098 0
0.685616 0
1.84079 0
1.37637 0
1.19016 0
0.403794 0
0.0876472 0
0.905194 0
1.43456 0
0.312733 0
2.41598 0
0.789611 0
0.185564 0
0.18575 0
0.253667 0
0.202568 0
0.311239 0
0.18558 0
1.56437 0
0.120153 0
0.708026 0
0.546886 0
0.564262 0
0.369113 0
1.54375 0
0.236247 0
0.31841 0
2.85086 0
0.944431 0
0.701572 0
0.671191 0
3.00654 0
0.17377 0
0.110252 0
0.521556 0
0.701127 0
0.271462 0
0.249702 0
0.761174 0
0.256243 0
0.601616 0
0.348731 0
0.957323 0
0.966063 0
0.748136 0
0.721429 0
0.590979 0
1.11002 0
1.23449 0
0.554691 0
0.279591 0
0.276406 0
1.5376 0
0.834876 0
0.277794 0
0.584411 0
0.30217 0
0.24142 0
0.865611 0
0.364792 0
0.153646 0
0.0277582 0
0.131303 0
0.219867 0
1.06597 0
0.729826 0
0.212187 0
0.153235 0
1.10618 0
0.671387 0
0.512548 0
0.182063 0
0.463374 0
0.390428 0
0.412468 0
0.18943 0
0.104561 0
0.310899 0
0.00451128 0
0.862925 0
0.718268 0
0.12939 0
0.3374 0
0.218558 0
0.481092 0
0.269589 0
0.288992 0
0.286572 0
0.227836 0
1.59082 0
0.849774 0
0.164266 0
0.855698 0
0.435473 0
1.18696 0
0.832534 0
0.441439 0
0.142791 0
0.477663 0
0.237373 0
0.0669846 0
0.241555 0
1.72176 0
0.0861569 0
0.373366 0
0.500182 0
0.974439 0
3.74528 0
1.18257 0
0.218353 0
0.232905 0
0.680831 0
0.337222 0
0.225162 0
0.148068 0
0.18822 0
0.359696 0
1.71241 0
0.120927 0
0.20595 0
1.49332 0
0.342661 0
0.497963 0
0.260965 0
1.25071 0
0.0815012 0
0.0239291 0
0.544348 0
0.530092 0
1.87963 0
1.45666 0
0.149552 0
1.12968 0
0.148679 0
1.38775 0
2.19784 0
0.274735 0
0.00839216 0
4.13729 0
0.830477 0
1.11211 0
0.888926 0
0.256547 0
1.24984 0
0.162347 0
0.223371 0
0.479643 0
1.40131 0
0.731241 0
0.286222 0
0.333129 0
0.0891224 0
0.0827596 0
2.52235 0
2.76256 0
0.202928 0
0.702782 0
0.23966 0
3.1978 0
1.86992 0
0.40576 0
0.140683 0
0.405363 0
0.18141 0
0.454862 0
0.27234 0
0.348387 0
0.580566 0
1.69231 0
0.539731 0
0.784103 0
0.213944 0
0.305702 0
0.157023 0
0.180065 0
0.63934 0
1.48306 0
0.215927 0
0.0264502 0
1.01213 0
0.455857 0
0.491808 0
0.5862 0
0.228806 0
0.225541 0
0.0999375 0
0.484964 0
0.827282 0
1.52589 0
2.73631 0
1.90578 0
2.62683 0
0.341638 0
2.80354 0
0.490483 0
0.244553 0
0.216146 0
0.179429 0
0.492026 0
2.50397 0
0.718317 0
0.453088 0
0.0516362 0
0.252744 0
0.135412 0
0.22381 0
0.278509 0
1.54443 0
0.183983 0
0.52784 0
0.31995 0
0.596813 0
1.60967 0
0.224798 0
0.224946 0
1.89484 0
1.96576 0
1.06703 0
1.20204 0
0.0765306 0
0.288133 0
0.0962236 0
0.139936 0
0.170427 0
0.20483 0
0.0593476 0
0.360909 0
2.34237 0
0.154007 0
0.874359 0
0.217459 0
0.116994 0
0.267023 0
0.0789063 0
0.382171 0
0.245124 0
1.7564 0
0.777217 0
0.191927 0
0.284632 0
0.0733073 0
0.366719 0
0.0960109 0
1.61319 0
0.895271 0
0.192728 0
0.3363 0
0.864715 0
5.40948 0
1.27452 0
1.03883 0
0.0585672 0
5.51846 0
1.40749 0
0.136278 0
0.344012 0
0.221761 0
0.309084 0
0.0253245 0
0.102484 0
0.217808 0
0.138201 0
0.265302 0
0.0656277 0
1.66862 0
0.342165 0
0.70687 0
1.1463 0
0.771114 0
4.09695 0
0.280926 0
0.433146 0
0.275828 0
0.16751 0
0.22274 0
0.485662 0
2.21243 0
0.331971 0
0.852951 0
0.231347 0
0.394183 0
0.478052 0
0.252437 0
0.505661 0
1.09209 0
1.14778 0
0.455412 0
3.95602 0
0.221589 0
5.29619 0
3.35575 0
0.147124 0
2.45732 0
0.737853 0
0.913841 0
0.176707 0
0.749468 0
0.817309 0
1.16534 0
0.211075 0
1.43006 0
0.294943 0
0.170304 0
0.303311 0
0.856805 0
0.0722503 0
2.37305 0
0.245623 0
0.2346 0
2.98739 0
1.02339 0
0.28739 0
6.5441 0
0.320172 0
1.22382 0
0.113482 0
4.84648 0
0.184318 0
3.76923 0
0.266685 0
0.351214 0
0.611033 0
1.3009 0
0.625345 0
2.05784 0
0.0513971 0
1.07495 0
32.885 0
1.26586 0
1.23768 0
0.499243 0
1.69588 0
0.0737997 0
1.40767 0
0.182279 0
0.225236 0
0.0178788 0
1.55248 0
1.49379 0
0.358606 0
0.939042 0
0.382097 0
0.128133 0
0.544692 0
0.192553 0
0.225862 0
1.05038 0
1.33976 0
0.0868772 0
0.751635 0
0.155725 0
0.296746 0
1.37683 0
1.47152 0
0.610486 0
0.368951 0
0.112188 0
0.18008 0
1.00684 0
1.42994 0
1.06123 0
0.430894 0
0.719059 0
0.229521 0
0.371319 0
0.466549 0
1.19557 0
0.367866 0
3.48508 0
0.283284 0
0.511429 0
0.260259 0
1.03617 0
0.0523593 0
1.47208 0
0.364078 0
0.241262 0
0.68497 0
0.110961 0
0.329425 0
0.191181 0
0.288839 0
0.296829 0
0.199081 0
0.512261 0
0.282029 0
0.25079 0
0.159182 0
0.0903489 0
1.12372 0
0.824888 0
0.496181 0
0.437755 0
1.12604 0
0.211841 0
2.23009 0
0.246732 0
0.546011 0
0.215333 0
0.265773 0
0.245302 0
0.768699 0
6.11756 0
0.152316 0
0.408469 0
0.279281 0
0.566679 0
0.186734 0
0.632522 0
0.174479 0
1.31886 0
0.112278 0
0.25933 0
28.6415 0
0.48561 0
0.148962 0
0.183027 0
0.112526 0
0.1177 0
0.118674 0
3.09283 0
0.545823 0
0.10671 0
6.4301 0
0.856488 0
0.0714463 0
0.627786 0
0.300848 0
0.56078 0
0.448381 0
7.66853 0
1.02064 0
1.08099 0
0.0624574 0
0.93259 0
0.380432 0
0.143891 0
1.28602 0
0.126685 0
2.00055 0
1.28878 0
0.23484 0
1.19849 0
0.963347 0
0.164401 0
0.0345992 0
0.409457 0
1.26127 0
0.814173 0
0.136389 0
3.2432 0
0.399158 0
0.326028 0
0.555782 0
0.384427 0
1.57597 0
3.99984 0
1.55524 0
0.0895406 0
0.264379 0
0.2019 0
3.63719 0
0.11945 0
0.606694 0
0.463283 0
0.0863139 0
1.7061 0
0.0723978 0
0.775226 0
0.21944 0
0.600418 0
0.27905 0
0.446472 0
0.252507 0
0.0811687 0
1.81317 0
0.446444 0
0.113959 0
0.358586 0
0.377694 0
1.32567 0
0.323578 0
1.23428 0
0.27127 0
0.144208 0
0.419752 0
0.230194 0
0.35 0
1.58815 0
1.11994 0
1.46252 0
1.99556 0
0.511787 0
0.136963 0
2.34383 0
0.769155 0
0.928048 0
0.335877 0
0.297802 0
0.369165 0
0.207861 0
0.161907 0
0.346132 0
6.13451 0
0.772742 0
0.669232 0
0.133149 0
0.111482 0
1.11151 0
0.443717 0
0.271631 0
0.254648 0
0.901172 0
0.54616 0
0.817991 0
0.48898 0
1.14625 0
0.0938068 0
0.0625925 0
0.644611 0
0.288465 0
0.124957 0
0.213636 0
1.98547 0
0.283665 0
0.476429 0
0.010865 0
0.370315 0
3.61003 0
1.68289 0
1.67754 0
0.21859 0
0.294217 0
0.150885 0
0.699891 0
0.201821 0
0.326714 0
0.190593 0
0.0822228 0
3.6698 0
0.624046 0
0.314395 0
0.322041 0
0.289374 0
0.606282 0
2.7835 0
0.636665 0
0.801661 0
2.15462 0
0.913107 0
0.614887 0
0.128978 0
1.83699 0
0.358751 0
0.666526 0
0.296038 0
1.15329 0
1.93703 0
0.263563 0
1.09109 0
0.338315 0
1.24345 0
0.559529 0
0.188584 0
1.32143 0
0.0174565 0
0.178176 0
0.451706 0
4.03116 0
0.494849 0
0.338298 0
0.589534 0
0.666555 0
2.62822 0
1.18835 0
0.0578366 0
0.50057 0
0.176771 0
0.404194 0
1.06699 0
2.64291 0
0.787658 0
0.662816 0
0.254497 0
0.265187 0
0.447872 0
0.108112 0
2.90756 0
0.923212 0
0.331261 0
0.155817 0
0.951919 0
0.676181 0
1.07532 0
0.578983 0
0.92263 0
2.80642 0
0.109062 0
0.0781518 0
1.3061 0
0.712269 0
0.461149 0
0.761585 0
0.171129 0
0.775606 0
0.764594 0
2.04881 0
0.49583 0
0.555562 0
0.348595 0
1.7159 0
0.426187 0
2.40943 0
0.0512055 0
1.01842 0
1.03274 0
0.198333 0
0.967319 0
0.720752 0
0.559802 0
0.266505 0
0.255283 0
3.10844 0
1.78236 0
1.29728 0
0.45346 0
0.297663 0
1.47226 0
0.46744 0
0.207341 0
0.266836 0
1.46923 0
0.240937 0
0.104693 0
1.87356 0
0.82469 0
0.191187 0
0.162802 0
0.21129 0
0.416104 0
1.38273 0
2.43114 0
1.30836 0
1.03988 0
1.81431 0
0.0997389 0
1.32626 0
0.800448 0
0.093832 0
0.146203 0
0.459931 0
0.821698 0
0.471152 0
0.561424 0
0.408951 0
1.04154 0
0.601745 0
0.522139 0
