0.749261 1
0.43898 1
0.750905 1
0.0576863 1
2.97889 1
0.57917 1
0.0673534 1
0.0773991 1
8.77318 1
1.8011 1
0.628416 1
1.0135 1
1.05902 1
0.637921 1
0.00748676 1
0.0411634 1
0.108455 1
0.00750518 1
1.58093 1
1.30291 1
0.136662 1
0.236645 1
0.0491979 1
12.578 1
0.0497306 1
0.0614827 1
1.33201 1
3.82828 1
0.0591059 1
1.5851 1
0.674106 1
0.77294 1
0.804691 1
0.575054 1
0.123116 1
0.0743459 1
0.0493386 1
2.50342 1
1.61616 1
0.140364 1
3.04646 1
0.114295 1
1.77167 1
1.92011 1
10.0789 1
0.583746 1
0.474724 1
0.0133083 1
0.864284 1
0.380672 1
1.34695 1
0.0507619 1
0.0541624 1
0.0633153 1
0.0958028 1
0.365797 1
26.4871 1
0.0196837 1
0.0802383 1
0.0916975 1
2.9711 1
0.0476348 1
0.0803112 1
0.767527 1
0.101117 1
10.4033 1
0.483017 1
0.0448503 1
0.110359 1
0.438579 1
7.23468 1
0.0904055 1
0.375765 1
12.4329 1
0.508498 1
0.0962369 1
0.0573544 1
0.461274 1
1.25768 1
0.0297179 1
0.0755121 1
0.0446526 1
0.577038 1
1.20278 1
0.0894801 1
0.0710319 1
2.11064 1
0.0845516 1
0.218273 1
4.03558 1
0.0378901 1
0.0197355 1
0.181552 1
1.90496 1
0.0664484 1
2.65947 1
1.5031 1
0.348538 1
0.0678034 1
0.507084 1
0.0634412 1
0.65493 1
2.71428 1
0.0436275 1
0.0386621 1
7.81375 1
0.361075 1
0.0761982 1
0.0289565 1
0.0548513 1
0.817786 1
0.0514914 1
0.356303 1
1.21972 1
0.0149695 1
1.16351 1
0.689972 1
0.236222 1
6.70325 1
20.5918 1
0.275112 1
0.0241772 1
0.0329429 1
2.51886 1
0.00956486 1
0.119574 1
2.7866 1
0.0779643 1
0.479712 1
0.1465 1
3.93884 1
0.0557804 1
0.0301097 1
1.34155 1
1.6671 1
5.88425 1
29.2524 1
0.037385 1
0.883504 1
0.086493 1
0.0541961 1
0.0383528 1
1.93269 1
0.0558848 1
0.127103 1
3.8202 1
1.07388 1
0.0376623 1
0.337788 1
2.67011 1
0.0425278 1
10.7312 1
10.3849 1
0.640598 1
0.111896 1
0.292906 1
7.14367 1
0.023796 1
0.0542847 1
0.0219201 1
0.333496 1
0.02502 1
4.76317 1
0.289848 1
0.123433 1
1.69806 1
0.0968519 1
0.786395 1
0.890554 1
1.74425 1
0.999117 1
0.291179 1
0.676283 1
0.0675403 1
0.641603 1
0.0449044 1
0.111763 1
1.67002 1
0.939034 1
0.034018 1
0.401668 1
15.4795 1
0.0154029 1
3.65348 1
0.0140158 1
0.807979 1
0.069235 1
0.642505 1
1.96982 1
0.219962 1
0.0642121 1
0.547428 1
1.80104 1
0.439174 1
3.60547 1
6.98046 1
0.0612162 1
0.708939 1
0.0145514 1
0.138887 1
0.114589 1
1.28084 1
0.375488 1
1.66501 1
0.0816825 1
1.3593 1
0.0193923 1
2.85243 1
1.30686 1
0.0551931 1
23.5497 1
0.384191 1
0.379176 1
0.0929516 1
0.419648 1
0.117746 1
0.520699 1
0.728634 1
1.32948 1
0.112234 1
0.154741 1
0.0868183 1
15.7065 1
0.0143646 1
0.0609386 1
0.0333635 1
0.013407 1
0.0649949 1
1.8674 1
1.92146 1
0.199719 1
1.21785 1
0.0793472 1
0.235667 1
1.80493 1
3.74224 1
0.0227257 1
0.0787927 1
7.64258 1
0.044137 1
0.78315 1
0.732034 1
0.0496849 1
1.21142 1
0.114605 1
0.401305 1
0.0457039 1
0.0999375 1
0.25831 1
0.113913 1
0.0304888 1
0.712504 1
4.26381 1
0.574557 1
1.62776 1
0.106793 1
0.0865685 1
0.0798217 1
0.284515 1
0.5679 1
0.0420982 1
0.864536 1
1.65504 1
0.109683 1
0.0511601 1
0.372532 1
2.52639 1
0.0123485 1
0.0209083 1
10.4174 1
0.270547 1
0.358644 1
26.4084 1
0.112157 1
1.58811 1
1.48222 1
0.0535852 1
0.0607622 1
0.481354 1
0.0728682 1
0.787328 1
0.86364 1
0.148241 1
2.83886 1
0.33433 1
0.0633987 1
0.0629924 1
0.975912 1
3.18429 1
0.875738 1
0.0608114 1
0.342348 1
0 1
0.380705 1
33.2716 1
0.0704829 1
2.51199 1
0.613404 1
0.55209 1
0.0599181 1
0.060824 1
4.94002 1
0.853758 1
0.109447 1
0.755204 1
27.0142 1
0.0302255 1
0.157093 1
15.7079 1
4.20987 1
0.0646978 1
2.1664 1
0.0950617 1
0.680041 1
15.8421 1
0.0483793 1
0.0815171 1
0.0735401 1
0.0985036 1
0.0572428 1
0.520464 1
0.710428 1
1.31808 1
0.197574 1
0.271738 1
0.186786 1
1.63721 1
0.0691446 1
0.164101 1
2.43106 1
0.103159 1
0.0688357 1
0.73721 1
1.87797 1
1.50377 1
0.12707 1
0.769443 1
2.00415 1
1.57613 1
0.151818 1
1.09533 1
0.0543291 1
0.801533 1
0.0476102 1
3.49462 1
0.0288598 1
5.28272 1
0.0525379 1
3.42516 1
0.0374943 1
0.472815 1
10.1993 1
0.822586 1
1.26695 1
0.376228 1
2.83861 1
0.122208 1
0.0724315 1
1.47966 1
1.49051 1
0.524489 1
1.19676 1
0.056895 1
2.69779 1
0.0425703 1
0.491481 1
0.020202 1
0.121679 1
0.264616 1
0.136985 1
1.00435 1
0.414773 1
11.1066 1
0.0573736 1
10.7418 1
3.42894 1
3.86986 1
0.861634 1
0.138713 1
0.0613326 1
4.2748 1
1.15 1
0.0528919 1
0.358545 1
0.141097 1
0.0587375 1
0.074877 1
0.0603295 1
0.157323 1
0.0751202 1
0.543257 1
3.45441 1
0.189531 1
0.495962 1
0.0960618 1
0.0753376 1
14.4737 1
0 1
0.0411801 1
0.0474138 1
1.22941 1
0.0389273 1
0.974034 1
0.411232 1
2.42115 1
1.04876 1
0.084375 1
0.0245972 1
0.0372185 1
0.288251 1
0.128289 1
0.0725215 1
0.611596 1
0.694547 1
0.11474 1
0.899422 1
3.36558 1
0.0846259 1
0.0716021 1
6.78453 1
0.237849 1
0.0532305 1
0.106449 1
0.0957598 1
0.0450093 1
0.0607461 1
0.0877431 1
0.541372 1
0.10432 1
3.1519 1
0.0193709 1
0.123832 1
0.0931673 1
0.833888 1
0.000889929 1
0.064545 1
1.1363 1
3.79561 1
1.09357 1
0.0393555 1
0.0815972 1
0.0942974 1
2.88001 1
0.382649 1
0.173323 1
1.33113 1
0.143584 1
0.082726 1
0.00662793 1
2.72543 1
1.07036 1
0.206351 1
0.0328612 1
1.43301 1
0.825525 1
0.0517806 1
0.608543 1
0.521177 1
0.0202541 1
0.963214 1
2.97996 1
0.904512 1
2.19331 1
0.401684 1
2.46825 1
0.054447 1
0.358389 1
0.134458 1
0.539124 1
0.102397 1
0.0506997 1
0.0855713 1
0.0696357 1
0.0313715 1
0.569257 1
0.0426829 1
0.0495149 1
0.111441 1
0.423268 1
2.31978 1
0.285541 1
14.7855 1
0.0436244 1
0.114571 1
0.0535026 1
0.0606222 1
0.0538376 1
1.64149 1
1.97984 1
0.326976 1
0.122093 1
0.588302 1
0.268384 1
1.77 1
0.0323285 1
0.111353 1
0.117294 1
0.0292154 1
0.0589073 1
2.10142 1
0.246239 1
0.370992 1
1.84041 1
0.129093 1
0.479647 1
0.682273 1
0.366118 1
0.128971 1
0.101204 1
0.656983 1
0.0595098 1
1.10256 1
2.13759 1
0.0315618 1
0.106758 1
0.414242 1
1.92361 1
0.449176 1
1.43675 1
4.17184 1
2.8576 1
1.52315 1
2.68322 1
1.09385 1
0.0183503 1
0.0425633 1
30.9924 1
0.0756965 1
0.528489 1
0.823455 1
1.23744 1
0.0565054 1
0.068585 1
0.0572954 1
0.140032 1
0.440921 1
0.0292494 1
0.0770377 1
0.105907 1
0.0185678 1
0.327496 1
1.63772 1
0.0954038 1
0.0456607 1
0.0900845 1
8.28121 1
1.5991 1
0.0579717 1
0.0478884 1
0.0324938 1
0.31349 1
1.8211 1
0.303044 1
0.640363 1
0.063396 1
1.58518 1
0.116505 1
1.00548 1
0.453407 1
0.0844049 1
0.175774 1
0.117088 1
5.55881 1
0.0760099 1
3.01716 1
0.0513957 1
14.7699 1
0.114776 1
0.60983 1
3.88092 1
0.100873 1
0.0460085 1
2.15241 1
0.376436 1
0.0702074 1
0.0685936 1
1.42558 1
0.587186 1
34.2903 1
0.353078 1
4.55474 1
0.468536 1
0.337634 1
0.187052 1
0.0809946 1
0 1
0.0575647 1
0.126464 1
0.0505108 1
0.445248 1
0.310865 1
0.0727684 1
0.0620328 1
0.195148 1
24.1954 1
0.0808113 1
0.827163 1
0.132284 1
4.46076 1
3.10169 1
0.482372 1
5.61175 1
0.17436 1
0.0322636 1
1.88618 1
0.0667511 1
8.84414 1
0.313437 1
2.31927 1
7.74592 1
0.00970345 1
1.05501 1
4.81544 1
0.124997 1
0.323921 1
0.15887 1
0.612839 1
0.11197 1
0.135615 1
6.62514 1
2.90716 1
0.0970871 1
0.0456607 1
0.636452 1
3.32132 1
0.483899 1
0.0388654 1
5.19521 1
0.254931 1
1.03021 1
2.53117 1
0.126109 1
0.448841 1
0.0595947 1
0.389252 1
0.060401 1
12.7761 1
1.15866 1
1.80514 1
9.07559 1
2.53718 1
1.17211 1
0.353237 1
1.03483 1
0.230759 1
0.00750525 1
0.051647 1
2.8424 1
0.193177 1
1.29707 1
0.0245098 1
0.623549 1
0.0522059 1
1.49173 1
1.00402 1
0.0244855 1
0.62818 1
0.0725838 1
1.70773 1
0.0505136 1
1.42839 1
0.103706 1
0.050041 1
0.113835 1
0.0381823 1
2.69315 1
0.430613 1
3.43355 1
0.24144 1
0.551743 1
1.23324 1
0.0573194 1
0.069163 1
2.52313 0
0.505958 0
0.61527 0
0.060855 0
0.0841548 0
0.0347263 0
0.138824 0
0.0741923 0
0.0801251 0
0.044905 0
0.220716 0
0.0845294 0
4.20764 0
0.0127734 0
0 0
0.0148441 0
0.0908716 0
0.050989 0
0.0462278 0
0.0567895 0
0.0805032 0
0.0402665 0
0.0437781 0
0.0195588 0
0.0791302 0
0.0680164 0
0.00808143 0
0.0786446 0
0.0634032 0
0.130419 0
0.0396376 0
0.0557428 0
0.145257 0
0.0345556 0
0.0522254 0
0.0530708 0
0.0832784 0
0.0174198 0
0.0667566 0
0.0315257 0
0.0214481 0
0.0837438 0
0.081439 0
0.135222 0
1.01868 0
0.0885567 0
0.128899 0
0.0870238 0
0.0716344 0
0.125467 0
0.0494065 0
0.171486 0
0.0160036 0
0.0685113 0
0.124441 0
0.0568113 0
0.107843 0
0.0751689 0
0.103609 0
0.0897465 0
0.152197 0
0.0535074 0
0.0510805 0
0.0604613 0
0.00523201 0
0.126276 0
0.0271813 0
0.076673 0
0.0506122 0
0.137923 0
0.0952173 0
0.137063 0
0.0475927 0
0.0823279 0
3.52015 0
0.0301536 0
0.0530135 0
0.0468633 0
0.134434 0
2.44732 0
0.0696108 0
0.115161 0
0.715549 0
1.15855 0
0.122713 0
0.135869 0
0.0052112 0
0.0424411 0
1.36921 0
0.0580655 0
0.536048 0
0.0444757 0
0.0664379 0
0.232775 0
0.0387558 0
0.666408 0
0.325305 0
0.0366948 0
0.0576358 0
0.0698221 0
1.14137 0
0.222886 0
0.0223301 0
0.0855446 0
0.0509426 0
0.026025 0
0 0
1.35819 0
0.766141 0
0.0681167 0
0.0558774 0
0.0487705 0
0.0769325 0
0.0732144 0
0.0822662 0
0.0464847 0
0.0285895 0
0.165937 0
0.0835882 0
0.0547199 0
0.110802 0
0.0946521 0
0.11814 0
0.0208771 0
0.0663401 0
0.28246 0
0.0946603 0
0.115282 0
0.0933758 0
0.0898361 0
0.0814468 0
1.59635 0
0.706552 0
0.0683273 0
0.591163 0
0.0698418 0
0.0330502 0
0.110164 0
0.0163596 0
0.068925 0
0.10183 0
0.0369724 0
0.767304 0
0.0961379 0
0.012981 0
0.060817 0
0.0409403 0
0.0683801 0
0.0567149 0
0.116169 0
0.0652674 0
0.0463859 0
0.100677 0
0.0590423 0
0.0501387 0
0.339227 0
0.0829473 0
0.0199878 0
0.0596698 0
0.0701787 0
0.0194268 0
1.65639 0
0.0423572 0
0.0792457 0
0.162448 0
0.0897406 0
0.536501 0
0.0332861 0
0.0113601 0
0.0487662 0
0.125794 0
0.0543446 0
0.252102 0
2.08776 0
0.0677759 0
0.0348958 0
0.115733 0
0.0605628 0
0.590166 0
0.045485 0
1.53443 0
0.0394987 0
0.040256 0
1.84518 0
0.0653792 0
0.0662547 0
0.128821 0
0.0206715 0
0.0445918 0
0.138306 0
0.0274517 0
0.0720555 0
0.0893902 0
0.0688375 0
0.115167 0
0.0605802 0
0.0625277 0
0.130767 0
0.084646 0
0.120948 0
0.184309 0
4.14483 0
0.109092 0
0.0521223 0
0.0489245 0
0.12376 0
0.0777251 0
0.107384 0
0.0603777 0
0.0624158 0
0.121426 0
0.43093 0
0.0672529 0
0.0843466 0
0.342596 0
0.307606 0
0.339871 0
2.71479 0
0.0752248 0
0.0499773 0
0.020835 0
0.0512313 0
0.0252067 0
0.0381989 0
0.0570084 0
0.982104 0
0.0557596 0
0.0749286 0
0.0650665 0
0.0576515 0
0.0639144 0
0.0223132 0
0.0706311 0
0.136823 0
0.0504975 0
0.488864 0
0.194204 0
0.0935742 0
0.0465341 0
0.0792993 0
0.0725959 0
0.00937031 0
0.0311125 0
0.0879701 0
0.741508 0
0.233913 0
0.002989 0
0.16926 0
0.0269155 0
0.0245534 0
0.050695 0
0.0409715 0
0.0921115 0
0.0775806 0
0.119443 0
0.0746057 0
0.794103 0
0.137105 0
0.0300533 0
0.0457744 0
0.078141 0
0.00470481 0
0.0881402 0
0.0393102 0
0.0338513 0
0.0282803 0
0.168975 0
0.0907964 0
0.0980042 0
0.0876609 0
0.0735266 0
0.0332015 0
0.103782 0
0.0689359 0
0.0837718 0
0.00742638 0
0.0978235 0
0.0230779 0
0.322501 0
0.0480712 0
0.0886827 0
0.0181855 0
0.0397727 0
0.0583905 0
0.042971 0
0.0560812 0
0.0686399 0
0.0650485 0
0.0565249 0
0.0130013 0
0.0803675 0
0.572803 0
0.349605 0
0.27225 0
0.186921 0
0.00786579 0
0.0351977 0
0.0629092 0
1.86681 0
3.70139 0
0.0311204 0
0.0397651 0
1.61079 0
4.44867 0
0.075008 0
1.79132 0
0.366254 0
0.102712 0
0.048463 0
0.11903 0
0.0356811 0
0.0740859 0
0.0591768 0
0.0862395 0
0.0865554 0
0.0838078 0
0.114124 0
0.0849658 0
0.0691842 0
0.566327 0
0.0601625 0
0.0383407 0
0.0502937 0
0.125864 0
0.0825414 0
0.0334502 0
0.109553 0
0.0265238 0
1.58021 0
0.0805732 0
0.0279751 0
0.209414 0
1.46198 0
0.0183169 0
0.0653075 0
0.0354116 0
1.50749 0
0.085812 0
1.36356 0
0.5981 0
1.69908 0
1.38976 0
0.398787 0
0.0971794 0
0.0907827 0
0.0416953 0
0.0625144 0
0.0625907 0
0.836976 0
0.0316866 0
0.0302089 0
0.125208 0
0.075675 0
0.790862 0
0.0757738 0
2.20954 0
0.077261 0
0.062956 0
0.135525 0
0.0968268 0
0.397355 0
0.0811828 0
0.0553703 0
0.0641106 0
0.0907097 0
0.0857408 0
0.0850792 0
0.143209 0
0.0689733 0
0.0338749 0
0.0633916 0
0.0530501 0
0.039229 0
0.0769016 0
0.0962934 0
0.336898 0
0.0399886 0
0.0962144 0
0.130014 0
0.120239 0
0.0485681 0
0.0089312 0
0.0653278 0
0.431514 0
0.167276 0
0.160649 0
0.0752415 0
0.307973 0
0.0867641 0
0.0502947 0
0.0602133 0
0.05492 0
0.0649561 0
0.0423669 0
0.149413 0
1.91118 0
0.296414 0
0.27549 0
0.106275 0
0.0712471 0
0.0382129 0
0.0441737 0
0.0681564 0
0.0812331 0
0.0611949 0
0.0708078 0
0.137446 0
0.256403 0
0.0298696 0
0.161444 0
0.113486 0
0.048085 0
0.049702 0
0.048605 0
0.0541842 0
0.0205025 0
0.088436 0
0.115492 0
0.0890588 0
0.0964811 0
0.311851 0
0.00827053 0
0.0155216 0
0.086651 0
0.32473 0
2.02671 0
0.0539119 0
2.2953 0
0.0757183 0
0.0932643 0
0.100529 0
1.08632 0
1.07558 0
0.142976 0
0.0839541 0
0.46406 0
0.0655976 0
0.0474743 0
0.436122 0
0.104479 0
0.0454884 0
0.0163324 0
0.433976 0
1.18974 0
0.0408057 0
0.0264743 0
0.0166201 0
0.134489 0
1.06205 0
0.0412048 0
0.0554744 0
0.077429 0
0.665168 0
0.0623914 0
0.0620353 0
0.167572 0
4.14351 0
0.068217 0
0.102183 0
0.0236885 0
0.0423892 0
0.0438041 0
0.0614979 0
0.0436748 0
0.0897467 0
1.69722 0
0.0698879 0
0.00515348 0
0.0590677 0
0.10661 0
0.0740981 0
0.0213953 0
0.0834945 0
0.72489 0
0.0311416 0
2.94026 0
0.444971 0
0.0444302 0
0.0559539 0
0.0866933 0
0.0370173 0
0.0592527 0
0.0528754 0
0.0564912 0
0.0549222 0
0.490764 0
0.0435339 0
0.0618051 0
0.0441398 0
0.0810087 0
0.02663 0
0.0669416 0
0.0307869 0
0.0381185 0
1.48385 0
1.77567 0
0.0533769 0
0.0511528 0
0.0367705 0
0.071906 0
0.0808093 0
0.0787773 0
0.144922 0
0.0676287 0
0.370248 0
0.056752 0
0.00764122 0
0.298754 0
0.0616177 0
0.0540186 0
0.0542661 0
0.47331 0
0.208123 0
0.673194 0
0.0686626 0
0.0979946 0
0.0566155 0
0 0
1.06588 0
0.0450087 0
0.811176 0
0.568313 0
0.162992 0
0.202447 0
0.0451571 0
0.0253852 0
0.0754458 0
0.114364 0
0.11472 0
0.0408509 0
5.82901 0
0.138657 0
0.0586781 0
0.0890119 0
0.0692037 0
0.0499655 0
0.065794 0
0.00789223 0
0.123278 0
0.0830237 0
0.0379672 0
0.0538607 0
0.0945057 0
0.0639632 0
0.0880205 0
0.00237914 0
0.132326 0
0.441921 0
2.98639 0
0.077783 0
0.143203 0
0.106284 0
0.105276 0
2.90312 0
0.0523466 0
0.10049 0
0.877722 0
0.139989 0
1.02834 0
0.0799866 0
0.140842 0
0.0581934 0
0.107646 0
0.049272 0
0.129919 0
0.0357971 0
0.084514 0
0.109964 0
0.0454131 0
0.0616528 0
1.1163 0
0.0209104 0
0.0251607 0
0.0431854 0
0.0916161 0
0.0571292 0
0.0737593 0
0.0821829 0
1.35403 0
0.116286 0
0.15169 0
0.0405311 0
0.0609339 0
0.0844503 0
2.27106 0
0.448448 0
0.0829546 0
0.03612 0
0.0332038 0
0.0182745 0
0.0519297 0
0.0528163 0
0.0628684 0
0.0127514 0
0.0486412 0
0.0455874 0
0.0672054 0
0.354619 0
0.0889366 0
0.993584 0
0.0261998 0
0.328093 0
0.0533854 0
0.0946507 0
0.139441 0
0.0739167 0
0.721357 0
0.0495754 0
0.0467669 0
0.0729744 0
0.0709377 0
0.0803517 0
0.0802701 0
0.171931 0
0.0399454 0
0.341174 0
0.370966 0
0.0673333 0
0.0775118 0
0.0886996 0
0.0976002 0
0.162153 0
0.0373087 0
0.266205 0
0.13307 0
0.0695612 0
0.635682 0
2.04194 0
0.861186 0
0.00479616 0
0.0221762 0
0.0995631 0
0.0574239 0
1.71046 0
0.0731753 0
0.145169 0
1.5276 0
0.126527 0
0.0136983 0
0.152987 0
0.58528 0
0.107879 0
0.121918 0
0.241805 0
0.109461 0
0.0148378 0
0.0606452 0
0.0262468 0
0.115676 0
0.0392332 0
0.0188433 0
0.0828228 0
0.548141 0
0.0669857 0
0.274325 0
0.0617161 0
0.0513942 0
0.0657124 0
0.695508 0
0.106372 0
0.0829855 0
0.0678704 0
0.125845 0
0.0161457 0
0.00336142 0
0.0455615 0
0.0276395 0
0.0985878 0
0.0799109 0
0.0852734 0
0.037842 0
0.0898983 0
0.599867 0
0.366365 0
