0.120614 1
0.0781191 1
0.0515802 1
0.841398 1
0.0845916 1
0.0141167 1
0.0508046 1
0.0819068 1
0.0654366 1
3.32405 1
1.15135 1
0.318206 1
0.0571037 1
0.00765252 1
0.940553 1
1.2887 1
2.25504 1
0.0946496 1
3.96668 1
0.532116 1
0.0447677 1
0.444197 1
0.841853 1
47.7543 1
0.036521 1
3.23014 1
8.03132 1
0.148246 1
0.113339 1
0.60754 1
0.646829 1
0 1
0.0783061 1
11.0763 1
0.624468 1
0.0225187 1
0.187692 1
0.00677532 1
0.0734076 1
0.629751 1
0.159653 1
1.48671 1
2.49129 1
2.21365 1
0.0908535 1
0.00638697 1
3.02116 1
0.0993466 1
0.03198 1
0.124322 1
3.76218 1
1.71612 1
0.0214507 1
1.18245 1
3.58794 1
1.39058 1
0.539606 1
0.00617241 1
1.0927 1
72.9894 1
0.603534 1
0.0973461 1
0.0729857 1
0.927674 1
2.14559 1
0.146257 1
1.05744 1
0.354314 1
1.71183 1
0.104405 1
0.121937 1
1.87544 1
13.9618 1
0.0307254 1
2.0579 1
0.0816992 1
0.899883 1
3.84593 1
0.141826 1
0 1
0.525554 1
0.871734 1
1.41469 1
0.478749 1
2.35131 1
1.14098 1
0.141136 1
0 1
2.95948 1
0.111192 1
0.603552 1
0.132747 1
17.2775 1
1.01948 1
0.414169 1
1.81441 1
0.0963082 1
2.29435 1
0.0486219 1
0.95313 1
1.0522 1
0.871967 1
0.127333 1
0.0225726 1
0.0272357 1
1.24149 1
0.507273 1
0.870508 1
33.299 1
0.0565496 1
0.0204933 1
1.32367 1
0 1
2.0407 1
0.656921 1
1.1431 1
0.0732221 1
1.7569 1
4.50504 1
0.0331398 1
0.618053 1
0.0109931 1
0.0678273 1
0.151956 1
0.275156 1
0.0419401 1
0.103058 1
1.16778 1
2.11081 1
0.0417866 1
0.289451 1
0.180342 1
0.108267 1
6.85591 1
1.62386 1
0.89141 1
5.60054 1
28.9945 1
0.0542871 1
1.82933 1
5.73932 1
0.0632203 1
0.0228141 1
0.139305 1
0.04787 1
0.392145 1
0.0826821 1
1.94651 1
0.0508804 1
0.035496 1
0.147888 1
0.0307608 1
1.84955 1
0.0185185 1
4.78312 1
0.693074 1
5.31465 1
0.0691899 1
0.141765 1
0.0835245 1
0.262849 1
18.9199 1
1.51195 1
0.465173 1
2.52244 1
2.45442 1
2.7527 1
0.248737 1
0.073511 1
0.00538016 1
0.0454442 1
0.693095 1
1.95492 1
0.116578 1
0.31397 1
0.116525 1
0.175323 1
0.0688972 1
0.144593 1
0.0495736 1
0.283974 1
3.45243 1
0.0189148 1
0.220837 1
0.13805 1
0.0864976 1
2.76856 1
1.73372 1
0.137033 1
0.512292 1
0.145764 1
0.52417 1
0.928797 1
8.72616 1
9.66559 1
2.42209 1
0.0436275 1
0.0422058 1
0.0230387 1
1.00775 1
0.0453988 1
1.94283 1
0.998598 1
0.390847 1
4.02732 1
1.07592 1
0.0737349 1
2.84332 1
0.810426 1
2.55544 1
3.22478 1
0.060117 1
0.682947 1
0.0543843 1
0.0183742 1
0.0297324 1
0.319476 1
0.0200501 1
0.844043 1
0.0604906 1
1.64137 1
6.56745 1
2.1357 1
0.126926 1
0.115925 1
0.461253 1
0.199185 1
0.545954 1
0.0485704 1
0.734771 1
0.0610994 1
5.65461 1
0.370291 1
0.610986 1
0.117852 1
0.138951 1
0.0627733 1
1.35376 1
0.051031 1
0.0776817 1
0.241617 1
0.0921273 1
2.40891 1
0.0700129 1
2.94022 1
1.73903 1
1.23113 1
2.00564 1
0.0979895 1
0.0868882 1
1.21692 1
0.212577 1
2.6456 1
0.107952 1
1.4542 1
4.11644 1
0.0910371 1
12.5811 1
1.18446 1
0.49996 1
0.31601 1
1.82821 1
0.116153 1
3.39711 1
5.13545 1
3.29875 1
0.813048 1
0.724322 1
1.15528 1
0.202327 1
1.16455 1
5.58769 1
2.91817 1
0.201215 1
0.131938 1
0.056773 1
2.54756 1
5.28272 1
0.0709215 1
0.0309935 1
3.43171 1
0.307231 1
7.12545 1
0.00361172 1
0.753403 1
7.10877 1
0.683746 1
0.0407713 1
1.34 1
0.0532304 1
0.0189255 1
6.03606 1
0.169118 1
3.05452 1
1.00715 1
1.42893 1
1.37299 1
0.571888 1
0.288281 1
0.641576 1
0.133654 1
0.616822 1
2.25144 1
2.12514 1
1.76023 1
0.70134 1
0.576326 1
0.494828 1
0.0166738 1
1.43368 1
0.102601 1
0.0716578 1
0.10471 1
1.66926 1
0.79718 1
0.775119 1
0.49227 1
0.117185 1
2.71127 1
0.110804 1
1.66801 1
1.49517 1
0.0920577 1
14.8521 1
0.114355 1
0.0463401 1
11.0017 1
4.63898 1
0.0361916 1
0.0721801 1
1.38708 1
0.119288 1
1.86018 1
2.82097 1
4.55777 1
1.22742 1
2.34006 1
4.23618 1
1.7884 1
16.1685 1
0.011716 1
0.0668353 1
2.20217 1
1.05251 1
0.548451 1
2.93059 1
0.0586762 1
2.89918 1
0.10694 1
1.00105 1
0.0667561 1
0.0259314 1
0.577562 1
1.19728 1
0.95258 1
3.27514 1
0.801815 1
1.03279 1
0.538602 1
0.0106307 1
0.0643444 1
4.41077 1
8.54566 1
0.890523 1
0.354046 1
0.616022 1
0.0449825 1
0.337719 1
0.0424283 1
0.630826 1
0.835726 1
0.139034 1
0.44969 1
0.339088 1
4.75315 1
2.07509 1
3.67244 1
0.0642103 1
2.01583 1
2.5487 1
0.248782 1
1.53241 1
0.903422 1
1.2723 1
0.0629731 1
0.160712 1
1.14268 1
1.00979 1
0.0546993 1
0.0398539 1
0.0663486 1
0.0566208 1
0.546916 1
1.90599 1
0.0523365 1
9.22435 1
1.92156 1
0.0738424 1
0.0862289 1
0.256682 1
0.0425633 1
0.0756118 1
1.09417 1
0.804043 1
0.0781178 1
12.8386 1
0.89136 1
10.9461 1
0.0531724 1
1.26538 1
0.103548 1
0.150105 1
0.821892 1
0.669979 1
0.426445 1
0.295596 1
2.76156 1
2.18377 1
2.08689 1
1.36415 1
0.034565 1
0.0737104 1
6.51904 1
0.0230777 1
0.0118597 1
2.43957 1
0.164783 1
0.0163061 1
4.1912 1
2.86162 1
2.37339 1
1.06942 1
0.0877461 1
0.0682503 1
0.364632 1
1.82462 1
1.82984 1
0.510503 1
0.541471 1
0.0554496 1
0.410398 1
2.21695 1
0.813047 1
0.196862 1
0.0300448 1
0.0422547 1
12.8158 1
0.0704061 1
0.535966 1
0.564138 1
1.68522 1
0.0658912 1
0.885088 1
0.663151 1
2.28673 1
0.0431685 1
4.36165 1
0.0692263 1
0.0516003 1
0.147204 1
0.0343717 1
15.3091 1
0.895444 1
0.0759576 1
0.167099 1
34.2299 1
4.12754 1
4.66527 1
0.084739 1
0.0929396 1
0.0697821 1
1.15299 1
0.0477927 1
0.0292154 1
0.0319586 1
2.92037 1
0.209241 1
1.65092 1
7.83407 1
0.0956451 1
2.04507 1
0.66927 1
4.53934 1
3.44206 1
0.0498475 1
0.63139 1
0.0427498 1
0.0906007 1
0.0374952 1
0.0534556 1
1.12406 1
0.0327658 1
0.0411605 1
0.10223 1
0.741966 1
0.0131375 1
0.115627 1
0.307372 1
0.0599405 1
0.0377263 1
0.0219671 1
14.8145 1
0.117626 1
0.0752598 1
0 1
0.336285 1
0.0174134 1
5.38222 1
0.654171 1
0.081007 1
0.0769981 1
3.7156 1
0.127052 1
0.0720515 1
0.0666872 1
0.382689 1
4.14483 1
0.372025 1
1.0655 1
0.118587 1
0.780093 1
0.091093 1
1.53194 1
0.0492727 1
0.0623166 1
0.395029 1
1.36929 1
27.8522 1
0 1
0.111287 1
0.0944598 1
3.00301 1
0.0532369 1
0.0462106 1
0.610991 1
0.060041 1
0.045304 1
3.98163 1
0.934458 1
0.0703003 1
0.350689 1
0.0118296 1
0.0749485 1
0.0457455 1
0.0381565 1
0.132003 1
9.4668 1
13.8529 1
1.04186 1
0.47475 1
1.38505 1
2.02782 1
0.639455 1
5.16463 1
0.0679886 1
0.0528263 1
0.193638 1
0.670888 1
0.005489 1
0.101162 1
26.5412 1
0.101451 1
0.211735 1
0.0329694 1
14.6198 1
2.83456 1
0.3788 1
0.0581794 1
4.86084 1
0.0180147 1
0.519008 1
5.54529 1
0.105339 1
4.5032 1
0.0380647 1
1.22209 1
0.05638 1
7.9401 1
0.0680508 1
1.00417 1
1.63492 1
0.0770066 1
0 1
0.580526 1
0.398837 1
1.24893 1
0.742587 1
0.0558721 1
0.104135 1
0.05245 1
5.22693 1
0.40795 1
0.0812212 1
0.055929 1
0.0736943 1
0.531231 1
0.0333333 1
1.13063 1
0.0689001 1
1.78117 1
9.12434 1
0.0922024 1
0.0663923 1
1.10057 1
0.101311 1
1.97705 1
0.0394263 1
2.44134 1
0.746849 1
0.0245232 1
0.481774 1
0.0710139 1
0.149536 1
3.46159 1
0.799476 1
6.44339 1
0.119556 1
0.0196385 1
0.428896 1
4.95985 1
0.622815 1
0.068279 1
0.926564 1
0.0487056 1
1.92489 1
0.08994 1
1.33339 1
0.442089 1
3.76751 1
0.131155 1
0.0443201 1
0.109421 1
0.642505 1
2.65469 1
2.50596 1
0.137619 1
3.86797 1
0.0871465 1
1.91769 1
16.1185 1
0.775178 1
3.2227 1
0.0750918 1
0.0509374 1
0.129118 1
0.0919247 1
2.49397 1
1.30259 1
2.44909 1
1.39495 1
0.0779798 1
0.0781208 1
0.608969 1
0.0582152 1
0.0525946 1
3.47567 1
0.0330558 1
1.26641 1
0.0862841 1
0.0565983 1
1.71562 1
1.57123 1
0.834079 1
1.79605 1
0.0510754 1
0.0723227 1
0.5718 1
0.0535305 1
0.820024 1
0.0521946 1
0.279576 1
3.9408 1
0.290063 1
0.419138 1
1.57143 1
0.363794 1
0.0639085 1
0.106528 1
0.0495474 0
0.115127 0
0.0458179 0
0.0666188 0
0.0596393 0
0.0557749 0
0.0836951 0
0.0933336 0
0.18776 0
0.0637743 0
0.0375071 0
0.0572026 0
0.165736 0
0.0690451 0
0.128121 0
0.070208 0
1.00922 0
1.36649 0
0.0627466 0
0.630064 0
0.113997 0
0.54132 0
0.435603 0
0.036372 0
0.0226627 0
0.66263 0
0.0488375 0
0.0826291 0
0.667728 0
0.0894109 0
0.0781238 0
0.0977004 0
0.0295092 0
0.149122 0
0.0766944 0
0.0363286 0
0.266195 0
0.29021 0
0.0335577 0
0.0733526 0
0.0283638 0
0.0586705 0
0.0870517 0
0.0151924 0
0.0157812 0
0.0914995 0
0.0599374 0
0.00743927 0
0.0969763 0
0.0526513 0
0.0783346 0
0.0386647 0
0.0539374 0
1.04001 0
0.056755 0
0.566112 0
0.0832225 0
0.374766 0
0.0807866 0
0.105416 0
0.0715783 0
0.0684192 0
0.10855 0
0.0748652 0
0.0821649 0
0.0901449 0
0.0131818 0
0.0792252 0
0.0703625 0
0.202273 0
0.141782 0
0.0780664 0
0.070118 0
0.0438016 0
0.0663074 0
0.189227 0
0.0825228 0
0.327277 0
0.0424074 0
0.0557025 0
0.0621158 0
0.156657 0
0.0834371 0
0.12199 0
0.114384 0
0.0114212 0
1.31272 0
0.00960108 0
1.75982 0
0.0957676 0
0.117416 0
0.00788036 0
0.0313047 0
0.0775056 0
0.0892687 0
0.0456345 0
0 0
0.0791615 0
0.105878 0
0.428677 0
1.06584 0
0.0815409 0
0.110921 0
0.167627 0
0.0496992 0
0.0454693 0
0.0768865 0
0.0156724 0
0.0676725 0
0.0257517 0
0.0582657 0
0.0212725 0
0.0226829 0
0.11579 0
0.290217 0
0 0
0.0223919 0
1.20288 0
0.0818853 0
0.0806654 0
0.207261 0
0.123605 0
0.0660877 0
0.23439 0
0.290461 0
0.66097 0
0.0461151 0
0.150744 0
0.0381666 0
0.111953 0
0.0695976 0
0.109736 0
0.186175 0
0.070515 0
5.59187 0
0.0619777 0
0.0313811 0
0 0
0.10767 0
0.0107097 0
0.0986761 0
0.129272 0
0.0655938 0
0.0867418 0
0.0353545 0
0.057234 0
0.0864413 0
0.0543783 0
0.035969 0
0.0911957 0
0.0281131 0
2.60549 0
0.0796723 0
0.0641993 0
0.443797 0
0.0392816 0
0.0815583 0
0.360791 0
0.118996 0
0.0628908 0
0.0489414 0
0.023232 0
8.06933 0
0.0478458 0
0.400743 0
0.00286135 0
0.03125 0
0.423691 0
0.0429187 0
0.0562534 0
0.0717737 0
0.0704188 0
0.0761775 0
0.126269 0
0.0766996 0
0.0470294 0
0.0464485 0
0.0843195 0
0.10306 0
0.0870165 0
0.0965051 0
0.0529994 0
0.0483249 0
0.0813659 0
0.084387 0
0.00907319 0
0.0762623 0
0.353575 0
0.0250569 0
0.0660011 0
0.0481364 0
0.100284 0
0.0452374 0
0.0585206 0
0.0381144 0
0.0760211 0
0.0899235 0
0.107028 0
0.0303558 0
0.0885187 0
0.282847 0
0.0444347 0
0.0752592 0
0.0872608 0
0.56195 0
0.0807217 0
0.0802271 0
0.0131292 0
0.08125 0
0.0653414 0
0.120839 0
0.0453705 0
0.0556854 0
0.196986 0
0.144498 0
0.0624136 0
0.173789 0
0.15799 0
0.033783 0
0.0848068 0
0.0636056 0
4.27129 0
0.725996 0
0.0771644 0
0.0838063 0
0.104991 0
0.00550417 0
0.00937031 0
0.0729666 0
0.0778143 0
0.057849 0
0.0378496 0
0.0238835 0
0.176783 0
1.64816 0
0.101834 0
0.0762986 0
0.0981338 0
0.0228657 0
2.01234 0
0.106129 0
0.0342977 0
0.0428682 0
0.0502984 0
0.0856941 0
0.0729591 0
0.00268077 0
0.207829 0
1.52277 0
0.191605 0
0.870323 0
0.0924458 0
0.0113601 0
0.346194 0
2.75676 0
0.0389272 0
0.0268068 0
0.0280396 0
0.0636551 0
0.0608166 0
0.0468293 0
0.0902412 0
0.0713499 0
0.136842 0
0.0235494 0
0.00878797 0
0.0737968 0
0.0786787 0
0.0651406 0
0.0299885 0
0.03996 0
0.0452566 0
0.07369 0
0.0456567 0
0.089755 0
0.0695107 0
0.104107 0
0.0692859 0
0.345205 0
2.01971 0
0.0512463 0
0.0308032 0
0.0690672 0
0.148885 0
0.0720792 0
0.057772 0
1.41668 0
0.0151336 0
0.0794212 0
0.0539286 0
0.0884518 0
0.04032 0
0.0219799 0
0.03866 0
0.0442274 0
0.378119 0
0.0564232 0
0.038822 0
1.00569 0
0.340987 0
0.0244673 0
0.931819 0
0.0201778 0
0.10781 0
0.131402 0
0.0561486 0
0.027574 0
0.0398406 0
0.0452699 0
3.03566 0
1.30238 0
2.48564 0
0.910319 0
0.0187685 0
0.0116737 0
0.371327 0
0.634112 0
0.051363 0
0.0574334 0
0.574882 0
0.0736869 0
0.0883223 0
1.43615 0
0.0255282 0
0.0432163 0
0.0670016 0
0.115679 0
0.111975 0
0.115256 0
0.0739102 0
0.0772064 0
0.240339 0
0.0669907 0
0.377515 0
0.0698548 0
0.0533819 0
1.09933 0
0.0754928 0
0.0050093 0
0.0268583 0
0.0365425 0
0.0567994 0
0.0378195 0
0.0626886 0
0.102421 0
0.0557183 0
0.0638138 0
0.0872929 0
0.402258 0
0.27198 0
0.435098 0
0.109044 0
0.0842531 0
0.0545976 0
0.142429 0
0.0411082 0
2.28342 0
0.0634301 0
4.19018 0
0.0279207 0
1.04524 0
0.0866707 0
1.02544 0
0.0655738 0
0.093451 0
0.487822 0
0.00764122 0
0.14295 0
0.0921804 0
0.309349 0
0.0745135 0
0.0482336 0
0.0458364 0
0.106849 0
0.11925 0
0.077293 0
0.340902 0
0.119868 0
0.066242 0
0.106358 0
0.112924 0
0.600736 0
0.0310702 0
0.0509118 0
0.155669 0
0.034292 0
0.0934484 0
0.0845603 0
0.447032 0
0 0
0.0645924 0
0.301797 0
0.0581816 0
0.0455776 0
0.0393907 0
0.11156 0
0.102317 0
0.0985561 0
0.0733017 0
0.0706814 0
0.0614555 0
0.0740438 0
0.0564543 0
0.57626 0
0.102216 0
0.0682624 0
0.0733771 0
0.297878 0
0.153968 0
1.60855 0
0.0810859 0
0.0197204 0
0.083243 0
0.243783 0
0.114706 0
0.0822504 0
0.0738448 0
0.107322 0
0.322286 0
0.265046 0
0.0667508 0
0.0465305 0
0.106073 0
0.0502471 0
0.950152 0
0.0523732 0
0.0203244 0
0.0339815 0
0.0512165 0
0.13649 0
0.0522745 0
0.487198 0
0.0073045 0
0.0103992 0
0.0197753 0
1.66733 0
0.0492246 0
0.0331538 0
0.0254288 0
0.0704652 0
0.085908 0
0.080447 0
0.0698259 0
0.0628032 0
0.500839 0
0.103346 0
0.151195 0
0.0626796 0
0.0260909 0
0.0977857 0
0.0667046 0
0.0622989 0
0.0506631 0
0.0342278 0
0 0
0.0465598 0
0.0577799 0
0.505497 0
0.110764 0
0.0948366 0
0.0865258 0
0.0400369 0
0.0781467 0
0.0414442 0
0.0352941 0
0.0710361 0
0.109948 0
0.738717 0
0.0344679 0
0.0683017 0
0.148054 0
0.0449922 0
0.0864244 0
0.737922 0
0.0313327 0
0.297635 0
0.0615961 0
0.0606055 0
0.0493502 0
0.377454 0
0.354412 0
0.552995 0
0.0560534 0
0.00237914 0
0.894958 0
0.0231472 0
1.08677 0
0.00812173 0
0.104274 0
0.0633501 0
0.0794737 0
0.0366137 0
0.123215 0
0.0625286 0
0.111269 0
0.0418976 0
0.0280501 0
0.0230034 0
0.0584416 0
0.0606026 0
0.278466 0
0.0893513 0
0.0681655 0
0.18029 0
0.0564552 0
0.0586445 0
0.0454911 0
0.0695538 0
0.497569 0
0.0482192 0
0.0768955 0
0.0664684 0
1.2003 0
0.0501027 0
1.19642 0
0.0744442 0
0.750729 0
0.0994884 0
0.158551 0
0.15094 0
0.0414016 0
0.0891611 0
0.0764647 0
0.05155 0
0.0518862 0
0.0327185 0
0.0365863 0
0.706032 0
0.0780938 0
0.031558 0
0.0522392 0
0.0640638 0
1.3837 0
0.0805575 0
0.114197 0
0.0710099 0
0.0296999 0
0.141625 0
0.100077 0
0.163106 0
0.087386 0
0.0914023 0
0.391618 0
0.0288749 0
0.0726581 0
1.65139 0
0.0771842 0
0.0666642 0
0.332074 0
0.113615 0
0.0696375 0
0.0353963 0
0.0613647 0
0.803825 0
0.135169 0
0.054479 0
0.106563 0
0.00815031 0
0.0877893 0
0.500389 0
0.0715313 0
0.735757 0
0.0553854 0
0.100674 0
0.940663 0
0.590241 0
0.408129 0
0.109307 0
0.0480062 0
0.069035 0
0.0709554 0
3.10099 0
0.0669481 0
0.0796875 0
0.118306 0
0 0
0.0471602 0
0.0501714 0
0.230398 0
0.0869366 0
0.0226044 0
0.0659517 0
0.149217 0
0.0537166 0
0.0606672 0
0.0631377 0
1.36513 0
0.0512264 0
0.0522523 0
0.102574 0
0.670481 0
0.0635282 0
0.332275 0
0.0617924 0
0.0442749 0
0.0650458 0
0.0466059 0
0.0900337 0
1.50109 0
0.075116 0
0.109822 0
0.112837 0
0.0641394 0
0.0387346 0
0.06912 0
0.0417304 0
0.0179843 0
0.105163 0
0.0584773 0
0.0213183 0
0.0797524 0
0.0798732 0
0.0308661 0
0.0900364 0
1.21086 0
2.14783 0
0.00837767 0
0.0123082 0
0.0721045 0
0.084752 0
0.316288 0
0.081224 0
0.0248963 0
0.0304348 0
0.0570945 0
0.135462 0
0.123868 0
0.105953 0
0.0269929 0
0.0481183 0
0.0287468 0
0.0553704 0
0.0879247 0
1.2204 0
0.0874074 0
0.0781302 0
0.0576364 0
0.0703157 0
0.0589781 0
0.0787402 0
0.102397 0
0.102057 0
0.106388 0
0.0455095 0
0.0928033 0
0.122324 0
0.0733743 0
0.0327273 0
0.07305 0
0.104043 0
0.0724439 0
0.0438519 0
0.084971 0
0.0136946 0
0.1221 0
0.0332217 0
0.0181749 0
0.0673512 0
0.0413745 0
0.0360237 0
0.0351698 0
0.0170248 0
0.0618036 0
0.14932 0
0.0399822 0
0.128923 0
0.0242625 0
0.233771 0
0.146672 0
0.0739426 0
0.0957295 0
0.0810188 0
0.0729057 0
0.0584626 0
0.0905109 0
2.68105 0
0.0472777 0
0.0718082 0
