0.221147 1
1.6491 1
4.45037 1
0.698092 1
0.218638 1
0.365296 1
0.810328 1
1.21477 1
0.483309 1
2.01833 1
1.96985 1
1.05249 1
2.8607 1
0.165143 1
0.834127 1
3.10721 1
3.12008 1
0.326836 1
0.158494 1
0.37602 1
0.778449 1
0.103643 1
0.220906 1
0.145266 1
2.17214 1
2.95632 1
3.66437 1
0.463568 1
0.147444 1
0.120658 1
2.19108 1
0.319258 1
2.50175 1
0.296672 1
0.706954 1
0.598632 1
1.74279 1
1.90205 1
0.449818 1
4.57032 1
3.16602 1
1.41132 1
1.24067 1
2.20611 1
1.12936 1
0.313898 1
0.107242 1
0.886157 1
0.180635 1
0.364613 1
1.83458 1
0.244136 1
0.972065 1
2.75214 1
1.79263 1
0.245655 1
0.983913 1
2.38074 1
1.61811 1
6.56949 1
1.32435 1
4.38589 1
1.15865 1
1.4142 1
1.27515 1
0.403585 1
0.128927 1
0.187991 1
1.23416 1
0.177014 1
1.74737 1
0.401489 1
1.03234 1
0.258742 1
0.0499232 1
1.84649 1
1.74013 1
0.874919 1
3.68213 1
1.40165 1
0.358777 1
2.62125 1
0.208072 1
0.161781 1
0.974123 1
3.39133 1
0.948727 1
2.22859 1
2.10582 1
1.18981 1
1.84413 1
0.669081 1
1.3538 1
0.945912 1
0.55806 1
0.856824 1
0.5608 1
0.242737 1
1.66404 1
0.858168 1
1.42472 1
1.96476 1
1.5669 1
0.0334508 1
0.0418383 1
0.674698 1
0.116784 1
3.19189 1
0.324336 1
0.124863 1
1.13338 1
0.13166 1
0.906596 1
0.319109 1
0.215611 1
0.203471 1
1.8952 1
0.586413 1
0.740042 1
0.0334998 1
1.77655 1
1.57437 1
0.355563 1
0.418553 1
0.647547 1
2.504 1
0.468336 1
0.589869 1
4.22672 1
0.0849684 1
1.61769 1
2.02999 1
1.26959 1
1.88528 1
0.851027 1
1.44839 1
6.06002 1
2.19357 1
0.252234 1
3.08999 1
1.70739 1
0.554167 1
0.237887 1
0.745923 1
0.934627 1
0.371426 1
1.64077 1
1.16916 1
1.01886 1
2.52476 1
1.91467 1
2.5015 1
0.318701 1
0.494483 1
14.5225 1
0.937359 1
0.522065 1
1.36581 1
0.6922 1
1.54234 1
0.266341 1
0.314072 1
2.60392 1
4.44163 1
0.297813 1
0.267146 1
0.84451 1
2.6266 1
0.217842 1
0.601583 1
0.152609 1
0.978926 1
0.763039 1
1.83173 1
1.2592 1
0.185704 1
0.564137 1
0.306104 1
0.516463 1
2.10968 1
2.42329 1
2.06513 1
1.46724 1
0.234437 1
0.557253 1
0.600104 1
0.878915 1
1.13429 1
1.22016 1
0.568217 1
0.647319 1
0.023944 1
4.98608 1
0.378895 1
0.889227 1
0.254563 1
2.03217 1
1.16743 1
3.06794 1
0.689764 1
1.67259 1
0.722214 1
0.258244 1
29.9513 1
4.00874 1
1.133 1
0.18009 1
0.723745 1
1.45354 1
0.92195 1
0.772136 1
0.217648 1
0.271174 1
0.303004 1
1.37303 1
0.108597 1
1.50535 1
1.25692 1
0.299098 1
0.133467 1
4.18996 1
0.840345 1
0.700524 1
0.130716 1
5.51313 1
1.70526 1
0.846276 1
1.37611 1
0.563734 1
1.56664 1
4.38565 1
0.146834 1
0.423504 1
1.25467 1
2.23406 1
3.47821 1
0.559575 1
0.0422981 1
1.15034 1
0.183768 1
4.10417 1
0.23523 1
0.230132 1
1.51395 1
0.713904 1
1.3841 1
0.200716 1
0.144031 1
0.579393 1
1.24801 1
0.413831 1
0.480518 1
7.46071 1
47.1639 1
0.450015 1
2.49916 1
0.70752 1
0.847733 1
0.901261 1
0.0941373 1
0.158267 1
1.13723 1
0.413748 1
2.2364 1
0.729662 1
1.03502 1
0.523794 1
1.51541 1
0.128296 1
1.63459 1
0.527079 1
0.216258 1
0.548741 1
0.237483 1
1.48131 1
1.09887 1
0.124103 1
0.812106 1
1.28731 1
0.757839 1
1.44695 1
4.32224 1
2.88592 1
0.384911 1
0.175083 1
11.845 1
1.09127 1
0.470694 1
0.14794 1
1.30916 1
0.468013 1
1.83197 1
0.0252115 1
0.145749 1
0.298306 1
0.974721 1
0.855588 1
3.52453 1
1.71443 1
0.255952 1
0.774112 1
1.89213 1
0.802971 1
1.53221 1
0.471879 1
1.28046 1
1.14557 1
2.25961 1
0.44655 1
0.87037 1
1.69588 1
0.543443 1
0.263982 1
2.95835 1
1.18835 1
0.638445 1
1.01738 1
0.510616 1
0.0569345 1
0.884375 1
0.091323 1
1.30056 1
0.238928 1
0.481164 1
0.0741815 1
5.30222 1
2.67373 1
0.109841 1
0.272718 1
0.0720748 1
0.100991 1
2.68502 1
3.90011 1
1.52408 1
0.362585 1
2.16361 1
2.65433 1
0.153485 1
1.51039 1
0.669945 1
25.4974 1
0.335169 1
1.576 1
0.761262 1
1.46003 1
1.66412 1
1.13615 1
4.47569 1
2.45048 1
0.959633 1
0.262937 1
0.181814 1
0.0736949 1
0.408689 1
0.894162 1
1.24535 1
0.138325 1
0.258828 1
5.02813 1
1.17869 1
0.41135 1
0.240616 1
1.54306 1
0.24786 1
0.171732 1
0.572892 1
2.06444 1
0.281602 1
1.80477 1
3.2342 1
0.604067 1
0.705053 1
0.219397 1
0.531857 1
0.469481 1
0.510115 1
2.19099 1
1.2106 1
0.0795176 1
1.20203 1
0.1864 1
4.60438 1
1.88448 1
0.851225 1
0.263778 1
1.33001 1
7.62609 1
1.01054 1
0.0967172 1
0.639513 1
1.22355 1
0.298913 1
0.598634 1
0.449941 1
2.30231 1
0.789893 1
0.140235 1
0.811712 1
1.47363 1
0.226367 1
3.15859 1
1.01283 1
1.26375 1
0.711658 1
0.834143 1
0.362673 1
1.56333 1
0.401096 1
0.680566 1
4.92186 1
0.688182 1
1.11563 1
0.191148 1
5.81465 1
0.911363 1
1.48263 1
0.27316 1
0.592904 1
0.182713 1
0.265991 1
1.89135 1
0.294323 1
2.73142 1
0.112143 1
0.502877 1
0.511974 1
0.2276 1
0.271479 1
1.58347 1
1.4951 1
2.06727 1
0.197816 1
0.20897 1
0.150437 1
0.217977 1
0.114834 1
0.544592 1
1.82343 1
0.903803 1
2.45014 1
2.256 1
0.706867 1
0.206339 1
1.63795 1
0.506241 1
2.26412 1
2.52836 1
1.18285 1
1.27778 1
0.77615 1
1.43784 1
0.580335 1
3.48744 1
0.232514 1
0.22466 1
0.442911 1
0.965711 1
0.579835 1
0.825495 1
0.126137 1
2.17473 1
3.00887 1
0.531977 1
0.315525 1
0.7665 1
1.67793 1
1.43197 1
0.334973 1
0.242208 1
1.92381 1
1.35824 1
0.231896 1
1.13638 1
0.20999 1
0.635035 1
1.90782 1
3.3163 1
1.03148 1
0.748379 1
0.237264 1
2.01321 1
0.957976 1
0.571672 1
0.517451 1
0 1
0.126704 1
1.04094 1
0.119344 1
0.626058 1
0.618142 1
1.90487 1
0.184854 1
0.553731 1
1.42879 1
1.38384 1
0.822658 1
3.82506 1
0.15952 1
0.23102 1
0.888017 1
0.139333 1
0.123611 1
1.6997 1
0.461428 1
2.94026 1
0.622715 1
1.51838 1
1.72681 1
1.44401 1
1.11973 1
0.37777 1
0.40856 1
0.562558 1
10.9306 1
2.62401 1
0.974824 1
1.16327 1
0.907211 1
0.653438 1
0.476054 1
2.05674 1
0.430734 1
6.02082 1
0.115796 1
1.53354 1
0.728875 1
0.198122 1
7.65629 1
0.622366 1
1.51662 1
0.327214 1
1.47772 1
0.235766 1
1.98194 1
3.10544 1
0.258358 1
3.4668 1
1.91662 1
3.74713 1
0.695389 1
0.727277 1
0.618735 1
2.05003 1
33.6022 1
0.80706 1
0.189335 1
6.99677 1
0.377471 1
1.95022 1
2.84395 1
0.794061 1
0.21193 1
0.560959 1
4.59975 1
0.205017 1
0.149999 1
0.0656681 1
0.17794 1
65.7085 1
1.04694 1
0.955911 1
0.864599 1
0.569909 1
2.54494 1
0.140012 1
3.28407 1
0.0892905 1
3.22525 1
28.2485 1
0.925833 1
0.249972 1
0.521016 1
1.59574 1
1.11281 1
0.76786 1
1.0793 1
2.09719 1
1.70954 1
0.747971 1
4.58351 1
0.344933 1
0.078642 1
0.629676 1
0.140524 1
2.00146 1
1.09998 1
0.209758 1
1.29047 1
0.146207 1
6.54835 1
0.543247 1
0.242687 1
0.34257 1
3.28264 1
0.259238 1
0.738638 1
1.93358 1
0.700639 1
0.123505 1
3.58503 1
3.80273 1
1.31166 1
0.321214 1
0.0772038 1
0.203326 1
2.69963 1
0.240843 1
1.84844 1
0.148446 1
1.98914 1
4.09448 1
0.0489412 1
0.823522 1
3.53421 1
4.16873 1
1.16894 1
0.515846 1
1.60487 1
1.78959 1
1.44871 1
1.45616 1
4.30811 1
0.348554 1
0.22519 1
1.89095 1
0.0405894 1
0.247972 1
0.228006 1
0.444906 1
4.01639 1
1.75435 1
3.68632 1
0.707429 1
1.5122 1
2.02245 1
1.05554 1
0.36699 1
0.880687 1
1.71348 1
0.377732 1
2.27993 1
6.52419 1
1.85992 1
0.998102 1
3.67227 1
0.497253 1
0.171301 1
3.4401 1
3.17345 1
0.197254 1
0.424917 1
0.448239 1
0.17831 1
7.09264 1
0 1
0.127977 1
1.57981 1
0.339717 1
1.63792 1
0.504806 1
0.466392 1
0.114563 1
0.922052 1
3.77228 1
0.527447 1
0.171508 1
0.42528 1
0.172419 1
1.20308 1
2.26548 1
2.02632 1
4.22167 1
0.670825 1
0.27294 1
0.888512 1
0.687757 1
2.83804 1
2.41141 1
0.122985 1
1.15381 1
0.289958 1
3.8171 1
0.140863 1
2.36619 1
0.342755 1
1.26127 1
1.91244 1
4.0941 1
1.70028 1
0.504431 1
0.872452 1
2.1655 1
1.24908 1
0.573688 1
0.877873 1
0.4591 1
0.763343 1
0.964805 1
1.70832 1
2.55222 1
0.323893 1
2.397 1
0.0600323 1
0.369174 1
0.0685393 1
1.43288 1
0.838607 1
0.39796 1
2.16765 1
1.30208 1
1.70914 1
2.60793 1
4.55163 1
1.53874 1
0.899713 1
0.709072 1
3.28017 1
0.456117 1
0.505257 1
1.81129 1
4.12218 1
0.24707 1
0.376069 1
1.52225 1
0.470508 1
2.52685 1
0.138986 1
1.06649 1
0.885249 1
3.26421 1
5.56556 1
0.27772 1
2.58777 1
0.169872 1
1.22309 1
0.860721 1
0.743739 1
0.298172 1
1.37509 1
0.194997 1
2.6534 1
1.88719 1
0.076895 1
1.75996 1
0.257055 1
0.183826 1
110.114 1
1.82227 1
0.465395 1
0.268399 1
0.330317 1
2.50775 1
1.75142 1
0.451559 1
0.196592 1
2.79405 1
2.05192 1
0.603013 1
0.277814 1
1.6317 1
0.206621 1
0.88673 1
0.224908 1
0.999396 1
0.81774 1
0.491545 1
2.59557 1
3.19872 1
0.193206 1
1.43385 1
0.448292 1
2.80505 1
0.195585 1
0.0625981 1
1.95075 1
1.22848 1
0.356521 1
0.915905 1
1.91015 1
1.29733 1
0.488662 1
0.170467 1
0.283561 1
1.53534 1
4.61792 1
6.17143 1
0.283438 1
2.28232 1
0.647266 1
2.19556 1
0.594372 1
0.331859 1
2.89222 1
4.39147 1
0.434952 1
0.499785 1
2.10093 1
0.279563 1
0.73651 1
0.0987173 1
0.321733 1
1.65513 1
1.20459 1
2.33187 1
0.145753 1
0.568002 1
0.273181 1
0.250265 1
0.070816 1
6.89786 1
1.73797 1
5.91557 1
0.155708 1
0.470853 1
0.196981 1
3.5985 1
0.342064 1
1.54771 1
0.19845 1
0.783836 1
0.984151 1
4.61361 1
23.26 1
2.09122 1
2.24821 1
1.29442 1
0.194667 1
10.5802 1
0.212658 1
2.20302 1
0.344738 1
0.97253 1
0.7598 1
0.364399 1
0.705567 1
0.655326 1
0.584637 1
2.02464 1
1.1328 1
0.582441 1
0.664697 1
0.613302 1
0.345375 1
3.86133 1
0.172382 1
3.28179 1
2.11189 1
0.5784 1
0.161514 1
1.90389 1
0.496221 1
0.217552 1
0.941462 1
0.506135 1
0.543082 1
0.172384 1
1.09261 1
2.1217 1
0.902053 1
1.65934 1
0.80552 1
0.15465 1
0.121297 1
0.177931 1
0.134823 1
1.19016 1
0.645698 1
0.525789 1
0.537781 1
0.0886228 1
0.318182 1
3.29605 1
0.419667 1
2.01812 1
0.131849 1
0.119963 1
1.99624 1
1.05963 1
1.07713 1
4.25495 1
1.0145 1
0.137065 1
0.449675 1
0.884001 1
1.74958 1
33.0526 1
1.6054 1
0.805862 1
0.997156 1
3.88463 1
1.35215 1
0.415381 1
0.436806 1
1.65873 1
1.65353 1
0.436262 1
0.426347 1
1.01266 1
1.67603 1
1.37168 1
0.963457 1
1.73926 1
0.552011 1
2.30944 1
0.814068 1
1.91226 1
0.547975 1
0.493506 1
0.301763 1
3.35476 1
5.86653 1
4.7356 1
0.66712 1
0.942921 1
1.21322 1
1.10268 1
0.887325 1
0.447122 1
4.13128 1
0.577688 1
0.811154 1
0.165276 1
0.630533 1
0.171956 1
1.38967 1
2.48221 1
0.198233 1
1.60877 1
0.353421 1
0.121816 1
0.414086 1
0.361414 1
0.642759 1
0.108622 1
0.17656 1
1.612 1
1.7031 1
0.146539 1
1.82503 1
2.94325 1
0.458068 1
1.17449 1
0.869266 1
4.22037 1
0.310744 1
1.15306 1
1.74972 1
0.239395 1
1.48958 1
0.113403 1
4.63355 1
0.917251 1
0.557113 1
1.41341 1
0.791371 1
0.192769 1
0.214747 1
0.439413 1
0.458578 1
1.50216 1
0.889487 1
3.03795 1
0.33656 1
2.9628 1
0.125635 1
0.967612 1
0.754453 1
13.9696 1
3.13732 1
0.870232 1
4.7866 1
1.93679 1
19.3012 1
0.772401 1
0.0524721 1
1.07538 1
0.706211 1
0.371896 1
0.900253 1
0.279398 1
1.08932 1
1.61745 1
0.142585 1
0 1
0.361341 1
0.216061 1
1.47238 1
0.498048 1
0.862506 1
0.141899 1
0.652208 1
0.248156 1
0.179785 1
0.150443 1
0.598561 1
0.0686996 1
0.784376 1
2.13107 1
0.950995 1
0.336107 1
0.860603 1
0.148382 1
3.01201 1
0.617044 1
0.906278 1
1.4375 1
2.78684 1
4.37854 1
0.728763 1
2.16608 1
0.683566 1
0.563001 1
0.406791 1
0.646535 1
0.155766 1
2.52697 1
1.47482 1
1.09463 1
0.807431 1
0.817687 1
1.00569 1
0.544811 1
0.204628 1
0.210726 1
0.133835 1
3.21654 1
0.521856 1
0.863179 1
1.3851 1
2.95595 1
5.32098 1
1.5075 1
0.308768 1
0.957529 1
5.46247 1
1.73482 1
0.284626 1
2.01374 1
0.820491 1
0.752474 1
0.607588 1
4.34961 1
0.685385 1
0.655418 1
1.36759 1
0.453277 1
0.697732 1
0.71881 1
2.55974 1
0.910181 1
1.51575 1
1.39216 1
1.3536 1
1.79081 1
0.651485 1
0.349553 1
0.222425 1
0.477102 1
1.40828 1
0.878209 1
0.273075 1
1.90778 1
0.600864 1
0.195624 1
2.07193 1
4.32592 1
0.164119 1
2.42819 1
0.718947 1
0.771531 1
0.523294 1
0.19846 1
0.120118 1
1.03151 1
0.56473 1
0.330519 1
3.40077 1
0.781301 1
0.682909 1
2.7848 1
0.982198 1
0.261966 1
2.35191 1
0.201319 1
8.93431 1
0.636243 1
0.198168 1
0.998989 1
0.608574 1
0.690504 1
0.43249 1
0.92868 1
1.02569 1
0.82917 1
0.950948 1
1.20011 1
0.288966 1
0.139827 1
1.11774 1
0.0735406 1
2.98509 1
0.320408 1
4.38721 1
2.24883 1
1.16099 1
0.72061 1
3.11127 1
0.390112 1
3.62561 1
1.44347 1
2.34819 1
0.563635 1
0.934009 1
1.19908 1
2.49698 1
0.929847 1
1.18233 1
7.31209 1
2.39542 1
1.39613 1
0.59767 1
1.48347 1
0.143784 1
0.932345 1
0.109645 1
0.556921 1
2.70666 1
0.845109 1
1.83412 1
0.454153 0
0.369135 0
0.988384 0
0.0788693 0
0.610186 0
0.617529 0
10.6713 0
0.390828 0
1.59562 0
1.02062 0
0.0588365 0
0.0971553 0
0.550822 0
0.437302 0
0.531498 0
0.352863 0
0.449587 0
0.0944608 0
0.280987 0
0.243554 0
0.036176 0
0.502258 0
0.266282 0
0.0732988 0
1.04393 0
0.181327 0
0.0705753 0
3.78786 0
1.26165 0
0.0582571 0
0.884074 0
0.96637 0
2.65783 0
0.175931 0
0.0610363 0
1.34751 0
0.8467 0
0.162347 0
0.194739 0
1.18109 0
0.48072 0
1.67274 0
0.902852 0
0.246436 0
0.214693 0
0.140341 0
1.5845 0
0.93773 0
0.178838 0
1.45609 0
1.30462 0
0.653607 0
3.54095 0
0.128801 0
0.671037 0
2.04484 0
0.42178 0
0.953013 0
0.264795 0
0.155115 0
0.397451 0
0.215429 0
0.7908 0
0.689424 0
0.168871 0
0.417512 0
0.224082 0
0.0872077 0
0.219838 0
0.103949 0
0.357684 0
1.36561 0
1.13621 0
2.12452 0
0.669492 0
1.87483 0
0.337945 0
0.820987 0
2.1391 0
0.35946 0
0.0934755 0
0.130575 0
0.958908 0
0.781554 0
0.241304 0
0.0781957 0
0.141512 0
1.2302 0
2.63161 0
0.666809 0
0.78636 0
0.659216 0
0.283417 0
1.82811 0
0.358688 0
0.644839 0
0.319722 0
0.183097 0
0.893674 0
0.109223 0
0.570468 0
0.347423 0
0.193977 0
0.754356 0
0.417668 0
0.05832 0
1.99343 0
0.257256 0
0.903771 0
0.846116 0
0.630485 0
0.191885 0
2.49036 0
2.53591 0
0.224197 0
2.26907 0
0 0
0.223292 0
0.311014 0
0.760266 0
0.68729 0
0.183274 0
0.361377 0
1.38331 0
0.40999 0
2.47926 0
1.0335 0
1.1342 0
1.24373 0
0.166079 0
0.239135 0
0.206689 0
0.0971651 0
0.0960624 0
2.60279 0
0.858663 0
0.653232 0
1.3595 0
3.90075 0
0.6513 0
0.81716 0
0.211894 0
0.111394 0
1.00469 0
0.0279978 0
0.563687 0
1.87992 0
0.517069 0
0.487951 0
3.71919 0
0.391358 0
0.405776 0
2.40438 0
0.0478734 0
0.214744 0
0.17683 0
0.179959 0
2.08104 0
0.455622 0
1.10321 0
0.794197 0
0.189324 0
0.175206 0
4.86711 0
0.259509 0
0.387877 0
0.76419 0
0.443043 0
0.157722 0
0.567635 0
0.104014 0
0.118531 0
0.339429 0
0.269203 0
0.354432 0
0.420096 0
0.0948172 0
1.22646 0
0.292833 0
0.232353 0
2.59938 0
0.16192 0
0.310719 0
1.46757 0
0.850141 0
0.254805 0
0.252592 0
1.09983 0
0.791556 0
0.299653 0
0.0715 0
0.889465 0
0.0200503 0
0.238734 0
1.36316 0
0.559532 0
0.014965 0
0.490355 0
0.910211 0
1.05694 0
1.18753 0
1.69115 0
1.12919 0
17.3124 0
0.0948445 0
0.961508 0
0.124658 0
0.150356 0
1.09473 0
0.430284 0
0.188996 0
0.343964 0
0.542567 0
0.29486 0
0.152672 0
0.0820604 0
0.793038 0
0.494934 0
0.416545 0
0.485906 0
1.50395 0
0.190795 0
0.11101 0
0.687043 0
0.178067 0
0.278214 0
1.26884 0
0.179298 0
0.23851 0
0.294451 0
0.086843 0
0.363251 0
0.0621679 0
1.24143 0
0.218719 0
2.09325 0
0.80633 0
0.786091 0
0.229118 0
0.396775 0
1.41617 0
0.188838 0
0.136627 0
0.19527 0
0.72744 0
0.261368 0
1.74597 0
0.170863 0
0.328049 0
0.350946 0
0.144947 0
1.29549 0
0.0809363 0
0.258752 0
1.04192 0
0.19435 0
0.146525 0
0.701178 0
0.272238 0
0.340505 0
0.277123 0
0.267836 0
0.19431 0
0.671582 0
0.953154 0
3.10343 0
0.741157 0
0.40948 0
3.29664 0
2.62887 0
0.0933066 0
0.140822 0
0.186781 0
0.342269 0
1.49653 0
0.245724 0
0.0746896 0
1.31167 0
0.568801 0
1.54452 0
0.376425 0
0.258515 0
2.60421 0
0.616749 0
0.652179 0
1.69268 0
2.38629 0
0.422719 0
1.72543 0
0.317819 0
2.70435 0
0.213432 0
0.257687 0
0.310484 0
0.5456 0
0.0977262 0
0.952122 0
0.597036 0
0.0777669 0
0.397295 0
0.182257 0
0.942114 0
0.161429 0
0.194516 0
0.545309 0
0.726586 0
0.416162 0
0.169394 0
0.760882 0
0.336693 0
0.149293 0
0.278387 0
0.266658 0
1.31567 0
0.485164 0
0.818744 0
0.209611 0
0.975179 0
4.50711 0
0.186745 0
0.306607 0
0.0623552 0
0.353014 0
0.242671 0
1.17918 0
1.88605 0
1.09432 0
1.10951 0
0.142075 0
2.48893 0
0.623709 0
0.134561 0
0.229481 0
0.215242 0
0.867265 0
0.609695 0
0.168478 0
0.167853 0
0.911279 0
0.0974961 0
0.0755759 0
0.369982 0
0.190142 0
0.239246 0
0.463936 0
0.0947503 0
1.70844 0
0.172767 0
3.24212 0
0.269255 0
0.0873688 0
1.5145 0
0.620676 0
0.366813 0
1.22213 0
0.300146 0
0.379901 0
0.707932 0
0.268956 0
0.29402 0
0.386977 0
0.768105 0
0.694429 0
1.62756 0
0.103972 0
0.305068 0
0.480728 0
1.31297 0
0.176448 0
0.0980956 0
0.308418 0
0.32504 0
3.047 0
0.235558 0
1.47852 0
0.349466 0
0.315882 0
2.3462 0
1.09592 0
0.728077 0
0.7526 0
0.373315 0
0.175762 0
0.0777031 0
0.136391 0
0.471054 0
0.489882 0
0.18541 0
0.624463 0
0.231369 0
0.522649 0
0.110089 0
2.93175 0
0.248514 0
2.45741 0
1.30299 0
1.3863 0
0.54044 0
1.03184 0
0.162863 0
1.23335 0
0.0380623 0
0.544332 0
0.0745665 0
0.991509 0
0.484112 0
0.410393 0
2.22913 0
2.27174 0
2.0425 0
0.771513 0
0.235512 0
0.155728 0
0.564596 0
0.113063 0
1.10351 0
0.780748 0
1.2902 0
0.181655 0
1.09293 0
0.252411 0
0.0837922 0
1.7175 0
0.680749 0
0.842044 0
0.757007 0
0.50307 0
1.11047 0
0.162698 0
0.165761 0
0.193824 0
1.90604 0
0.552724 0
1.16296 0
0.951784 0
0.429939 0
0.337605 0
2.85941 0
0.237937 0
0.38081 0
0.151824 0
0.132033 0
1.46097 0
0.587719 0
1.34498 0
0.140937 0
1.27836 0
0.462767 0
0.333181 0
0.812855 0
0.703145 0
1.17374 0
0.171079 0
0.0110888 0
0.590226 0
1.02054 0
0.647554 0
0.57752 0
0.190013 0
0.269848 0
1.32928 0
2.13147 0
0.133186 0
0.223423 0
0.295727 0
0.539926 0
0.860586 0
1.21692 0
0.64615 0
0.229406 0
0.766131 0
0.370978 0
0.192508 0
0.469293 0
0.202868 0
0.230308 0
0.114561 0
0.371383 0
0.102817 0
0.911386 0
1.21112 0
1.023 0
1.40512 0
0.184152 0
1.27299 0
0.118281 0
0.449389 0
1.19691 0
0.233197 0
0.360064 0
0.406869 0
0.639953 0
0.0681855 0
0.274419 0
0.443952 0
4.01982 0
0.193747 0
1.07318 0
3.98053 0
0.240097 0
1.16933 0
1.88666 0
0.244411 0
0.372899 0
0.172722 0
0.196452 0
0.443714 0
0.718918 0
0.70729 0
0.570941 0
0.337392 0
0.34039 0
1.29559 0
0.0539244 0
0.13637 0
0.436192 0
0.29261 0
0.167356 0
0.256188 0
0.173592 0
0.880121 0
0.0579057 0
0.318925 0
0.379102 0
0.329257 0
0.5411 0
0.726126 0
0.162952 0
0.388102 0
0.2647 0
0.810524 0
1.24071 0
0.554714 0
0.189598 0
0.294281 0
0.706222 0
0.244747 0
0.370991 0
1.13832 0
10.3882 0
0.274854 0
0.804988 0
2.67431 0
0.291238 0
0.104596 0
0.180855 0
0.224515 0
0.478516 0
0.152005 0
0.387926 0
0.664487 0
0.398794 0
0.138628 0
2.57344 0
0.141893 0
1.08029 0
1.34179 0
0.841053 0
0.075 0
0.550925 0
0.269935 0
1.25161 0
1.73683 0
0.501248 0
0.172621 0
1.43134 0
0.17344 0
1.03673 0
0.543651 0
0.288576 0
0.640003 0
0.367737 0
0.966505 0
1.1235 0
0.283451 0
1.50568 0
0.0902685 0
0.176662 0
0.824105 0
0.136145 0
0.306683 0
0.589761 0
0.543197 0
0.386828 0
2.07172 0
0.197186 0
29.2328 0
0.0582806 0
0.578129 0
0.215254 0
0.46042 0
0.243823 0
0.221556 0
0.0915243 0
0.613496 0
0.93202 0
0.661876 0
0.121451 0
0.44839 0
0.573263 0
0.395407 0
0.98491 0
1.56863 0
0.482641 0
4.23039 0
0.17058 0
0.977565 0
1.08503 0
0.309133 0
0.395592 0
0.401785 0
0.138176 0
1.0278 0
0.400651 0
3.48001 0
0.768407 0
0.454406 0
0.493988 0
0.219129 0
0.955409 0
0.539181 0
0.55813 0
0.118941 0
0.357676 0
0.286547 0
0.191041 0
0.351687 0
0.274013 0
0.134525 0
0.166658 0
0.234867 0
0.798697 0
0.279856 0
1.14165 0
1.40385 0
1.58834 0
0.873139 0
0.895068 0
0.252665 0
0.192617 0
0.270252 0
1.28051 0
0.0179198 0
0.351218 0
1.66453 0
0.17794 0
0.510839 0
0.261036 0
2.50824 0
0.299511 0
0.30726 0
0.129925 0
1.76514 0
0.0325056 0
0.115507 0
0.824056 0
0.226256 0
0.470836 0
0.0894901 0
0.429388 0
0.0785771 0
0.633213 0
0.629759 0
1.0933 0
0.202439 0
0.469839 0
0.953301 0
0.061167 0
0.212121 0
0.113168 0
0.725179 0
3.98471 0
0.499049 0
0.80787 0
0.30474 0
0.384346 0
0.591101 0
0.124886 0
0.355389 0
1.12435 0
0.0211136 0
0.0723982 0
0.218627 0
0.837868 0
0.923362 0
0.159918 0
0.316767 0
2.97812 0
1.1602 0
0.169193 0
0.359066 0
1.39707 0
0.39605 0
0.957768 0
0.936728 0
0.62594 0
0.624939 0
0.241126 0
0.231155 0
0.246079 0
0.18596 0
0.204559 0
0.295115 0
0.164789 0
0.356614 0
0.693757 0
0.158668 0
0.0586075 0
0.318082 0
0.442724 0
0.439479 0
3.10563 0
0.47301 0
0.316356 0
0.224068 0
0.417465 0
0.642534 0
0.490122 0
0.197753 0
0.300908 0
0.281468 0
0.202451 0
0.123019 0
1.33502 0
0.371062 0
0.166046 0
0.204902 0
0.214145 0
0.942424 0
1.06727 0
0.128237 0
0.429872 0
0.502163 0
0.13105 0
0.0994507 0
0.191919 0
0.259033 0
0.958245 0
1.01038 0
0.815126 0
0.88272 0
0.16092 0
0.0979691 0
0.0971138 0
0.10188 0
0.279872 0
0.172891 0
0.876198 0
1.13428 0
0.0995593 0
0.125852 0
0.123818 0
0.280425 0
0.307408 0
0.459433 0
1.16819 0
0.387243 0
0.606954 0
2.32566 0
0.736419 0
1.00866 0
0.655735 0
0.0832635 0
0.0242349 0
0.874056 0
0.18756 0
0.559081 0
0.2782 0
1.72617 0
0.936348 0
0.373666 0
0.189428 0
0.191275 0
0.228223 0
0.310476 0
5.78294 0
0.281491 0
1.01459 0
0.228303 0
0.912158 0
0.818716 0
0.15272 0
0.444918 0
0.230419 0
0.0464532 0
0.166451 0
0.174699 0
0.475251 0
0.177293 0
0.990228 0
0.241582 0
1.1834 0
0.270865 0
0.0977674 0
0.601451 0
0.647535 0
0.786508 0
0.172546 0
0.704016 0
0.0877853 0
0.124615 0
0.332407 0
0.142211 0
0.645247 0
0.0997157 0
0.0747327 0
1.38369 0
0.967918 0
0.726924 0
0.312757 0
0.119813 0
0.494343 0
1.10409 0
0.387033 0
1.4379 0
0.0963284 0
0.389016 0
0.320635 0
0.673164 0
1.99884 0
2.46623 0
0.208851 0
0.229675 0
0.72277 0
1.18012 0
0.444058 0
1.78712 0
0.290347 0
0.109796 0
2.00862 0
1.12042 0
0.0614352 0
0.21133 0
2.7944 0
2.58663 0
1.19695 0
0.697837 0
0.195858 0
0.263184 0
0.465946 0
0.327267 0
0.305834 0
0.185538 0
1.23441 0
0.239875 0
2.64921 0
0.158058 0
1.1425 0
0.165616 0
1.96318 0
0.565521 0
0.413524 0
1.73669 0
3.17597 0
0.115371 0
0.0698968 0
0.74298 0
0.200131 0
0.311153 0
0.834454 0
0.447142 0
1.47538 0
0.182179 0
2.32203 0
0.0681504 0
1.25834 0
1.72725 0
0.36206 0
0.168669 0
0.313364 0
0.906954 0
1.8337 0
2.35668 0
0.495432 0
0.291109 0
0.179662 0
0.190335 0
1.00255 0
1.3151 0
0.591071 0
0.606892 0
0.404309 0
0.463405 0
0.145786 0
0.390475 0
0.778712 0
29.2579 0
2.32973 0
1.99627 0
2.53691 0
1.05739 0
0.395907 0
0.362551 0
0.927757 0
0.754637 0
1.61638 0
0.438206 0
0.11673 0
0.140687 0
0.509867 0
0.146596 0
4.46933 0
0.107781 0
2.1527 0
0.0786184 0
0.0695431 0
0.281539 0
0.301375 0
0.430357 0
0.0805581 0
2.35502 0
0.0638586 0
0.194908 0
0.15712 0
1.16928 0
0.519274 0
4.15977 0
1.31947 0
1.31542 0
0.156816 0
0.266803 0
0.397093 0
0.465459 0
0.484466 0
1.13356 0
0.283782 0
1.14381 0
0.257095 0
0.96318 0
0.399888 0
0.552421 0
0.390161 0
1.66004 0
1.11267 0
0.616154 0
0.227624 0
0.233363 0
0.977589 0
0.624665 0
0.316175 0
1.28754 0
1.14536 0
0.238038 0
0.249549 0
0.773985 0
1.41457 0
2.20703 0
0.160714 0
0.322737 0
0.33516 0
0.0542775 0
0.838541 0
0.878118 0
1.84098 0
0.292747 0
1.21346 0
0.348255 0
2.98509 0
0.4364 0
1.80839 0
1.41266 0
0.60849 0
0.42498 0
0.112978 0
48.5605 0
0.797959 0
0.840227 0
0.0731122 0
1.84762 0
0.300681 0
0.198045 0
0.202863 0
2.60337 0
1.03486 0
0.0844102 0
0.263168 0
0.276676 0
1.06707 0
0.962884 0
17.1213 0
0.0721639 0
0.298662 0
0.54073 0
0.111781 0
0.798286 0
0.202738 0
0.581747 0
2.35895 0
0.658239 0
1.04375 0
0.136691 0
0.412255 0
0.300551 0
0.275023 0
0.155793 0
0.127071 0
0.409098 0
0.47014 0
0.315481 0
0.140211 0
1.26749 0
0.897318 0
1.1563 0
0.566202 0
0.200225 0
0.942295 0
0.10502 0
0.214381 0
1.0994 0
0.048047 0
0.4672 0
1.51957 0
1.12389 0
0.316334 0
0.465968 0
0.417034 0
1.5596 0
0.488817 0
1.07242 0
0.338855 0
0.0882353 0
0.18946 0
0.899455 0
0.0531344 0
1.91105 0
2.5616 0
0.139175 0
0.313578 0
0.45296 0
0.999827 0
2.84506 0
0.177312 0
0.098348 0
0.114843 0
0.306506 0
1.4493 0
1.64025 0
0.184869 0
0.921044 0
1.10563 0
0.60237 0
0.121389 0
0.157469 0
1.4573 0
0.19363 0
0.250631 0
0.41271 0
2.13221 0
1.06848 0
0.422764 0
0.00892569 0
0.0810098 0
0.546579 0
0.781217 0
3.66235 0
0.237578 0
0.387365 0
0.71551 0
0.0612803 0
0.248081 0
0.303412 0
0.175634 0
0.917622 0
0.387287 0
1.3564 0
0.117441 0
1.23812 0
0.18531 0
1.97211 0
1.22503 0
0.261686 0
0.532329 0
0.167026 0
0.0680918 0
2.70679 0
0.18811 0
0.448968 0
0.0484641 0
0.202438 0
0.120723 0
0.254695 0
0.254614 0
0.71461 0
0.306861 0
0.343344 0
0.63192 0
1.436 0
0.91549 0
0.907977 0
0.127006 0
1.38124 0
1.3832 0
0.155763 0
0.00187598 0
0.174332 0
1.05966 0
0.148468 0
0.194788 0
1.01134 0
0.588811 0
1.97494 0
0.243689 0
1.35105 0
0.305603 0
0.770196 0
0.168925 0
0.219377 0
1.40753 0
0.255837 0
0.231243 0
0.180078 0
0.226937 0
1.53636 0
0.56637 0
0.702501 0
0.332154 0
1.00206 0
1.55283 0
0.0806931 0
0.487193 0
0.283695 0
0.386935 0
0.688016 0
1.7484 0
0.197472 0
0.735291 0
0.458511 0
0.677174 0
