0.399181 1
0.716268 1
0.833146 1
2.16534 1
0.400865 1
1.94517 1
0.463988 1
3.54056 1
2.43196 1
0.842452 1
0.952293 1
0.15058 1
0.291457 1
1.62209 1
4.86051 1
0.746498 1
1.53067 1
0.935759 1
2.48133 1
0.0925385 1
4.86666 1
0.231702 1
0.304204 1
0.489912 1
4.7467 1
0.286581 1
1.01108 1
1.92134 1
1.15993 1
2.56308 1
1.99454 1
0.663108 1
65.0769 1
0.837273 1
0.404358 1
0.701382 1
0.195782 1
0.762874 1
1.11277 1
1.25728 1
2.45235 1
0.352542 1
0.33262 1
1.47028 1
0.407716 1
0.50943 1
0.160842 1
3.9998 1
0.350863 1
2.06936 1
0.161347 1
2.7021 1
1.13184 1
2.23941 1
0.877885 1
0.284067 1
0.867495 1
0.220663 1
1.92498 1
0.0825039 1
0.731815 1
0.104685 1
2.18757 1
8.28888 1
1.35561 1
2.69266 1
0.0734816 1
5.81216 1
2.74696 1
0.148876 1
1.20673 1
2.83723 1
3.23205 1
3.43942 1
0.228942 1
1.61741 1
0.579998 1
0.859891 1
0.112025 1
0.149504 1
0.573969 1
0.192464 1
0.717138 1
2.09817 1
0.705664 1
5.6862 1
0.529548 1
0.00943337 1
0.135114 1
0.525311 1
0.822552 1
1.31888 1
0.546658 1
0.543429 1
1.30376 1
3.39926 1
1.28773 1
1.63835 1
0.191132 1
0.0849801 1
1.16063 1
1.07869 1
0.0471818 1
0.92489 1
2.63917 1
0.412753 1
0.280277 1
0.408787 1
0.0357242 1
4.29397 1
0.21764 1
0.33607 1
0.692865 1
1.4064 1
2.37351 1
0.850633 1
0.111668 1
1.09511 1
0.745723 1
0.745086 1
0.0330887 1
2.79702 1
0.756241 1
1.08284 1
1.98513 1
3.39263 1
0.206664 1
0.174026 1
0.656612 1
1.28676 1
0.206483 1
0.957627 1
0.0449087 1
1.24416 1
0.163623 1
0.910949 1
0.126719 1
0.798849 1
1.29151 1
3.30387 1
3.02821 1
0.359612 1
5.0569 1
2.58737 1
0.436907 1
0.18944 1
0.907576 1
3.08664 1
0.320616 1
0.183799 1
0.604262 1
1.05678 1
0.214226 1
1.34729 1
0.273035 1
2.99251 1
0.508628 1
0.273556 1
1.57345 1
0.231066 1
3.65864 1
0.805549 1
1.4832 1
0.151643 1
0.57628 1
1.6957 1
0.828559 1
0.117406 1
0.317835 1
1.95254 1
1.94638 1
1.70516 1
1.25468 1
0.512499 1
4.55014 1
2.30345 1
0.796716 1
0.100232 1
2.03827 1
0.193915 1
0.126689 1
0.277213 1
0.74875 1
3.06934 1
0.225683 1
5.95561 1
0.473453 1
0.378413 1
0.890227 1
1.75285 1
0.530532 1
0.457608 1
1.74093 1
0.687343 1
1.50652 1
0.43254 1
0.205068 1
0.222071 1
1.4636 1
1.49583 1
0.319951 1
0.238614 1
2.25388 1
2.8334 1
0.799156 1
1.3084 1
0.304046 1
3.07211 1
5.14846 1
0.243145 1
2.56046 1
2.67904 1
0.760824 1
0.13217 1
1.0494 1
0.467653 1
1.19842 1
0.178953 1
5.92818 1
0.566383 1
0.168254 1
0.693912 1
0.227875 1
0.208164 1
0.402725 1
0.227326 1
0.526451 1
0.166122 1
0.424699 1
2.13686 1
2.91291 1
0.481961 1
0.156266 1
1.01643 1
0.598569 1
0.0841323 1
0.688699 1
1.14706 1
7.69658 1
0.544144 1
1.06819 1
1.72286 1
2.31498 1
0.0673259 1
2.04207 1
2.36191 1
1.49865 1
0.223961 1
0.248123 1
0.319295 1
3.42785 1
0.742979 1
0.809542 1
1.17753 1
0.768783 1
0.89436 1
0.476053 1
0.574519 1
0.259347 1
3.20379 1
0.242698 1
0.525368 1
3.02839 1
0.642119 1
0.439829 1
0.643177 1
0.16547 1
0.49838 1
0.0630564 1
6.09151 1
71.857 1
0.162204 1
0.51314 1
0.189182 1
2.24826 1
0.118234 1
3.59019 1
0.171835 1
0.451696 1
0.701956 1
0.435643 1
0.176315 1
0.237134 1
0.87206 1
0.364979 1
0.185908 1
0.637208 1
0.100596 1
0.706301 1
0.172141 1
5.48792 1
1.24268 1
1.1956 1
1.2917 1
0.987618 1
1.17311 1
0.840831 1
3.41766 1
2.73365 1
0.421652 1
0.624387 1
1.38046 1
1.02081 1
1.67164 1
1.11596 1
0.642929 1
0.1348 1
0.20358 1
3.31793 1
0.0674321 1
0.342991 1
0.634388 1
6.34152 1
2.51235 1
0.951549 1
0.668602 1
5.39576 1
10.2968 1
0.829637 1
0.157967 1
1.09495 1
0.713907 1
1.69083 1
5.22806 1
2.31483 1
0.561047 1
0.534019 1
1.02172 1
0.244213 1
0.706629 1
6.76428 1
0.406736 1
1.75594 1
12.5334 1
1.95206 1
0.130095 1
0.103279 1
3.90043 1
0.51861 1
1.0938 1
1.14981 1
0.711331 1
1.71509 1
3.22991 1
0.170123 1
0.727747 1
1.54112 1
0.258634 1
0.571304 1
0.165572 1
0.475815 1
0.480209 1
0.960592 1
0.701104 1
0.23466 1
0.561387 1
2.107 1
1.08912 1
1.56939 1
0.178945 1
1.45691 1
0.764019 1
0.223737 1
2.58636 1
0.991559 1
0.0398153 1
0.227945 1
0.104863 1
8.62533 1
0.237807 1
2.56054 1
0.0774642 1
0.141533 1
2.80517 1
2.74597 1
6.11157 1
0.0789737 1
0.735385 1
1.19789 1
0.871042 1
0.848476 1
1.07723 1
0.462638 1
0.105856 1
0.374171 1
0.282279 1
1.04094 1
1.21255 1
2.39523 1
1.30582 1
0.683344 1
0.165239 1
0.232803 1
1.62024 1
0.0206215 1
0.101429 1
0.207235 1
0.736432 1
1.2128 1
0.0431445 1
1.12934 1
0.843897 1
1.1863 1
0.870508 1
0.327857 1
1.3803 1
0.627666 1
0.871622 1
0.31906 1
1.96791 1
1.23031 1
0.450046 1
1.32308 1
0.0415162 1
0.177437 1
1.01309 1
3.86295 1
4.47063 1
4.19181 1
1.42065 1
2.0319 1
0.218098 1
0.955123 1
1.41161 1
3.31702 1
3.74496 1
1.14612 1
5.11266 1
0.208771 1
0.668741 1
0.483208 1
0.801434 1
1.34221 1
0.186224 1
1.26264 1
0.291206 1
0.90048 1
1.27188 1
0.281877 1
1.39621 1
0.147152 1
3.71562 1
1.54454 1
2.1118 1
2.98373 1
4.04506 1
0.896626 1
0.371093 1
0.43777 1
1.08034 1
0.569742 1
0.324713 1
0.0758252 1
1.7087 1
1.58494 1
2.72008 1
0.209699 1
3.64618 1
1.87507 1
2.25699 1
0.982251 1
0.120979 1
1.80521 1
0.8542 1
0.443643 1
1.0574 1
0.694243 1
0.141924 1
1.16772 1
1.47238 1
0.349798 1
10.1645 1
1.40142 1
3.26787 1
1.40973 1
0.275903 1
0.687492 1
0.103288 1
0.80757 1
25.5977 1
0.854322 1
0.11534 1
1.15265 1
1.93304 1
0.571572 1
0.679129 1
0.201029 1
0.821717 1
0.679845 1
4.8525 1
0.164001 1
0.872448 1
0.11245 1
0.225733 1
2.11516 1
0.454591 1
0.60821 1
0.74694 1
0.78657 1
110.443 1
2.42381 1
3.66565 1
1.93358 1
2.52236 1
4.08731 1
1.73703 1
0.447005 1
0.288316 1
0.118473 1
1.02419 1
1.51272 1
0.364918 1
0.942045 1
0.925274 1
2.00137 1
0.437912 1
1.55366 1
1.72077 1
1.09608 1
1.99509 1
1.71557 1
0.196285 1
2.37796 1
0.391618 1
2.09299 1
1.03448 1
0.6014 1
0.432424 1
0.716949 1
0.578177 1
1.39689 1
1.15976 1
1.38145 1
0.537454 1
0.597108 1
0.262758 1
0.59767 1
1.16597 1
0.987906 1
0.233395 1
1.4339 1
0.219802 1
0.486963 1
4.27625 1
1.09225 1
1.61853 1
1.45277 1
0.161796 1
0.16848 1
0.363827 1
0.133205 1
0.140493 1
0.29349 1
0.14893 1
1.87598 1
3.10019 1
0.623026 1
1.24025 1
1.25718 1
1.86711 1
0.169575 1
1.61737 1
1.97287 1
0.249242 1
0.291719 1
1.25107 1
0.227227 1
1.81343 1
2.05558 1
1.23173 1
0.614944 1
0.230657 1
2.20531 1
2.36953 1
1.01181 1
2.2371 1
0.737707 1
1.03975 1
0.167688 1
0.116625 1
0.569176 1
0.759823 1
2.07035 1
1.35946 1
2.87606 1
1.53479 1
5.00194 1
0.61605 1
0.324191 1
0.19982 1
0.355779 1
0.307363 1
1.52384 1
1.38083 1
2.70239 1
0.236031 1
0.168264 1
1.52131 1
1.16605 1
1.4973 1
0.0825463 1
0.108145 1
0.495944 1
1.33207 1
0.36234 1
0.541054 1
2.63359 1
0.765638 1
1.7333 1
0.352619 1
0.160904 1
0.219853 1
0.583003 1
0.863429 1
1.61388 1
1.08713 1
0.189956 1
0.375989 1
0.0865945 1
2.47038 1
1.29256 1
0.41054 1
2.766 1
0.140368 1
0.431509 1
0.198041 1
0.533993 1
0.119353 1
0.535949 1
1.70808 1
1.36146 1
0.996348 1
0.628663 1
0.225748 1
3.42346 1
0.0958469 1
0.592383 1
0.065809 1
0.772098 1
0.525185 1
0.863236 1
0.452511 1
1.43442 1
0.199015 1
2.36778 1
1.28738 1
0.114332 1
1.56465 1
1.0085 1
0.652597 1
4.12562 1
0.329225 1
1.00223 1
1.45805 1
2.7599 1
1.28964 1
0.615515 1
0.242828 1
3.64038 1
0.383428 1
0.732609 1
0.427331 1
0.34417 1
1.71587 1
0.314265 1
0.505989 1
0.24913 1
0.192244 1
0.750157 1
0.484767 1
0.351741 1
1.13366 1
2.42106 1
1.65498 1
0.504632 1
8.0228 1
2.66033 1
0.192723 1
0.80455 1
2.22576 1
1.03219 1
1.85177 1
2.53025 1
0.951076 1
0.765347 1
0.149364 1
0.096081 1
0.490825 1
3.1477 1
0.307922 1
1.56049 1
0.641964 1
2.26712 1
0.171016 1
0.422557 1
2.31579 1
0.12586 1
6.01098 1
0.830362 1
0.429787 1
2.88665 1
4.80314 1
2.0929 1
0.945918 1
0.27584 1
0.253586 1
3.27817 1
3.28732 1
0.194977 1
0.521795 1
0.764778 1
0.20115 1
0.933553 1
2.86026 1
0.518801 1
0.126298 1
0.529755 1
1.80021 1
0.827797 1
0.586729 1
2.02758 1
1.9167 1
0.920594 1
3.01722 1
0.106011 1
0.826411 1
1.16277 1
1.56786 1
2.48442 1
0.803592 1
1.28308 1
1.0272 1
3.39053 1
3.42203 1
0.202284 1
0.479784 1
0.122467 1
13.3232 1
0.443783 1
1.64338 1
0.0709268 1
1.36489 1
1.42947 1
0.094045 1
2.21434 1
0.421492 1
0.393147 1
0.38814 1
0.540958 1
2.12973 1
4.06755 1
7.12297 1
1.22185 1
0.352392 1
0.525425 1
0.89124 1
1.1817 1
0.811677 1
0.10747 1
1.02361 1
0.351466 1
1.21398 1
7.20565 1
1.19059 1
0.188365 1
0.429779 1
0.0836284 1
0.257227 1
0.563217 1
1.22859 1
0.907443 1
1.13739 1
1.09544 1
0.999917 1
0.394658 1
1.40578 1
0.522251 1
0.734575 1
0.201991 1
1.58973 1
0.683697 1
0.322514 1
0.348801 1
0.9541 1
0.824573 1
0.306348 1
1.16965 1
0.727689 1
2.88146 1
3.77843 1
0.213932 1
0.165261 1
5.85442 1
0.977752 1
0.12374 1
0.21081 1
0.408777 1
0.478702 1
0.822805 1
1.93158 1
2.35141 1
1.00555 1
0.129977 1
0.326352 1
1.06344 1
1.05105 1
1.3958 1
0.44979 1
1.63389 1
0.814273 1
0.11594 1
5.99849 1
0.742332 1
0.0563144 1
3.52609 1
0.12542 1
0.678567 1
0.171186 1
0.346711 1
0.331529 1
2.75848 1
0.611116 1
0.61064 1
0.563183 1
5.8375 1
3.05395 1
2.44524 1
0.0659723 1
1.10689 1
4.95823 1
1.1279 1
0.792678 1
0.213094 1
1.08726 1
0.238383 1
0.572797 1
3.29497 1
8.16667 1
0.57107 1
0.67807 1
6.08737 1
1.46622 1
1.81993 1
1.97203 1
0.998392 1
3.12087 1
0.769173 1
0.458045 1
0.150651 1
2.3048 1
1.9852 1
0.712842 1
0.153994 1
0.399218 1
5.46724 1
29.6454 1
0.118966 1
0.623711 1
3.33323 1
2.12609 1
1.14624 1
2.84071 1
0.448887 1
1.11406 1
1.80971 1
0.326342 1
0.936717 1
14.4854 1
0.556596 1
3.12826 1
0.163446 1
0.277593 1
1.45872 1
3.72369 1
0.166368 1
0.382937 1
0.346798 1
0.314706 1
0.125858 1
37.5927 1
0.152034 1
2.86731 1
11.6439 1
0.266505 1
1.96541 1
0.226932 1
0.162372 1
0.16313 1
4.34047 1
0.150063 1
0.322072 1
1.1081 1
1.6544 1
0.338113 1
0.431851 1
0.12998 1
2.01616 1
1.67716 1
0.446895 1
0.349606 1
1.72543 1
1.96154 1
0.901305 1
0.936083 1
0.148715 1
0.302223 1
2.57459 1
0.765817 1
5.6805 1
0.0545184 1
1.95644 1
0.369701 1
0.86603 1
0.134182 1
1.42085 1
0.164822 1
0.288937 1
1.43373 1
1.50985 1
1.08829 1
0.33929 1
1.78798 1
0.118506 1
0.181284 1
0.130262 1
0.240276 1
6.05051 1
0.232448 1
0.797911 1
1.42059 1
1.89584 1
1.18635 1
0.281265 1
0.781712 1
0.0776132 1
1.22626 1
0.205538 1
0.341053 1
1.0285 1
0.157454 1
1.89589 1
0.369359 1
1.45487 1
6.23021 1
1.48876 1
2.42566 1
0.0442519 1
0.575581 1
0.623157 1
2.20699 1
0.148885 1
0.0284181 1
0.143693 1
0.318291 1
1.34701 1
1.25495 1
0.411315 1
11.0485 1
1.29004 1
0.294123 1
1.22881 1
2.57027 1
0.329296 1
2.82092 1
6.06036 1
0.626188 1
1.65866 1
0.138563 1
1.86194 1
0.190912 1
0.953849 1
0.847603 1
0.669149 1
3.20635 1
0.196376 1
0.628325 1
0.595608 1
0.640094 1
0.483818 1
0.911465 1
1.85057 1
3.46325 1
1.86118 1
2.30511 1
2.0731 1
0.793704 1
2.60951 1
1.02358 1
0.247291 1
0.659913 1
0.953271 1
0.551286 1
1.70527 1
1.47453 1
0.866532 1
0.397726 1
0.704508 1
0.107977 1
0.345484 1
1.10939 1
2.48186 1
0.755641 1
0.41027 1
4.96092 1
1.49184 1
0.530117 1
0.962226 1
0.710643 1
0.168044 1
1.74664 1
0.12806 1
0.998606 1
0.232599 1
1.39709 1
3.12829 1
1.0186 1
0.563964 1
0.463457 1
0.0416407 1
0.980341 1
0.88909 1
1.95143 1
0.601503 1
0.355866 1
3.00031 1
0.358165 1
0.264895 1
0.165629 1
2.20317 1
0.432254 1
0.159267 1
0.0945012 1
1.54973 1
2.02034 1
2.89372 1
1.07557 1
0.582265 1
0.429634 1
0.763741 1
0.624764 1
0.393378 1
5.08214 1
0.758951 1
0.671714 1
1.95069 1
2.99867 1
0.46227 1
0.461223 1
1.24842 1
0.317378 1
0.818426 1
4.10918 1
0.13528 1
0.176176 1
0.369932 1
3.00351 1
0.92553 1
2.12485 1
0.531206 1
0.926323 1
1.34338 1
1.6575 1
2.15118 1
1.25697 1
1.59813 1
1.12042 1
0.898864 1
0.140106 1
0.782447 1
0.30029 1
1.1921 1
1.90065 1
1.95028 1
1.05995 1
0.02229 1
2.23854 1
0.502357 1
1.315 1
0.176929 1
0.163424 1
0.351682 1
1.4445 1
0.333364 1
0.380906 1
1.43696 1
0.424544 1
0.761214 1
0.629215 1
1.43891 1
3.27283 1
0.581806 1
0.682055 1
1.12529 1
0.166609 1
0.407678 1
1.85465 1
3.55361 1
0.61722 1
0.236631 1
0.264353 0
0.462189 0
0.243819 0
0.521194 0
0.777847 0
0.318092 0
0.283356 0
0.794844 0
0.1745 0
0.672026 0
0.639747 0
0.0388513 0
0.172562 0
0.162171 0
0.087831 0
0.314683 0
0.193578 0
0.204697 0
6.49682 0
0.849636 0
0.808932 0
0.265434 0
0.597972 0
0.0897117 0
0.170409 0
0.218919 0
0.252222 0
0.998969 0
1.19461 0
0.695288 0
0.164844 0
0.192955 0
1.32077 0
0.377459 0
0.392462 0
0.250143 0
0.425784 0
0.210569 0
0.221368 0
0.130611 0
0.725337 0
2.27389 0
0.188375 0
0.682303 0
0.12014 0
0.0830476 0
1.47882 0
0.0984866 0
0.439986 0
0.095233 0
1.43906 0
0.406289 0
0.212265 0
0.150558 0
0.245353 0
0.090222 0
0.718896 0
0.175096 0
0.193963 0
0.107084 0
0.436729 0
1.72719 0
0.953333 0
0.0993489 0
0.122971 0
0.419664 0
0.160888 0
0.620016 0
1.26582 0
0.599698 0
0.25462 0
0.224478 0
0.11291 0
3.26494 0
0.267687 0
0.313388 0
0.179478 0
0.230615 0
0.0742366 0
0.281074 0
0.821681 0
3.94964 0
1.67661 0
0.976858 0
0.305151 0
0.125337 0
0.49697 0
0.509921 0
0.320236 0
1.76865 0
0.149957 0
0.126397 0
0.156592 0
0.539759 0
1.99835 0
0.174449 0
0.0902881 0
0.469327 0
0.202335 0
0.260813 0
0.689273 0
0.482625 0
0.159507 0
1.53988 0
2.85694 0
0.20114 0
0.305612 0
0.387885 0
0.125891 0
0.11013 0
2.00159 0
1.92453 0
0.539697 0
0.771125 0
0.667088 0
3.52893 0
0.738237 0
0.956702 0
1.19092 0
0.436806 0
0.0674941 0
2.30664 0
0.416461 0
0.963669 0
1.62966 0
0.0573116 0
0.266397 0
0.48774 0
0.0953128 0
0.628463 0
2.76388 0
0.119202 0
1.40473 0
0.528262 0
1.06574 0
1.0887 0
0.104862 0
0.702468 0
0.262113 0
3.38571 0
0.568648 0
1.04229 0
0.132416 0
0.0668139 0
0.293418 0
0.164892 0
0.895226 0
0.454887 0
0.171426 0
1.48329 0
0.320511 0
0.179183 0
1.76121 0
0.358187 0
0.199191 0
0.230711 0
2.80087 0
0.230681 0
0.197207 0
0.163305 0
0.531168 0
0.298888 0
0.649801 0
0.27674 0
0.232368 0
0.902452 0
1.96383 0
1.48845 0
0.376149 0
2.28769 0
1.40969 0
0.102041 0
0.421727 0
0.898468 0
0.120525 0
0.271136 0
1.50908 0
1.72855 0
0.29797 0
0.263461 0
2.18303 0
0.169503 0
0.183591 0
0.163414 0
1.17335 0
0.348369 0
0.0764416 0
0.350006 0
0.0700604 0
0.116534 0
0.297374 0
0.25187 0
0.297469 0
0.62564 0
0.131737 0
0.0482185 0
2.82245 0
0.547096 0
0.0452933 0
6.95635 0
1.34642 0
1.51056 0
0.499049 0
2.31846 0
0.708069 0
1.82007 0
1.37944 0
0.199187 0
0.737086 0
0.0664496 0
0.68354 0
1.33387 0
0.811411 0
0.0943138 0
0.318611 0
0.144666 0
0.844155 0
0.121615 0
0.141388 0
0.137454 0
2.04967 0
0.0799651 0
1.77432 0
0.170159 0
1.73106 0
1.39666 0
0.18396 0
0.193899 0
3.00619 0
0.939559 0
0.257288 0
0.342873 0
0.316813 0
0.336416 0
0.466868 0
1.17771 0
0.343979 0
1.31911 0
1.5502 0
0.786372 0
1.57478 0
0.245287 0
0.127575 0
0.273693 0
1.55597 0
0.121598 0
4.22656 0
0.431579 0
0.106307 0
0.238298 0
0.619346 0
0.223703 0
1.90308 0
1.01742 0
2.06492 0
0.156895 0
0.572169 0
0.473365 0
0.768435 0
0.0921277 0
0.855949 0
1.0069 0
0.0749389 0
0.10863 0
1.5144 0
0.255781 0
1.54401 0
0.590231 0
4.73959 0
0.689408 0
0.0960915 0
1.98983 0
0.493302 0
0.323366 0
0.985608 0
0.799702 0
0.785616 0
5.48346 0
0.104975 0
2.71937 0
1.81618 0
0.469757 0
0.319714 0
2.92687 0
0.441766 0
0.311784 0
0.624109 0
0.12291 0
0.54006 0
0.290611 0
1.33432 0
2.84802 0
0.119996 0
0.384464 0
2.16767 0
0.162393 0
0.234904 0
0.30316 0
0.689746 0
0.131949 0
1.4887 0
0.564666 0
0.328494 0
1.15797 0
0.193651 0
0.22902 0
0.156893 0
0.201831 0
0.448396 0
0.691745 0
0.159615 0
0.776016 0
0.610919 0
0.235461 0
4.21856 0
0.833 0
0.274149 0
0.114588 0
0.252968 0
1.18319 0
0.2603 0
1.52033 0
1.45619 0
2.34245 0
0.533067 0
0.14754 0
0.266933 0
0.669017 0
0.0898658 0
0.443121 0
1.21951 0
0.263942 0
0.304474 0
0.166092 0
1.68746 0
1.19635 0
0.299601 0
0.0762 0
0.249486 0
3.0025 0
2.33005 0
1.12428 0
0.175688 0
0.40681 0
0.332 0
0.472824 0
0.680181 0
0.509893 0
0.15279 0
1.42431 0
0.342658 0
0.398552 0
0.171308 0
0.0873996 0
0.312287 0
0.0396654 0
0.156974 0
3.49148 0
0.211022 0
0.279637 0
0.348815 0
0.963832 0
0.735578 0
0.996813 0
0.193301 0
1.51864 0
0.0592095 0
1.07324 0
1.13738 0
0.309751 0
0.707891 0
0.0720693 0
0.338766 0
1.13891 0
0.145458 0
0.662246 0
0.110403 0
0.313858 0
0.292059 0
0.215492 0
0.307821 0
0.168258 0
1.00116 0
0.415044 0
0.175378 0
0.274288 0
0.523267 0
0.351551 0
0.137673 0
0.235562 0
0.0860292 0
0.513181 0
0.745595 0
0.466564 0
0.654979 0
0.278066 0
0.419367 0
0.398671 0
0.521106 0
0.281644 0
0.630118 0
0.907735 0
2.02976 0
0.195362 0
0.837019 0
0.131632 0
0.355521 0
0.163668 0
0.300821 0
0.265338 0
1.63017 0
0.295336 0
0.421967 0
0.322446 0
0.0657168 0
0.0918984 0
0.318622 0
0.415803 0
0.0750295 0
0.514258 0
0.108456 0
0.310058 0
0.0690911 0
0.232217 0
0.0407619 0
0.0584683 0
0.601738 0
0.573003 0
0.0985334 0
0.239719 0
2.16499 0
1.4456 0
0.476635 0
0.231327 0
0.0935575 0
0.0917361 0
0.116848 0
0.346341 0
0.172666 0
0.130869 0
0.270483 0
0.691707 0
1.76887 0
0.0402581 0
0.445089 0
1.66525 0
0.542329 0
1.96505 0
0.3358 0
0.14942 0
0.332574 0
0.483205 0
1.67655 0
1.47574 0
0.133088 0
0.359215 0
0.279314 0
3.21052 0
0.800043 0
2.75508 0
0.584359 0
0.0807379 0
1.91771 0
0.766316 0
0.256696 0
0.203911 0
1.60123 0
0.125763 0
0.102638 0
2.61014 0
0.463325 0
0.0966544 0
0.153194 0
0.23801 0
0.256915 0
0.1238 0
0.295202 0
2.98726 0
0.833887 0
1.45004 0
0.527239 0
1.1198 0
0.462951 0
0.156737 0
0.532671 0
2.03057 0
0.285676 0
0.176501 0
2.703 0
2.9602 0
0.330625 0
0.380656 0
0.635156 0
0.265393 0
0.192922 0
0.150987 0
0.0634361 0
0.688924 0
0.265514 0
0.327166 0
0.589149 0
0.0921421 0
1.09024 0
0.15793 0
0.130961 0
0.230664 0
0.221919 0
0.113762 0
0.168558 0
0.403123 0
1.04012 0
0.129792 0
0.276732 0
0.386354 0
0.311889 0
0.136007 0
0.534264 0
0.829892 0
0.0603964 0
0.292866 0
0.152697 0
1.09937 0
1.99951 0
0.220617 0
1.73468 0
0.582854 0
0.0805632 0
0.409727 0
0.1162 0
0.479622 0
0.763209 0
2.58629 0
1.52582 0
0.539047 0
0.274652 0
0.152044 0
0.149472 0
1.71127 0
1.3696 0
0.058335 0
1.08203 0
0.130403 0
0.211278 0
1.06551 0
0.183401 0
0.2093 0
0.41087 0
2.01911 0
0.899852 0
1.15316 0
3.97106 0
0.263405 0
0.182754 0
0.951801 0
0.753099 0
0.426728 0
0.267601 0
0.0961422 0
0.164098 0
0.110083 0
0.934185 0
0.322485 0
1.74549 0
0.553802 0
0.119215 0
0.112711 0
0.746334 0
0.166968 0
0.50137 0
0.726993 0
0.0406439 0
0.0041212 0
2.5434 0
1.55844 0
0.179625 0
0.130244 0
0.189769 0
0.114987 0
1.4527 0
0.506396 0
0.269818 0
0.426927 0
4.43779 0
0.278263 0
1.23959 0
0.110389 0
0.298406 0
0.207343 0
0.311981 0
0.494106 0
6.41302 0
0.462441 0
1.58265 0
0.643881 0
0.151308 0
0.473959 0
0.377458 0
0.309765 0
0.252366 0
0.560912 0
0.616019 0
0.710222 0
1.00326 0
0.303368 0
2.62895 0
0.509009 0
2.0176 0
3.18442 0
3.87242 0
0.0882212 0
0.100446 0
2.0591 0
1.07384 0
0.186644 0
0.592013 0
0.191263 0
0.768351 0
1.29604 0
0.265461 0
0.147802 0
0.280565 0
0.91462 0
0.367997 0
0.853367 0
1.61696 0
0.050981 0
0.784392 0
5.23908 0
1.86166 0
0.542654 0
0.122597 0
0.165354 0
0.242629 0
1.66626 0
1.05975 0
0.983418 0
0.092306 0
1.21406 0
0.130569 0
0.626889 0
0.112267 0
0.880205 0
0.110346 0
0.395509 0
0.128464 0
0.203538 0
0.754675 0
0.247515 0
1.87481 0
0.191477 0
0.970268 0
0.1342 0
1.06695 0
0.543511 0
1.53365 0
3.73002 0
0.258163 0
0.408631 0
0.825317 0
0.277397 0
0.218284 0
1.85082 0
0.164211 0
1.14752 0
0.202893 0
0.216637 0
0.192378 0
1.2041 0
0.242096 0
0.881656 0
0.257448 0
0.958135 0
0.28784 0
1.66502 0
2.26004 0
1.25188 0
0.611336 0
0.0584064 0
1.50573 0
0.0975205 0
2.88021 0
1.34125 0
0.292173 0
0.160012 0
2.16374 0
1.5689 0
1.37154 0
0.295105 0
0.279161 0
0.355434 0
0.251457 0
0.324319 0
1.48923 0
2.73547 0
0.219833 0
0.0547696 0
2.9657 0
0.268049 0
0.153245 0
0.499753 0
0.784479 0
0.503699 0
0.967847 0
0.468451 0
1.79855 0
1.05968 0
2.15513 0
0.117161 0
1.17217 0
3.0719 0
0.279207 0
0.404661 0
0.22032 0
0.854013 0
1.69676 0
0.655414 0
0.196099 0
0.141705 0
0.301451 0
0.539508 0
0.650545 0
1.59895 0
0.733789 0
0.366617 0
0.618407 0
1.01369 0
0.174813 0
0.126437 0
1.2875 0
1.28332 0
0.23972 0
1.16018 0
0.938503 0
1.02284 0
0.787562 0
0.963922 0
0.799733 0
0.0315764 0
0.285199 0
0.0475104 0
0.806804 0
0.410525 0
0.706223 0
0.263788 0
3.33953 0
0.337264 0
5.07579 0
0.166237 0
0.0986615 0
0.183002 0
1.55638 0
0.106609 0
0.31055 0
0.856195 0
0.504899 0
0.216136 0
0.589074 0
3.8676 0
0.0528916 0
1.32972 0
0.452346 0
0.40793 0
0.156845 0
0.704932 0
1.09961 0
2.96999 0
0.116706 0
0.30319 0
0.18593 0
2.22479 0
0.137021 0
2.11777 0
2.04585 0
0.832601 0
0.191726 0
0.312426 0
0.606273 0
0.0745152 0
1.81394 0
0.256878 0
0.83248 0
0.108465 0
0.655835 0
0.101152 0
0.986378 0
1.03051 0
0.42874 0
0.192936 0
0.0481346 0
2.61496 0
1.34124 0
1.43764 0
2.26491 0
0.93473 0
1.66028 0
0.129277 0
0.197981 0
2.03014 0
0.400356 0
1.29702 0
0.273783 0
0.238408 0
1.91237 0
3.36821 0
0.0989346 0
1.42492 0
0.537546 0
0.306893 0
1.23778 0
0.343238 0
1.13283 0
0.599978 0
0.305673 0
0.157146 0
0.219807 0
0.623431 0
2.84666 0
2.18974 0
1.16338 0
1.71983 0
0.0739378 0
1.83641 0
0.45957 0
1.93225 0
0.226752 0
1.35749 0
0.739789 0
0.11084 0
0.360609 0
0.734976 0
0.166667 0
0.701704 0
0.815113 0
0.495413 0
0.988925 0
1.63 0
0.100326 0
0.105544 0
0.209414 0
2.13737 0
0.105966 0
1.75306 0
0.416963 0
0.306572 0
0.222379 0
0.183275 0
0.166877 0
0.0996129 0
3.96442 0
0.0323049 0
4.6929 0
0.154302 0
0.143686 0
0.145052 0
0.0353328 0
0.273339 0
0.0797285 0
0.716994 0
0.210271 0
2.58133 0
0.988857 0
0.29069 0
1.96136 0
0.0952121 0
0.449782 0
0.201681 0
0.890765 0
0.247749 0
0.375136 0
1.71837 0
1.50949 0
0.0686768 0
0.57172 0
0.111407 0
1.02138 0
2.54789 0
0.343873 0
0.207817 0
1.39763 0
0.369379 0
0.675331 0
0.579891 0
0.0787022 0
0.83933 0
1.01227 0
0.237534 0
0.44705 0
0.673449 0
0.179955 0
0.448581 0
5.72042 0
0.65671 0
0.551022 0
1.5239 0
0.231792 0
4.02182 0
3.93304 0
1.98991 0
0.263358 0
1.20919 0
0.10597 0
1.21897 0
1.50124 0
0.158631 0
0.732779 0
0.83666 0
0.873114 0
0.388064 0
4.57387 0
0.902244 0
0.0880999 0
0.501335 0
0.305451 0
2.3161 0
0.185813 0
1.43277 0
0.225513 0
0.349396 0
0.283775 0
1.92322 0
2.02578 0
0.0979404 0
1.45276 0
0.487816 0
0.907082 0
0.168403 0
0.843171 0
0.999068 0
0.392609 0
0.211853 0
0.15705 0
0.317548 0
0.998382 0
0.354214 0
3.26062 0
1.81303 0
6.04848 0
0.195144 0
0.254212 0
1.17096 0
0.134984 0
0.365248 0
0.332866 0
1.18577 0
1.98784 0
0.90666 0
1.10368 0
0.102204 0
0.416943 0
1.4178 0
1.13919 0
0.432521 0
0.95343 0
0.537258 0
0.31542 0
1.00311 0
0.0455467 0
0.312137 0
1.0187 0
0.0611423 0
0.87632 0
0.635559 0
0.202575 0
0.603666 0
0.14519 0
0.522433 0
0.248479 0
0.200589 0
2.47219 0
1.01087 0
0.807607 0
0.216021 0
0.372579 0
0.452902 0
0.550416 0
0.41384 0
0.17089 0
1.15909 0
0.138122 0
0.148003 0
0.219673 0
0.193015 0
0.131126 0
1.43062 0
3.00974 0
28.5858 0
0.423292 0
1.64659 0
0.669941 0
1.05908 0
0.731671 0
0.891468 0
0.754352 0
0.224508 0
0.197236 0
0.212571 0
6.23274 0
0.442826 0
0.216507 0
0.110616 0
0.360205 0
0.607592 0
0.674183 0
0.395196 0
0.217123 0
1.17552 0
1.69858 0
0.214546 0
1.63615 0
0.261859 0
0.0152126 0
1.81126 0
0.694197 0
0.196771 0
0.286826 0
0.659619 0
2.57839 0
0.204242 0
0.242259 0
0.716962 0
1.02559 0
1.12186 0
1.10145 0
0.706311 0
0.240344 0
0.138104 0
0.0826879 0
0.305728 0
2.13221 0
0.853354 0
0.160055 0
2.72 0
0.487738 0
0.0931038 0
0.175626 0
0.383099 0
0.219335 0
0.247178 0
0.254373 0
0.113076 0
2.93229 0
0.323482 0
4.4331 0
0.618392 0
0.346261 0
1.22688 0
1.05831 0
0.677519 0
0.0207748 0
1.54941 0
2.3577 0
1.13035 0
0.458897 0
0.042181 0
0.122768 0
0.108436 0
0.207931 0
0.500037 0
0.860208 0
0.750117 0
2.12264 0
0.21701 0
0.172024 0
0.10287 0
1.95443 0
0.840071 0
0.421707 0
0.00187598 0
1.0883 0
0.296178 0
0.22755 0
0.994647 0
0.629895 0
3.21124 0
1.89116 0
0.492991 0
0.671343 0
1.69538 0
0.159175 0
0.392682 0
0.350895 0
2.263 0
0.498088 0
2.56927 0
0.0428727 0
0.689177 0
0.179494 0
0.0850073 0
0.793524 0
0.98571 0
0.476981 0
0.217807 0
0.221131 0
0.975255 0
2.31459 0
0.167627 0
