2.00057 1
2.05448 1
0.14155 1
0.932414 1
0.369967 1
1.44757 1
0.0968089 1
0.3854 1
1.09013 1
2.47894 1
1.55507 1
0.412713 1
1.74363 1
1.13141 1
0.0551715 1
1.0064 1
1.19045 1
1.29506 1
0.101436 1
0.339195 1
0.786347 1
0.20178 1
1.08677 1
0.527306 1
1.26412 1
0.223982 1
0.283621 1
0.629758 1
0.652399 1
1.02718 1
1.81068 1
2.79047 1
0.457445 1
3.5856 1
2.75183 1
0.104585 1
0.133432 1
0.198284 1
0.219727 1
1.35773 1
0.438696 1
1.36791 1
0.515591 1
1.11043 1
0.171445 1
0.855889 1
0.249205 1
0.198981 1
0.399428 1
0.392338 1
0.148184 1
0.294088 1
2.38264 1
0.197035 1
0.189863 1
0.246323 1
2.35547 1
0.264089 1
0.283401 1
1.59108 1
0.484206 1
1.50656 1
1.46668 1
0.528526 1
1.39522 1
0.980891 1
1.08803 1
0.214304 1
0.245454 1
3.62455 1
2.56689 1
0.557065 1
1.07096 1
3.66423 1
2.49087 1
0.388687 1
0.432985 1
0.286005 1
0.603701 1
0.969719 1
0.290459 1
0.13793 1
1.83244 1
0.457412 1
1.13742 1
1.77058 1
3.73697 1
3.27739 1
11.2232 1
1.62357 1
0.20845 1
1.33702 1
0.568764 1
0.39438 1
1.34644 1
3.39688 1
4.21915 1
3.89054 1
1.72563 1
0.991217 1
0.25328 1
2.69252 1
3.7543 1
2.51371 1
0.23391 1
0.763559 1
0.617144 1
0.354812 1
0.261927 1
0.156288 1
0.696404 1
0.999183 1
1.68801 1
3.24568 1
0.682601 1
3.93683 1
0.483058 1
1.78069 1
0.258473 1
1.00947 1
2.0785 1
2.47989 1
0.614544 1
0.474458 1
1.29238 1
0.667009 1
1.70975 1
0.257412 1
2.59 1
0.28292 1
1.00597 1
0.165884 1
0.432705 1
1.84898 1
0.478637 1
0.840792 1
1.05744 1
2.62518 1
2.68533 1
0.270561 1
0.166169 1
2.13792 1
2.18003 1
1.05662 1
2.90083 1
1.66132 1
2.47298 1
0.647325 1
0.832639 1
0.194376 1
0.404226 1
0.10638 1
0.453306 1
20.0643 1
0.685758 1
0.213038 1
1.41485 1
0.0755655 1
0.0418135 1
0.929357 1
0.105194 1
0.615226 1
1.61645 1
8.2424 1
0.0879856 1
2.01286 1
0.206956 1
0.853646 1
1.72017 1
0.796891 1
0.413045 1
1.85467 1
0.788547 1
0.107478 1
3.9319 1
0.38392 1
1.77399 1
0.675518 1
2.50044 1
1.95814 1
3.19382 1
0.445232 1
1.69115 1
1.54435 1
0.457674 1
3.34656 1
1.45698 1
0.748365 1
2.63409 1
0.584558 1
1.80685 1
0.33619 1
0.472002 1
0.886311 1
0.224703 1
2.53958 1
3.95846 1
1.39857 1
0.496636 1
0.596083 1
0.101884 1
0.131155 1
3.11488 1
2.60402 1
0.228309 1
0.339725 1
3.49987 1
2.17987 1
1.4246 1
0.109968 1
0.560509 1
0.760652 1
0.24734 1
3.67612 1
0.173335 1
0.459646 1
0.0324814 1
0.922036 1
1.27309 1
0.119185 1
0.706416 1
1.35077 1
1.47132 1
0.359179 1
1.54632 1
0.899869 1
0.471274 1
0.263064 1
0.480491 1
2.00842 1
0.470677 1
1.23648 1
1.50451 1
2.26782 1
0.45621 1
0.74223 1
0.880425 1
3.14264 1
2.08621 1
0.569733 1
0.118122 1
0.420134 1
4.61126 1
5.25003 1
2.64226 1
0.251276 1
0.257686 1
1.67803 1
0.188946 1
2.11512 1
1.66597 1
0.525046 1
1.22611 1
0.794936 1
0.164673 1
0.141452 1
0.210873 1
0.37396 1
0.0309104 1
0.588959 1
74.8617 1
0.626448 1
0.335595 1
2.44085 1
1.35612 1
1.23993 1
0.0332335 1
1.40999 1
3.62799 1
1.79711 1
0.367409 1
3.83558 1
1.81001 1
0.616229 1
2.17925 1
2.56073 1
2.71204 1
0.636092 1
1.17326 1
23.9983 1
0.160641 1
1.04083 1
0.45369 1
0.203024 1
0.787231 1
2.00968 1
1.54588 1
0.318188 1
0.197095 1
1.73636 1
0.43313 1
1.49941 1
0.718791 1
0.970702 1
1.80091 1
1.15674 1
1.83897 1
0.490926 1
0.819329 1
1.4556 1
0.362267 1
0.496652 1
1.06208 1
0.536947 1
0.120111 1
4.40117 1
1.48713 1
18.7081 1
0.988841 1
0.836626 1
3.98925 1
0.184372 1
1.19453 1
0.492162 1
0.221019 1
2.62692 1
3.95284 1
0.115997 1
0.0697048 1
0.200855 1
0.443525 1
3.1818 1
1.48955 1
0.269754 1
0.312311 1
5.05027 1
1.32358 1
0.723142 1
0.207842 1
0.162459 1
0.135785 1
0.18388 1
0.689815 1
2.75243 1
1.07696 1
0.501346 1
0.963866 1
0.55956 1
0.0968392 1
0.362086 1
0.117926 1
1.03201 1
0.26249 1
2.05205 1
0.964502 1
1.36546 1
0.475791 1
1.12072 1
0.945548 1
1.80644 1
0.731411 1
0.104086 1
0.521573 1
0.810245 1
1.63091 1
2.18093 1
1.35084 1
1.02253 1
1.51437 1
0.463772 1
1.40856 1
0.0764558 1
3.29401 1
0.523533 1
0.175624 1
0.20612 1
5.00353 1
1.35851 1
0.435361 1
2.13099 1
5.57239 1
1.05639 1
0.267228 1
0.237603 1
0.194873 1
1.22004 1
0.155598 1
4.47524 1
0.385728 1
0.494975 1
12.2448 1
2.2488 1
1.23603 1
1.35152 1
0.119962 1
0.517575 1
0.221107 1
1.37882 1
1.21124 1
0.744946 1
1.68334 1
0.199863 1
8.49152 1
0.94935 1
0.857991 1
1.29431 1
0.780652 1
2.49416 1
0.128805 1
0.544171 1
2.07503 1
2.91 1
0.284283 1
1.50832 1
0.9788 1
0.66854 1
0.0557076 1
1.75786 1
2.02987 1
0.299823 1
0.258117 1
0.891837 1
0.118507 1
0.400915 1
3.23522 1
3.66136 1
0.676331 1
2.22041 1
3.10771 1
2.13184 1
0.399671 1
0.183377 1
0.176545 1
0.628637 1
1.0699 1
0.805798 1
0.374243 1
0.397798 1
0.106981 1
0.555646 1
0.425259 1
2.24239 1
1.85045 1
1.32702 1
0.390151 1
0.858365 1
2.97381 1
0.254943 1
0.22225 1
0.763377 1
0.652526 1
0.970979 1
0.548785 1
1.61315 1
1.32218 1
1.55042 1
0.789367 1
2.15207 1
0.131694 1
1.19394 1
1.36345 1
0.563654 1
1.16704 1
0.431037 1
2.47093 1
0.164706 1
0.374708 1
0.251721 1
0.152081 1
0.272417 1
1.20223 1
1.02992 1
0.319839 1
0.847354 1
0.434877 1
0.0761512 1
1.71809 1
2.94659 1
1.12372 1
0.429572 1
4.47364 1
0.594537 1
1.58014 1
1.99215 1
1.8566 1
1.20218 1
0.491445 1
1.5855 1
1.06917 1
0.388011 1
1.99258 1
0.249401 1
0.199647 1
0.271979 1
1.57824 1
1.36032 1
1.87113 1
0.640056 1
0.998988 1
0.787437 1
0.415503 1
0.259326 1
1.76205 1
2.10119 1
17.8969 1
1.64743 1
0.628363 1
0.767624 1
2.2292 1
0.379702 1
1.21082 1
83.6178 1
0.520154 1
0.831502 1
0.419482 1
1.56731 1
2.205 1
0.106037 1
0.392064 1
0.263872 1
0.280931 1
2.43776 1
0.563575 1
0.456805 1
0.248872 1
0.271498 1
0.596127 1
0.139641 1
0.415342 1
0.138353 1
0.966048 1
0.787182 1
7.01609 1
0.0063292 1
1.43989 1
0.262098 1
1.459 1
2.82984 1
0.884254 1
3.49354 1
3.38812 1
0.300847 1
0.899231 1
1.98542 1
1.00478 1
2.20696 1
0.205523 1
3.72649 1
0.0747447 1
0.672206 1
1.26314 1
0.840264 1
0.745975 1
2.39774 1
0.45635 1
1.16602 1
0.920342 1
0.543522 1
0.389164 1
1.04756 1
1.4965 1
2.35882 1
0.479998 1
0.605709 1
0.149889 1
0.199963 1
0.805751 1
1.77959 1
0.843503 1
3.10412 1
0.890103 1
0.557379 1
0.917268 1
1.34462 1
1.5075 1
0.949684 1
2.379 1
0.743651 1
0.543719 1
0.319032 1
0.355621 1
1.45462 1
1.13097 1
1.61387 1
0.420128 1
4.98261 1
0.340549 1
6.26907 1
8.97431 1
2.3317 1
0.391213 1
1.3512 1
0.630767 1
0.116408 1
0.554375 1
9.53081 1
1.25269 1
2.62782 1
1.54426 1
0.188649 1
0.284423 1
0.992117 1
1.09967 1
0.135587 1
1.73496 1
0.859485 1
0.507313 1
0.506103 1
1.66772 1
4.24994 1
1.07985 1
0.613115 1
35.9575 1
0.0965648 1
0.227167 1
0.528749 1
2.88609 1
1.80976 1
1.03983 1
0.136001 1
0.308813 1
0.0862585 1
0.0465505 1
0.587036 1
0.293522 1
3.13858 1
2.33409 1
0.314117 1
0.239567 1
1.00102 1
0.213485 1
1.06622 1
2.40265 1
0.621774 1
0.0770006 1
0.154442 1
1.29077 1
1.75527 1
0.186112 1
1.98004 1
0.494041 1
0.47001 1
1.23103 1
0.251579 1
0.65068 1
4.35373 1
1.4393 1
117.768 1
0.396664 1
38.1902 1
0.228796 1
4.52049 1
1.55867 1
0.438175 1
0.32638 1
2.03922 1
0.0625648 1
0.966337 1
0.434681 1
0.0898692 1
1.08183 1
0.62659 1
1.00125 1
0.647433 1
0.888243 1
1.92539 1
2.3051 1
0.160291 1
1.64856 1
1.89694 1
0.36816 1
1.07433 1
2.70973 1
0.950383 1
6.2555 1
0.302907 1
0.101169 1
3.02518 1
1.24679 1
0.835727 1
0.763045 1
2.72375 1
1.00872 1
0.893858 1
0.390295 1
0.775489 1
0.163262 1
0.431503 1
0.380501 1
1.10765 1
2.04941 1
1.08974 1
0.583418 1
0.359229 1
0.882832 1
0.140494 1
0.40684 1
0.241643 1
3.78498 1
0.209961 1
1.42348 1
1.21896 1
0.428187 1
4.06533 1
0.32315 1
0.584941 1
0.953019 1
0.453497 1
1.1123 1
0.947277 1
2.49442 1
5.19809 1
1.52836 1
1.67858 1
0.0711641 1
1.81288 1
0.831628 1
0.602247 1
2.37432 1
0.152468 1
0.688989 1
1.77493 1
0.0590227 1
2.86781 1
0.971228 1
0.681508 1
0.47048 1
0.103438 1
3.40044 1
0.154442 1
0.23107 1
4.41002 1
1.24947 1
0.187732 1
0.516068 1
0.197719 1
1.17355 1
0.39049 1
0.9468 1
1.26968 1
2.13081 1
0.405865 1
0.217491 1
0.244176 1
0.242084 1
0.572573 1
2.15939 1
0.210758 1
0.449956 1
0.031307 1
0.77899 1
0.696112 1
2.06943 1
1.08269 1
0.915116 1
0.0241342 1
0.204353 1
1.36663 1
0.0587076 1
0.796656 1
1.12146 1
0.54961 1
0.700645 1
0.340891 1
0.357051 1
0.246805 1
0.398053 1
1.88542 1
1.73145 1
1.1129 1
4.66794 1
0.269504 1
0.629555 1
0.515425 1
0.908904 1
1.00226 1
0.723052 1
0.593351 1
3.10678 1
7.85134 1
0.363063 1
1.13823 1
2.70105 1
2.03903 1
0.699156 1
2.03912 1
2.0982 1
2.01062 1
1.51036 1
1.89421 1
0.192773 1
1.51173 1
4.32004 1
0.432106 1
3.88797 1
1.79018 1
1.34594 1
0.0519693 1
1.41907 1
1.49973 1
0.441223 1
0.462246 1
0.677151 1
1.96027 1
1.07057 1
0.470164 1
3.02286 1
2.04217 1
0.342377 1
4.40391 1
0.340459 1
1.53632 1
0.204691 1
1.01706 1
1.74749 1
0.222783 1
0.709993 1
0.153024 1
1.25963 1
1.34897 1
0.193609 1
1.04762 1
1.84437 1
0.049791 1
0.134103 1
1.52202 1
1.50961 1
1.01787 1
0.955192 1
1.33306 1
1.57592 1
2.48839 1
1.09937 1
0.216019 1
1.8233 1
1.41975 1
2.47633 1
1.21064 1
0.0278688 1
0.953335 1
1.98152 1
0.20178 1
0.234927 1
1.95148 1
0.978283 1
0.422754 1
0.698439 1
2.01977 1
0.88789 1
1.29558 1
2.13686 1
1.82438 1
2.78046 1
1.85358 1
0.505552 1
0.264885 1
1.63788 1
5.10109 1
0.724228 1
0.281522 1
1.37748 1
0.329249 1
0.726088 1
2.30768 1
1.49296 1
1.04278 1
4.32674 1
0.813507 1
0.611916 1
1.32359 1
1.41296 1
2.26433 1
0.447971 1
0.244005 1
0.744758 1
0.808197 1
0.912372 1
0.3398 1
0.443255 1
0.313142 1
0.236323 1
0.361186 1
0.0756735 1
0.27741 1
0.60216 1
2.25815 1
3.95665 1
0.188323 1
1.78557 1
0.901739 1
0.819481 1
2.52077 1
0.416571 1
0.394125 1
0.316538 1
0.770561 1
0.689119 1
0.538303 1
0.188233 1
0.24641 1
0.583162 1
0.219672 1
0.345005 1
0.63661 1
0.451991 1
0.736716 1
1.20274 1
1.46103 1
0.475958 1
0.20573 1
0.320662 1
1.20503 1
0.218844 1
1.02948 1
2.83865 1
0.316343 1
0.425578 1
2.42559 1
0.227479 1
1.53439 1
0.171445 1
0.212999 1
2.77542 1
3.12447 1
0.195309 1
0.69139 1
0.33646 1
0.177896 1
2.222 1
3.34815 1
0.203095 1
0.228471 1
31.335 1
0.467982 1
2.43267 1
0.956728 1
0 1
0.122937 1
2.63436 1
3.12217 1
1.74882 1
0.449823 1
0.7363 1
0.167036 1
1.83792 1
0.398268 1
2.00356 1
0.157322 1
0.287359 1
0.192357 1
1.01279 1
1.23337 1
0.153966 1
1.77001 1
0.966347 1
4.6796 1
30.8486 1
0.256948 1
0.134943 1
0.165851 1
0.601891 1
1.5487 1
3.2247 1
0.533903 1
0.764697 1
0.880029 1
0.423311 1
0.49257 1
3.58859 1
1.11291 1
0.212391 1
0.539784 1
1.9783 1
3.03364 1
0.739073 1
0.692826 1
1.18987 1
0.834611 1
1.992 1
1.31766 1
0.380861 1
0.832726 1
0.889876 1
0.199391 1
2.32335 1
0.463523 1
0.171364 1
0.191388 1
0.216257 1
0.613049 1
1.02854 1
0.383821 1
1.91714 1
0.759926 1
0.762878 1
0.665922 1
0.310225 1
0.773044 1
1.36612 1
1.69585 1
1.05108 1
0.812502 1
0.0186704 1
0.188312 1
0.0184343 1
1.1914 1
1.6612 1
1.98627 1
0.491262 1
1.26796 1
0.0600344 1
0.598206 1
0.415514 1
1.35871 1
0.361273 1
1.14798 1
0.214885 1
0.648144 1
4.78849 1
2.00672 1
2.46617 1
0.314611 1
0.738812 1
2.26063 1
0.289218 1
1.26437 1
2.28406 1
1.87727 1
0.17421 1
0.45225 1
1.77865 1
1.83863 1
3.5602 1
0.935795 1
4.15119 1
0.322277 1
0.186731 1
0.234354 1
1.15994 1
2.45604 1
1.24365 1
0.0382603 1
0.632767 1
0.102644 1
1.44774 1
1.50409 1
0.235666 1
1.14959 1
1.17439 1
1.07082 1
1.82991 1
7.81123 1
0.95731 1
2.2419 1
5.33797 1
0.541972 1
0.216051 1
1.43834 1
0.0782696 1
0.017866 1
5.66205 1
0.6055 1
0.934354 1
0.497462 1
0.985585 1
0.248539 1
2.76305 1
5.11559 1
1.81061 1
0.449542 1
0.527281 1
0.373251 1
1.32265 1
2.70074 1
4.55568 1
0.353539 1
0.525372 1
0.71544 1
1.65362 1
1.02987 1
0.280484 1
1.75733 1
1.1032 1
0.176282 1
0.758196 1
0.618416 1
0.183369 1
4.28688 1
1.53948 1
3.55213 1
2.71504 1
0.690481 1
0.407746 1
1.11886 1
0.300349 1
3.1989 1
0.530077 1
1.18392 1
0.605368 1
1.19348 1
0.344127 1
1.31499 1
1.73522 1
3.92223 1
2.73285 1
2.01096 1
5.8747 1
0.683296 1
0.489029 1
0.515851 1
1.46516 1
0.649083 1
1.42638 1
0.410615 1
3.60415 1
1.20991 1
2.37285 1
0.0656972 0
0.292994 0
2.1752 0
0.0163107 0
2.36565 0
0.104611 0
0.153342 0
0.575848 0
0.792122 0
0.5292 0
0.286714 0
2.67515 0
0.026705 0
0.963327 0
0.281322 0
0.165822 0
0.74255 0
0.620449 0
0.193863 0
0.155886 0
0.672188 0
0.333305 0
2.37136 0
0.965418 0
0.620231 0
0.797938 0
0.0990971 0
0.20139 0
0.313622 0
1.67596 0
0.22196 0
0.164201 0
0.774369 0
0.873307 0
0.24718 0
0.277189 0
0.174838 0
0.166374 0
1.26823 0
0.808942 0
1.60507 0
0.370161 0
1.68753 0
2.37053 0
0.228168 0
0.147532 0
2.52926 0
2.20925 0
0.414131 0
0.238336 0
0.119908 0
1.42558 0
0.972854 0
1.11629 0
0.317363 0
0.355395 0
1.42487 0
1.09766 0
0.135227 0
0.797625 0
0.604499 0
0.0804304 0
0.433629 0
6.23788 0
0.387175 0
0.926559 0
1.12835 0
0.041734 0
0.426844 0
0.0909863 0
22.1438 0
0.811357 0
2.07507 0
0.100953 0
0.220361 0
3.00588 0
2.89426 0
1.17143 0
0.15401 0
0.169183 0
0.461758 0
0.316594 0
1.05717 0
2.32294 0
0.405102 0
0.396958 0
0.0551628 0
0.839318 0
0.113585 0
0.245297 0
0.314987 0
0.148268 0
0.252264 0
0.272994 0
2.40402 0
0.257641 0
0.478029 0
0.800985 0
0.173984 0
1.14652 0
3.76143 0
1.15978 0
0.068834 0
0.288526 0
0.172723 0
0.142081 0
0.631515 0
2.63027 0
0.304348 0
2.64741 0
1.13843 0
1.3166 0
0.198188 0
3.47003 0
0.740943 0
0.739245 0
0.225258 0
1.94566 0
0.310244 0
0.153912 0
0.22909 0
0.455815 0
0.113798 0
1.60161 0
0.090668 0
0.233054 0
2.8764 0
0.173166 0
0.534822 0
0.603749 0
1.48288 0
2.16739 0
0.236143 0
0.260933 0
0.756287 0
0.184871 0
0.204711 0
0.305297 0
0.634256 0
0.963324 0
0.189258 0
0.154693 0
0.334906 0
0.0649657 0
1.00215 0
0 0
1.01504 0
2.66104 0
0.431983 0
0.0872313 0
0.210789 0
0.155131 0
0.179689 0
0.183336 0
0.479646 0
0.176041 0
0.315179 0
0.165403 0
0.958766 0
0.560646 0
0.200346 0
0.0763723 0
0.115319 0
0.475269 0
0.503363 0
4.88796 0
2.81934 0
0.431974 0
0.223011 0
0.705405 0
0.167684 0
0.414074 0
0.174102 0
2.71335 0
1.08293 0
0.0781138 0
0.898365 0
0.174424 0
0.117497 0
0.328113 0
0.420497 0
0.602975 0
0.224326 0
1.39654 0
0.74822 0
0.370917 0
4.44332 0
0.644584 0
0.604814 0
0.479859 0
0.380217 0
0.372588 0
0.0862749 0
0.290676 0
0.109934 0
0.699432 0
0.860074 0
0.50717 0
1.05957 0
0.146877 0
1.71115 0
0.906619 0
0.159063 0
0.258911 0
0.058875 0
0.311507 0
0.215066 0
1.05143 0
1.39332 0
0.989603 0
0.917766 0
0.63474 0
0.377538 0
0.132371 0
3.01562 0
0.106231 0
0.346879 0
0.329348 0
0.686045 0
1.37058 0
0.633568 0
0.546886 0
1.46312 0
1.24015 0
0.922757 0
0.980372 0
0.968667 0
0.190158 0
0.487532 0
0.985328 0
0.754737 0
0.314511 0
0.80332 0
0.190868 0
0.329044 0
0.460359 0
0.144769 0
0.69909 0
2.52299 0
0.277902 0
0.372863 0
0.485 0
0.97978 0
0.370625 0
1.07323 0
0.821479 0
0.155849 0
0.350017 0
0.464665 0
0.186435 0
0.176534 0
0.237967 0
2.381 0
0.276537 0
2.88573 0
0.445057 0
1.31663 0
6.57909 0
0.818033 0
0.679959 0
0.472088 0
0.467208 0
0.570165 0
0.766638 0
0.257532 0
0.8978 0
2.07121 0
0.560015 0
1.49824 0
0.888312 0
0.220574 0
0.0275434 0
0.941178 0
0.456139 0
0.0125161 0
0.396839 0
0.546266 0
3.15397 0
0.0876131 0
0.490142 0
0.262045 0
2.81998 0
0.332695 0
0.680246 0
0.792641 0
0.024504 0
0.139056 0
0.443277 0
0.108728 0
0.77954 0
0.211197 0
0.115544 0
0.526271 0
0.249579 0
0.640928 0
0.203569 0
0.259678 0
1.23989 0
2.89015 0
0.376883 0
2.01309 0
1.6931 0
0.231012 0
0.344907 0
0.501233 0
1.50388 0
0.278284 0
1.42595 0
0.880325 0
5.383 0
0.120738 0
0.758472 0
1.42055 0
0.964062 0
1.69084 0
0.118024 0
0.226844 0
1.86525 0
0.246196 0
0.189815 0
0.670242 0
2.58562 0
0.287693 0
0.240072 0
0.90448 0
0.133137 0
0.451475 0
0.386106 0
0.633032 0
0.323125 0
0.229458 0
0.233359 0
0.301952 0
0.318765 0
0.49932 0
0.813567 0
4.73728 0
0.0332044 0
1.33534 0
0.0247552 0
0.173582 0
0.375629 0
1.02285 0
1.80474 0
1.89955 0
0.766538 0
0.0732661 0
1.22304 0
0.326037 0
6.48143 0
0.63588 0
0.815122 0
2.20011 0
0.37538 0
0.469522 0
0.1751 0
0.546627 0
0.708609 0
4.34998 0
0.273031 0
0.190351 0
0.297291 0
2.45556 0
0.422728 0
1.71921 0
1.06833 0
0.258357 0
2.03922 0
0.170793 0
1.21402 0
1.08366 0
1.21108 0
0.284195 0
0.364795 0
0.518073 0
0.483177 0
0.22246 0
1.01163 0
0.233493 0
1.30548 0
1.35056 0
0.493755 0
0.215333 0
0.159928 0
0.0657204 0
2.9477 0
0.365574 0
0.183251 0
0.103352 0
1.13324 0
3.34911 0
1.33682 0
0.0832844 0
0.453863 0
0.831351 0
0.403282 0
0.184607 0
0.383408 0
0.251547 0
0.712946 0
1.36896 0
0.394239 0
0.897528 0
0.559927 0
0.154382 0
4.45347 0
3.21859 0
0.368521 0
0.160348 0
1.43343 0
1.29955 0
0.49831 0
0.13752 0
0.0632349 0
1.34486 0
0.226128 0
0.711377 0
0.0927663 0
1.65656 0
0.0848553 0
0.505278 0
0.121875 0
0.0644419 0
0.121691 0
0.461722 0
0.386409 0
0.67422 0
0.0531219 0
3.06871 0
0.710479 0
0.176192 0
0.120642 0
1.47052 0
0.991397 0
0.105977 0
1.39673 0
0.734734 0
2.35179 0
0.101543 0
2.06519 0
0.804492 0
0.387994 0
1.89757 0
0.262711 0
0.191074 0
1.01118 0
0.0333333 0
0.947629 0
0.672484 0
0.0853649 0
0.153946 0
2.33496 0
0.108836 0
0.565272 0
1.5299 0
0.353646 0
0.145012 0
0.563559 0
0.270212 0
0.82108 0
1.60021 0
0.204381 0
0.139188 0
1.93369 0
0.883253 0
0.153386 0
0.182232 0
0.468491 0
0.232762 0
0.0427153 0
0.804532 0
0.111781 0
0.0439881 0
0.798962 0
1.05572 0
0.0352199 0
2.01482 0
0.376265 0
0.114861 0
1.29171 0
0.269292 0
0.0647436 0
1.10104 0
0.433831 0
0.24152 0
0.562076 0
0.183669 0
0.907986 0
0.395396 0
0.0699232 0
1.87883 0
0.245894 0
0.5932 0
0.519016 0
2.6012 0
0.768388 0
0.171525 0
0.69083 0
0.159731 0
0.161813 0
0.0914333 0
0.0745192 0
0.371449 0
0.216821 0
0.214096 0
0.540708 0
1.08883 0
0.585192 0
0.91144 0
1.92808 0
0.648952 0
1.19033 0
0.140382 0
0.24627 0
0.257353 0
2.10812 0
0.246222 0
0.294725 0
0.0894651 0
0.243696 0
0.622141 0
0.057329 0
0.0447001 0
0.398428 0
1.61096 0
1.85617 0
0.158374 0
0.209883 0
0.166748 0
0.0890554 0
2.21755 0
0.433426 0
0.771807 0
0.151275 0
0.113382 0
2.95877 0
0.119356 0
0.311274 0
0.475757 0
0.238031 0
0.208466 0
0.401962 0
1.70533 0
0.371248 0
1.29365 0
1.03342 0
0.293733 0
0.814875 0
1.75061 0
0.508003 0
0.859859 0
0.534531 0
0.185408 0
0.519601 0
0.0657593 0
2.08131 0
1.95718 0
0.266227 0
0.579016 0
0.13257 0
0.753298 0
0.229388 0
0.974193 0
1.69994 0
0.749232 0
1.36855 0
0.725857 0
0.345902 0
0.121485 0
0.760602 0
0.958089 0
1.0847 0
0.130236 0
2.6724 0
1.75022 0
1.55805 0
0.120856 0
0.228052 0
2.74254 0
0.700896 0
0.296436 0
0.0310469 0
0.150903 0
1.10578 0
0.858327 0
0.154598 0
0.503198 0
0.0767681 0
0.261318 0
1.17478 0
0.163966 0
0.19801 0
0.0584199 0
0.0582201 0
0.189925 0
0.511443 0
0.282007 0
0.121269 0
0.246347 0
2.58098 0
0.0905022 0
0.903117 0
0.745441 0
1.52491 0
0.167901 0
0.0725865 0
0.614961 0
0.206904 0
1.24339 0
2.8643 0
0.464573 0
0.109598 0
0.333881 0
0.155291 0
0.187087 0
0.0933429 0
0.229859 0
0.330968 0
0.827127 0
1.41969 0
0.380682 0
0.58577 0
0.198857 0
0.756023 0
0.162622 0
0.180838 0
0.441611 0
0.842006 0
0.21103 0
0.525332 0
2.54049 0
0.232543 0
0.195399 0
0.377014 0
0.855632 0
0.897098 0
0.192201 0
1.50556 0
0.203696 0
0.732727 0
3.26086 0
1.23823 0
0.0225885 0
0.163811 0
0.218855 0
0.613084 0
0.496196 0
0.509332 0
1.12655 0
0.0380887 0
0.782227 0
0.238186 0
1.87134 0
0.925004 0
1.35381 0
0.708299 0
0.327527 0
0.107653 0
0.505892 0
0.321955 0
0.613828 0
0.698832 0
1.66871 0
0.183983 0
0.169513 0
0.156889 0
1.72702 0
0.482639 0
0.181282 0
0.118695 0
0.751782 0
0.233551 0
0.220349 0
0.964114 0
0.234601 0
0.139975 0
2.79288 0
0.177201 0
0.215256 0
0.442486 0
0.27669 0
0.648837 0
0.62463 0
0.598942 0
0.189226 0
0.172863 0
0.741283 0
3.11115 0
2.7621 0
0.346626 0
0.419858 0
0.438264 0
0.359565 0
0.206976 0
0.15966 0
0.39817 0
0.466775 0
0.510344 0
0.116933 0
1.69794 0
1.39135 0
0.195941 0
1.76692 0
0.109412 0
0.799869 0
0.285093 0
0.369187 0
0.159046 0
0.608605 0
0.739607 0
0.523065 0
0.6804 0
0.734962 0
1.13923 0
0.371541 0
0.501015 0
0.233748 0
0.885474 0
0.229779 0
0.892576 0
1.0423 0
1.57007 0
0.0975919 0
0.238573 0
0.393288 0
0.288758 0
2.81919 0
0.989611 0
0.20589 0
0.148489 0
0.631839 0
0.151829 0
0.295017 0
1.49658 0
0.0572133 0
0.157873 0
1.27286 0
0.729384 0
0.270064 0
2.03407 0
0.115173 0
0.16579 0
1.56175 0
1.12862 0
0.216796 0
0.508049 0
1.53471 0
0.760022 0
0.468967 0
0.429783 0
0.569596 0
0.149147 0
2.19833 0
0.120493 0
1.63669 0
2.59588 0
0.463289 0
1.95839 0
0.155651 0
2.06185 0
0.11291 0
1.66224 0
0.513113 0
0.349534 0
3.53452 0
0.954721 0
0.141923 0
0.698918 0
0.201899 0
0.0812265 0
0.711459 0
1.06267 0
1.06955 0
0.200397 0
0.358288 0
0.810277 0
0.320698 0
1.11771 0
0.439512 0
3.65329 0
1.27361 0
0.81871 0
0.0867605 0
0.496695 0
0.0537114 0
0.128541 0
0.158369 0
1.16417 0
0.331282 0
0.169211 0
1.13275 0
0.246304 0
0.150008 0
1.24473 0
0.241774 0
0.709225 0
0.662653 0
0.291804 0
0.547995 0
0.59395 0
0.194521 0
0.15432 0
0.205056 0
0.740822 0
1.58819 0
0.241846 0
0.192601 0
0.164503 0
0.435716 0
0.303771 0
0.575875 0
0.0442202 0
3.64055 0
0.236813 0
1.26599 0
0.197594 0
0.24198 0
2.79437 0
0.931444 0
0.246013 0
0.258584 0
0.0116578 0
0.160315 0
2.96259 0
0.228733 0
1.06652 0
0.175694 0
1.33634 0
0.218859 0
0.197579 0
0.827477 0
1.19369 0
0.906651 0
3.1031 0
2.03727 0
0.344215 0
8.72427 0
0.22983 0
0.0791807 0
0.176834 0
0.571993 0
0.442667 0
0.449341 0
2.17609 0
0.28261 0
4.00035 0
0.320375 0
0.0980227 0
0.903073 0
0.68144 0
4.01775 0
0.501159 0
0.316429 0
1.00341 0
0.152994 0
0.143198 0
0.0691358 0
0.28189 0
0.0926647 0
0.443844 0
0.450162 0
2.30626 0
0.709774 0
0.630593 0
2.17502 0
0.235318 0
0.84264 0
0.0878579 0
29.1319 0
0.123359 0
1.33906 0
0.465509 0
0.245623 0
1.93638 0
1.10007 0
0.506383 0
1.55234 0
1.58798 0
1.06944 0
0.324391 0
0.127153 0
0.272932 0
0.0777031 0
1.63124 0
0.287395 0
0.0547696 0
0.744285 0
0.440435 0
0.383608 0
0.323657 0
0.14464 0
0.131969 0
0.0726891 0
0.73255 0
0.220365 0
0.131581 0
0.358536 0
1.15947 0
0.492476 0
0.480563 0
0.244056 0
1.1426 0
0.117952 0
0.240623 0
0.0289699 0
0.692864 0
0.231783 0
0.221233 0
0.227237 0
1.02306 0
0.337897 0
0.186099 0
0.185422 0
1.33612 0
0.0219287 0
0.0930215 0
0.1767 0
1.02324 0
0.376954 0
1.00452 0
0.801585 0
0.377286 0
0.163395 0
1.25823 0
0.193218 0
6.0007 0
4.0876 0
0.197325 0
0.262997 0
0.728247 0
2.16961 0
0.110923 0
0.123829 0
0.641776 0
4.36485 0
0.762115 0
2.57268 0
0.60426 0
0.0467803 0
0.565041 0
0.748448 0
0.155037 0
0.399893 0
0.378721 0
0 0
0.1006 0
0.335713 0
14.2496 0
0.933617 0
1.51395 0
3.31215 0
0.884637 0
0.442537 0
0.132335 0
0.22524 0
2.98127 0
0.637608 0
0.204503 0
0.23821 0
0.433161 0
1.68227 0
2.38116 0
0.667788 0
1.87378 0
0.532273 0
0.317023 0
0.27127 0
1.08912 0
0.928372 0
0.451791 0
0.224954 0
0.252895 0
0.805356 0
1.31752 0
0.353451 0
1.30043 0
0.175395 0
0.206065 0
0.424394 0
0.881912 0
1.18129 0
0.346579 0
1.30787 0
1.08278 0
0.155373 0
2.11862 0
3.29475 0
0.303524 0
0.624504 0
1.21779 0
0.468365 0
1.1307 0
0.341785 0
0.523393 0
0.766503 0
0.406416 0
1.01853 0
0.726902 0
0.227438 0
2.13221 0
1.12738 0
0.552955 0
2.03628 0
0.14378 0
0.52274 0
0.215124 0
0.925111 0
0.930252 0
0.370841 0
0.672219 0
0.299236 0
1.13582 0
0.107311 0
0.552297 0
2.2319 0
2.44699 0
0.211278 0
0.424012 0
0.747389 0
0.380187 0
1.11794 0
0.28391 0
0.137564 0
0.0484869 0
0.342772 0
0.875195 0
0.441711 0
0.641756 0
0.693006 0
0.211719 0
2.15705 0
0.660923 0
4.70447 0
0.132358 0
3.68549 0
2.74179 0
2.97915 0
1.05337 0
0.196131 0
0.147266 0
0.244585 0
0.129829 0
1.95311 0
0.145227 0
0.915128 0
2.12497 0
1.43819 0
0.107422 0
0.545257 0
0.357942 0
0.117829 0
1.21708 0
0.119725 0
0.143842 0
0.0769548 0
0.818137 0
0.0761826 0
1.16799 0
0.455169 0
0.970891 0
1.80874 0
0.249836 0
0.304703 0
0.150957 0
0.294015 0
1.55078 0
0.327551 0
4.81651 0
0.433015 0
1.9718 0
0.114059 0
5.77503 0
1.98601 0
0.833957 0
0.53827 0
1.08626 0
0.224044 0
0.150941 0
1.21154 0
0.189631 0
0.188542 0
0.123132 0
1.88151 0
0.0377434 0
0.268099 0
0.66614 0
0.165917 0
3.0842 0
0.22598 0
0.278708 0
0.851701 0
0.741409 0
0.820883 0
0.133728 0
3.16087 0
0.859201 0
0.178198 0
0.421111 0
3.78312 0
0.201475 0
0.304933 0
0.282123 0
1.43951 0
0.109416 0
1.13071 0
