2.3905 1
0.120347 1
2.50758 1
4.99677 1
0.243032 1
1.19698 1
1.09538 1
0.0300448 1
0.0988542 1
0.732122 1
0.129358 1
16.3964 1
0.361146 1
0.132054 1
0.101248 1
2.20378 1
1.33421 1
0.0211888 1
0.137086 1
0.0338654 1
5.39138 1
0.042767 1
1.81139 1
1.0395 1
0.929825 1
8.69659 1
0.611785 1
0.475988 1
1.938 1
0.0675031 1
0.0648294 1
3.56026 1
0.516964 1
2.27968 1
0.010896 1
2.92918 1
0.683245 1
0.715953 1
0.0631466 1
0.0346833 1
0.266937 1
1.93417 1
0.666508 1
2.23144 1
0.210827 1
0.0814256 1
0.258646 1
8.3182 1
1.44414 1
0.880136 1
0.0404742 1
0.674357 1
0.147179 1
1.03561 1
0.0894098 1
0.0566254 1
0.944613 1
0.189642 1
0.013423 1
0.18045 1
0.0285449 1
1.83455 1
3.48506 1
0.821147 1
0.240192 1
0.162076 1
2.98032 1
0.367753 1
0.157953 1
0.352993 1
0.225987 1
7.22805 1
0.119883 1
0.0520987 1
0.964561 1
1.03389 1
10.2783 1
1.79957 1
1.40862 1
0.749743 1
0.418884 1
0.0594533 1
0.0024022 1
0.339997 1
25.9244 1
0.00956486 1
10.9476 1
0.779861 1
2.14088 1
0.162858 1
0.0165909 1
20.4461 1
3.11998 1
0.327978 1
0.113056 1
0.507948 1
1.42965 1
5.10033 1
0.0516253 1
0.146585 1
0.533442 1
0.516195 1
0.0328314 1
3.5024 1
0.333809 1
2.23918 1
0.806507 1
0.222032 1
0.118385 1
3.76944 1
0.164482 1
0.0382979 1
9.96306 1
0.373915 1
0.103527 1
0.0454732 1
2.13273 1
0.399772 1
0.698224 1
0.617338 1
0.0394407 1
0.173085 1
0.0956758 1
0.6723 1
0.0686225 1
0.0359813 1
10.3306 1
0.174315 1
0.0365187 1
10.6364 1
1.73944 1
2.68006 1
0.0588552 1
0.0376576 1
0.130796 1
0.0909753 1
2.05309 1
0.955711 1
0.0780213 1
0.164065 1
3.32181 1
0.136546 1
0.0688674 1
0.422588 1
0.033351 1
0.0646897 1
0.148241 1
0.0463185 1
1.86741 1
0.0625297 1
14.172 1
0.709648 1
2.00364 1
0.0850757 1
0.53902 1
5.20071 1
1.55492 1
0.0444062 1
0.0983241 1
0.632204 1
2.07905 1
5.62302 1
0.437966 1
0.865117 1
1.69996 1
0.90197 1
1.15923 1
0.0711004 1
0.0914067 1
1.37133 1
2.87095 1
0.0445881 1
0.0544982 1
0.0460176 1
0.118414 1
0.0336334 1
0.00694852 1
0.00597327 1
0.0620388 1
0.038934 1
10.6749 1
0.692199 1
3.58245 1
1.54229 1
0.0180147 1
0.432086 1
0.491745 1
1.46933 1
0.110193 1
0.0499144 1
3.70189 1
0.106703 1
0.148518 1
0.0568034 1
1.73737 1
0.1316 1
0.113661 1
0.0976541 1
7.86141 1
3.92557 1
1.15862 1
0.0564304 1
0.070919 1
3.18381 1
0.106656 1
2.02773 1
0.317495 1
27.5129 1
0.408653 1
1.38288 1
1.86432 1
0.0721534 1
0.0555292 1
2.43993 1
0 1
0.0297208 1
0.404401 1
1.86129 1
0.0710167 1
0.105325 1
0.0367959 1
0.707778 1
0.707817 1
1.42387 1
0.105054 1
2.47266 1
0.185962 1
0.0762261 1
0.0423138 1
3.37276 1
0.111126 1
10.2878 1
0.0816775 1
1.8311 1
0.113257 1
1.61494 1
0.105725 1
3.677 1
0.345914 1
0.113537 1
0.111427 1
0.276064 1
10.9617 1
0.0754694 1
0.0646656 1
0.929389 1
0.783962 1
2.52026 1
0.13617 1
0.0485933 1
0.0300457 1
32.0318 1
1.62267 1
0.0961654 1
1.02052 1
0.55152 1
0.0740425 1
0.207098 1
3.3569 1
0.0392211 1
0.0661607 1
2.07727 1
0.0456354 1
0.147711 1
0.419963 1
4.32412 1
0.0783569 1
0.10593 1
0.0276864 1
1.90228 1
0.871582 1
0.131788 1
0 1
0.315956 1
0.0484365 1
0.0475115 1
1.02349 1
4.1989 1
21.3693 1
0.0695824 1
0.534505 1
0.54999 1
1.62961 1
1.13659 1
0.0516595 1
1.35608 1
0.35446 1
0.23942 1
0.338551 1
0.0830466 1
3.76843 1
0.0470711 1
1.78009 1
0.0414687 1
4.03854 1
0.0584989 1
0.833173 1
0.117655 1
0.326343 1
2.0266 1
0.0577755 1
0.716469 1
1.04071 1
0.069354 1
1.69754 1
1.48476 1
0.0500448 1
0.0369458 1
0.62583 1
0.0804896 1
0.0754007 1
0.093159 1
1.62928 1
1.41596 1
0.0702775 1
0.03129 1
0.00949401 1
0.033716 1
0.0194634 1
0.134241 1
0.519422 1
2.23785 1
3.91252 1
1.28693 1
0.0522247 1
1.59495 1
0.770126 1
2.45389 1
4.2528 1
0.687835 1
1.38651 1
1.321 1
5.30804 1
3.34307 1
0.237415 1
0.142983 1
4.31145 1
0.0785519 1
4.37139 1
0.979342 1
7.30587 1
0.746076 1
0.726849 1
0.051719 1
0.784114 1
0.0562212 1
2.16739 1
1.62819 1
0.546182 1
0.759467 1
1.1925 1
0.0798453 1
2.07858 1
2.79413 1
0.0134221 1
0.153912 1
1.58471 1
0.291606 1
0.0460013 1
0.228565 1
0.111625 1
0.0393068 1
1.98472 1
0.0202279 1
1.04212 1
0.146588 1
0.0773113 1
0.167851 1
0.107677 1
0.0410307 1
0.120705 1
0.0741593 1
0.13198 1
0.563852 1
0.0604554 1
7.22611 1
0.157575 1
1.56016 1
0.0855891 1
0.0887742 1
4.7704 1
0.0809589 1
0.0559837 1
1.93558 1
0.926863 1
0.123511 1
0.0263799 1
0.111917 1
0.127821 1
0.507608 1
0.100764 1
0.0371469 1
1.3448 1
0.974393 1
11.1054 1
1.40505 1
0.221652 1
1.6446 1
0.501181 1
0.714425 1
0.0803412 1
1.03638 1
0.116773 1
0.0528314 1
0.0666667 1
2.19375 1
1.32976 1
0.590065 1
0.100015 1
1.43744 1
0.316985 1
0.554244 1
1.90231 1
0.10292 1
1.25637 1
3.22416 1
0.539399 1
1.18846 1
0.0159721 1
0.141751 1
1.3639 1
4.59591 1
0.510264 1
0.0835458 1
0.0668208 1
0.0649984 1
0.69148 1
0.657032 1
0.104171 1
0.0735108 1
0.170021 1
3.28575 1
23.5132 1
1.11074 1
0.11092 1
1.08677 1
0.0419401 1
0.656498 1
0.587066 1
0.0817619 1
2.99637 1
0.907287 1
0.0928064 1
0.0852048 1
0.383518 1
0.698547 1
0.609696 1
1.47982 1
0.460052 1
0.035385 1
2.07103 1
0.0360176 1
0.0888034 1
0.0616138 1
1.82374 1
0.212811 1
0.22377 1
1.83593 1
0.0320971 1
0.127673 1
1.65544 1
0.111082 1
0.0338168 1
0.00783578 1
0.330855 1
0.053236 1
0.799276 1
0.0755824 1
0.192153 1
1.85317 1
0.0907881 1
3.80792 1
0.0585944 1
0.497165 1
0 1
0.705316 1
0.175329 1
0.556448 1
26.6517 1
0.192797 1
0.0676634 1
0.0145514 1
5.39086 1
0.0194953 1
0.0990446 1
32.4521 1
0.0573658 1
0.113735 1
0.595908 1
0.139513 1
0.681444 1
1.43153 1
0.0426594 1
0.0289995 1
1.29293 1
0.803002 1
1.22427 1
2.51427 1
2.12865 1
1.22759 1
1.48261 1
0.0379533 1
0.162425 1
0.447717 1
1.11769 1
0.127423 1
1.91942 1
2.25193 1
1.08028 1
0.0749486 1
8.16117 1
0.0638032 1
0.184291 1
0.393161 1
0.936153 1
0.808094 1
0.0430252 1
1.55956 1
0.170606 1
0.319444 1
0.524056 1
0.441462 1
0.093126 1
26.623 1
1.52585 1
12.2456 1
2.74872 1
0.348683 1
3.91692 1
0.127865 1
0.110184 1
0.902851 1
5.64525 1
0.0813475 1
2.79248 1
0.377763 1
0.680323 1
0.0387284 1
0 1
0.129335 1
1.39497 1
1.43008 1
0.114186 1
0.0325238 1
0.0955196 1
0.0425513 1
0.139717 1
0.237528 1
0.0910613 1
0.190711 1
5.53512 1
0.195218 1
0.0506583 1
0.589472 1
0.0497909 1
2.80955 1
0.116032 1
0.0389105 1
0.821715 1
1.49885 1
0.0482187 1
0.100189 1
0.104157 1
0.414399 1
4.32556 1
0.740704 1
0.0287675 1
3.5547 1
0.0838464 1
1.4048 1
0.392761 1
0.042409 1
0.441945 1
0.131515 1
0.0821077 1
2.49205 1
1.20959 1
0.286136 1
1.28847 1
4.07718 1
0.808425 1
3.57653 1
11.8074 1
0.0457466 1
0.537757 1
0.49738 1
2.57357 1
0.0139853 1
0.669234 1
6.46305 1
1.17422 1
0.795853 1
0.0522467 1
0.0719966 1
0.351405 1
0.772875 1
0.122762 1
2.73475 1
1.98413 1
0.82655 1
3.59635 1
0.0426619 1
0.666072 1
2.60308 1
0.0516742 1
0.844983 1
3.04504 1
1.08462 1
12.4254 1
0.655348 1
0.0542048 1
0.272006 1
0.163836 1
0.0809231 1
2.38245 1
1.63112 1
0.107563 1
3.12705 1
2.82199 1
3.50781 1
0.255319 1
0.0863113 1
0.0180983 1
0.0254755 1
0.419589 1
0.917517 1
0.0368277 1
0.130919 1
0.106041 1
3.54142 1
9.43535 1
8.1191 1
1.92913 1
0.110723 1
0.40419 1
0.396454 1
0.252818 1
0.035004 1
0.368486 1
0.0934276 1
0.51716 1
0.128965 1
0.131647 1
3.2145 1
0.0733762 0
0.0181064 0
0.0654577 0
0.0723795 0
0.0733645 0
0.538828 0
0.0591241 0
0.104611 0
0.0973997 0
0.795424 0
0.0681772 0
0.051455 0
0.0675735 0
0.0875954 0
0.144162 0
0.0660848 0
0.48969 0
0.252542 0
0.073991 0
0.0751516 0
0.0983545 0
0.140248 0
0.077502 0
0.0504256 0
0.0555653 0
0.2497 0
0.0862511 0
0.0448126 0
0.130873 0
0.0166424 0
0.022657 0
0.0466231 0
0.0937889 0
0.0639624 0
0.0965609 0
0.088132 0
0.0235544 0
0.1061 0
0.0803763 0
0.0506524 0
0.0828299 0
0.0917705 0
0.055626 0
0.091768 0
0.0472235 0
0.0780593 0
0.0430031 0
0.0630434 0
0.0748581 0
0.158926 0
0.292173 0
0.0470814 0
0.109627 0
0.0267755 0
0.0257054 0
2.22235 0
0.0699968 0
0.0678841 0
0.083328 0
0.0525365 0
0.0557678 0
0.0673578 0
0 0
0.907522 0
0.0782206 0
0.714018 0
0.0684409 0
0.053925 0
0.439375 0
0.0585071 0
0.0538551 0
0.112552 0
0.0564002 0
0.0849964 0
0.16007 0
0.0958095 0
0.0778314 0
0.0703723 0
0.0259172 0
0.0775328 0
0.13499 0
0.0531082 0
0.061618 0
0.0472578 0
0.0828258 0
0.0496274 0
0.504223 0
0.169422 0
0.355815 0
0.0688856 0
0.0659718 0
0.0666874 0
0.0947928 0
0.065595 0
0.0936822 0
1.21305 0
0.0984706 0
0.0642622 0
0.138191 0
0.102786 0
0.15291 0
0.139174 0
0.0891475 0
0.0996925 0
0.151598 0
0.0362632 0
0.057389 0
0.0699836 0
0.00888087 0
0.033762 0
0.0651453 0
0.116527 0
0.0468083 0
0.236222 0
0.0458206 0
0.0346919 0
0.112492 0
0.0680049 0
0.00420276 0
0.149613 0
0.16931 0
0.0904535 0
0.324998 0
0.103018 0
0.0799689 0
0.0465729 0
0.077465 0
0.111689 0
0.116627 0
0.137213 0
0.0855132 0
0.0875502 0
0.0612158 0
0.0769959 0
0.0472167 0
0.0520716 0
0.0858794 0
0.0738752 0
0.0506365 0
0.40279 0
0 0
0.0902108 0
0.06396 0
0.132273 0
0.333453 0
0.0593594 0
0.0951668 0
0.0127197 0
0.0504131 0
0.0502091 0
0.0190867 0
0.118227 0
0.0439747 0
0.0542846 0
0.0428445 0
0.0868342 0
0.607098 0
0.367277 0
0.0879369 0
0.0529572 0
0.0496445 0
0.381352 0
0.05515 0
0 0
0.0436153 0
0.097133 0
0.0591428 0
0.377086 0
0.0643346 0
0.0830394 0
0.0447091 0
0.0488453 0
0.120646 0
0.0508362 0
0.0124148 0
0.00268077 0
0.0152763 0
0.0650366 0
0.0526155 0
0.0230505 0
0.0408328 0
0.0921193 0
0.0963377 0
0.0672898 0
0.0832165 0
0.132831 0
0.0339369 0
0.036774 0
0.0542481 0
0.0883291 0
0.716453 0
0.0857865 0
0.119637 0
0.353404 0
0.0655799 0
0.00959704 0
0.0977553 0
0.0560746 0
0.605419 0
0.0655896 0
0.208377 0
0.080404 0
0.0376443 0
0.0841929 0
0.0988838 0
0 0
0.524209 0
0.0521835 0
0.0909864 0
0.084291 0
0.0846781 0
0.0834407 0
0.0471261 0
0.103681 0
0.0521311 0
0.0446656 0
0.0566644 0
0.371998 0
0.127324 0
0.10923 0
0.0466203 0
0.0850786 0
0.132364 0
0.071874 0
0.695424 0
0.0477097 0
2.26819 0
0.0338482 0
0.15553 0
0.0706746 0
0.0705773 0
6.41672 0
0.120318 0
0.0173019 0
0.0507217 0
0.126906 0
0.106371 0
0.133884 0
0.0611606 0
0.0558833 0
0.475574 0
0.0659302 0
0.069665 0
0.0512332 0
0.0492622 0
0.108042 0
0.050777 0
0.0415472 0
0.08944 0
1.69873 0
0.0985966 0
1.80423 0
0.174659 0
0.113775 0
0.120879 0
0.116021 0
0.125729 0
0.0224414 0
0.0310206 0
0.0378218 0
0.681961 0
0 0
0.0749016 0
0.610274 0
0.199198 0
0.045724 0
0.0497415 0
0.083819 0
0.191605 0
0.0759512 0
0.0683136 0
0.0895073 0
0.619187 0
0.0339543 0
0.606861 0
0.0548891 0
0.117479 0
0.0669377 0
0.0441406 0
0.0540147 0
0.246825 0
0.0763313 0
0.0979912 0
0.0809733 0
0.065903 0
0.101286 0
0.0380825 0
0.0363956 0
0.0857104 0
3.29352 0
0.0598204 0
0.215617 0
0.05243 0
0.102893 0
1.07778 0
0.0715889 0
0.0351782 0
0.196236 0
0.62038 0
0.0899558 0
0.100917 0
0.131449 0
0.151092 0
0.110427 0
0.0609448 0
0.00573888 0
1.49981 0
0 0
0.0734857 0
0.675709 0
0.0546714 0
0.0122748 0
0.31592 0
0.0773395 0
0.0989564 0
0.0707882 0
0.0855841 0
0.108821 0
0.0349969 0
0.0779387 0
0.0506801 0
0.0166201 0
0.113204 0
0.0374916 0
0.0986065 0
0.106784 0
1.71331 0
0.0832849 0
0.0524097 0
0 0
0.138193 0
0.0818642 0
0.0464485 0
0.023381 0
0.370118 0
0.328459 0
0.127433 0
0.0559248 0
0.0795648 0
0.0972367 0
0.0741048 0
0.0596849 0
0.0652404 0
0.103135 0
0.131414 0
0.234397 0
0.0697184 0
0.0690147 0
0.0605918 0
0.139796 0
0.39043 0
0.0844492 0
0.0432856 0
2.31792 0
0.0925914 0
0 0
0.269595 0
0.0394963 0
0.0279943 0
0.131169 0
0.0397123 0
0.0455045 0
0.134446 0
0.0750164 0
0.0609798 0
0.311992 0
0.0919781 0
0.171035 0
0.157181 0
0.0418516 0
0.0531953 0
0.100493 0
0.0574146 0
0.207641 0
0.0752026 0
0.0717939 0
0.0277105 0
0.0409998 0
0 0
0.0479416 0
0.0652898 0
0.078732 0
0.118828 0
0.0416273 0
0.0617161 0
0.0640291 0
0.0600255 0
0.0603997 0
0.0182323 0
0.443056 0
0.169266 0
0.112738 0
0.0493488 0
0.0941306 0
0.0565688 0
0.0758979 0
0.117653 0
0.51589 0
0.0302318 0
0.0485561 0
0.337808 0
0.137102 0
0.226226 0
0.0183896 0
0.145934 0
0.0286471 0
0.103774 0
0.0941676 0
0.0373416 0
0.131758 0
0.0584822 0
0.193456 0
0.0877628 0
0.12455 0
0.288974 0
0.0893641 0
0.0583244 0
4.75491 0
0.0562042 0
0.145618 0
0.263817 0
0.141304 0
0.08025 0
0.0801111 0
0.320995 0
0.0618716 0
0.0683538 0
0.116363 0
0.0108554 0
0.0292428 0
0.0598797 0
0.0442684 0
0.910614 0
0.317003 0
0.09366 0
1.67764 0
0.0366411 0
0.0484225 0
0.00759013 0
0.0896422 0
0.0848427 0
0.0274667 0
0.0863641 0
0.12118 0
0.0817752 0
0.0403813 0
0.0502378 0
0.06428 0
0.0518171 0
0.0501699 0
0.215478 0
0.117176 0
0.021212 0
0.0778521 0
0.0686044 0
0.0638893 0
0.0841309 0
0.0706029 0
0.065477 0
0.0560226 0
0.657564 0
0.15131 0
0.0565151 0
0.0813341 0
0.0636637 0
0.0549054 0
0.0581013 0
0.0385271 0
0.0605717 0
0.113701 0
0.0853188 0
0.0630171 0
0.0322994 0
0.0828168 0
0 0
0.89916 0
0.047725 0
0.087864 0
0.0262869 0
0.0589253 0
0.0558284 0
0.0531351 0
0.201492 0
0.0544139 0
0.0559423 0
0.0795314 0
0.329923 0
0.126605 0
0.0327788 0
0.0894702 0
0.0516308 0
0.0762352 0
0.129081 0
2.93463 0
0.0823228 0
0.115274 0
0.05954 0
0.126936 0
0.129064 0
0.0226448 0
0.134464 0
0.116254 0
0.0811457 0
0.0503354 0
0.186805 0
0.00268442 0
0.0227815 0
2.47115 0
0.0847654 0
0.0608957 0
0.0056516 0
0.040025 0
0.045277 0
0.0663072 0
0.0578382 0
0.0508379 0
0.148322 0
0.0625719 0
0.0408517 0
0.419958 0
1.35524 0
0.107358 0
0.0463672 0
0.695825 0
0.0308606 0
0.11631 0
0.107351 0
0.569053 0
0.12131 0
0.0343813 0
0.0669202 0
0.0510825 0
0.546294 0
0.0816129 0
0.430221 0
0.087168 0
0.0869445 0
0.0661844 0
0.0721421 0
0.0462066 0
0.119059 0
1.51582 0
0.0771905 0
0.502419 0
0.0849548 0
0.0196941 0
0.0672641 0
0.735769 0
0.126512 0
0.0472998 0
0.0615484 0
0.0317452 0
0.0636433 0
0.0712643 0
1.64224 0
0.0240129 0
0.043565 0
0.0177586 0
0.0695692 0
0.106351 0
0.801003 0
0.108969 0
0.129604 0
0.218419 0
0.272551 0
0.122747 0
0.0953942 0
0.0929921 0
0.438445 0
0.0583526 0
0.106175 0
0.0426282 0
0.0464808 0
0.721304 0
0.0515397 0
0.898149 0
0.0372048 0
0.0250272 0
0.115127 0
0.0467893 0
0.0906832 0
0.115823 0
0.0941187 0
0.0716863 0
0.0761105 0
0.549874 0
0.0622396 0
0 0
0.154165 0
0.0522908 0
0.0253318 0
0.953593 0
0.0308804 0
0.0223402 0
0.120575 0
0.0492627 0
2.4795 0
0.0467483 0
0.0806167 0
0.0864837 0
1.56399 0
0.0564097 0
0.106452 0
0.0595359 0
0.0270894 0
0.0475691 0
0.0473856 0
0.515073 0
0.3507 0
0.0239143 0
0.0290785 0
0.0599517 0
0.104997 0
0.323568 0
1.36864 0
0.031129 0
2.94922 0
0.0776729 0
0.0813191 0
0.0724068 0
1.91391 0
0.3404 0
0.0647083 0
0.0872407 0
0.227126 0
0.0981742 0
0.00371224 0
0.014285 0
0.128157 0
1.5169 0
0.131689 0
0.263684 0
0.0639191 0
0.10732 0
0.401283 0
0.0859403 0
0.102234 0
0.0200253 0
0.0859059 0
0.186386 0
0.09689 0
0.142578 0
0.0856813 0
0.022382 0
0.531104 0
