0.0566797 1
0.0415493 1
1.07205 1
0.0169997 1
0.0402718 1
0.0676745 1
0.0671053 1
1.43293 1
6.51693 1
1.77945 1
2.23435 1
0.378309 1
0.0438773 1
0.0287032 1
0.0986928 1
0.85493 1
2.68829 1
0.0874285 1
0.0874447 1
0.640078 1
3.26666 1
0.0207805 1
0.0118915 1
0.512238 1
0.0616518 1
2.24148 1
0.585292 1
0.195481 1
7.40014 1
0.32049 1
0.074871 1
0.787704 1
0.100186 1
0.764 1
0.0654731 1
0.465899 1
4.42857 1
0.050505 1
0.121066 1
0.205901 1
0.0608473 1
0.069169 1
3.42516 1
0.117743 1
6.56531 1
0.0690724 1
3.4113 1
2.75233 1
0.0423113 1
6.64148 1
0.0200051 1
1.01366 1
0.0357814 1
0.855792 1
0.0934216 1
0.392713 1
0.0998801 1
1.45322 1
0.269078 1
0.17174 1
0 1
2.09899 1
1.50951 1
0.5038 1
1.46022 1
1.2124 1
0.100116 1
3.51222 1
0.0895411 1
0.769319 1
0.401036 1
0.210805 1
1.24865 1
0.0610664 1
1.21962 1
0.0980585 1
0.0452081 1
0.0634239 1
0.198732 1
0 1
0.0269435 1
0.0949087 1
0.0469563 1
0.0984352 1
0.141333 1
0.0177608 1
0.0660176 1
0.0501563 1
2.80667 1
0.0596364 1
0.506664 1
0.0969811 1
0.183798 1
0.083308 1
0.0730858 1
0.0536053 1
0.0163337 1
0.143441 1
0.0144158 1
0.174638 1
0.147459 1
0.0224585 1
0.103427 1
2.01438 1
0.0276864 1
0.0849603 1
0.0790093 1
0.112768 1
0.0293875 1
0.0560283 1
6.69204 1
0.0343928 1
0.113533 1
0.0208952 1
2.22383 1
0.0327578 1
37.0055 1
3.71002 1
0.0413477 1
0.941123 1
0.0777797 1
0.494309 1
0.318245 1
4.40542 1
1.21396 1
2.7407 1
0.360104 1
0.761753 1
3.03276 1
1.22731 1
0.0481534 1
1.36352 1
1.19119 1
3.29315 1
0.262882 1
1.63772 1
0.19865 1
0.0565333 1
2.2938 1
0.0901673 1
0.766276 1
0.619424 1
0.0506128 1
0.796943 1
0.107497 1
3.105 1
2.06248 1
3.58794 1
0.0781289 1
1.79991 1
0.112831 1
11.1922 1
0.371042 1
1.575 1
0.0180147 1
1.91908 1
0.486515 1
0.962882 1
0.0628348 1
0.115127 1
0.0675875 1
0.0989455 1
0.737063 1
13.2479 1
0.0489604 1
2.20917 1
0.622815 1
17.9835 1
0.744334 1
0.0328389 1
0.0105545 1
2.02528 1
4.03831 1
0.079348 1
1.83901 1
0.01919 1
0.0575718 1
0.432587 1
0.577492 1
1.6267 1
0.0189475 1
0.136865 1
0.0551612 1
0.0727656 1
0.080224 1
1.55951 1
0.0658222 1
0.178698 1
0.0346833 1
0.109192 1
0.07229 1
2.11791 1
0.046184 1
9.31256 1
0.344093 1
6.89171 1
1.61411 1
0.786714 1
1.7232 1
0.551223 1
0.0516516 1
0.146849 1
0.0857928 1
2.0558 1
0.0517794 1
0.00824087 1
3.58508 1
0.540364 1
0.0324437 1
2.14494 1
0.0650274 1
0.909643 1
0.265761 1
1.57751 1
1.20718 1
0.988318 1
0.0875213 1
0.0905194 1
0.428788 1
1.38286 1
0.128058 1
0.352617 1
0.323035 1
10.3653 1
1.41622 1
1.6776 1
0.0489807 1
3.34323 1
0.0509245 1
0.0408556 1
0.0181317 1
0.0467028 1
0.816335 1
0.0697333 1
0.0142057 1
0.516169 1
0.0433103 1
0.834542 1
0.084279 1
0.162037 1
0.333807 1
3.5226 1
0.0775468 1
1.26422 1
1.08541 1
1.07307 1
1.07604 1
0.27022 1
0.0802737 1
0.0810227 1
0.0491944 1
9.61272 1
0.0889453 1
0.047434 1
0.0309524 1
0.0391527 1
0.0523674 1
0.0352887 1
16.7122 1
1.7373 1
1.14695 1
0.0087987 1
3.0161 1
2.28155 1
0.0954829 1
0.0854614 1
3.17213 1
0.860892 1
0.373507 1
0.0611462 1
0.928843 1
0.0653236 1
0.532618 1
0.0484709 1
0.0873474 1
0.0830159 1
0.405613 1
2.7687 1
0.794235 1
0.0913554 1
1.4217 1
0.315559 1
1.5632 1
0.0622243 1
0.0400687 1
0.0836275 1
0.0995691 1
0.0684047 1
0.0956158 1
0.0146782 1
0.0457572 1
0.146749 1
1.10165 1
7.31316 1
0.0749566 1
0.198244 1
0.694211 1
0.0825562 1
0.308751 1
0.138872 1
0.00513699 1
0.0725435 1
1.00915 1
0.0927765 1
0.4175 1
3.25451 1
0.0521581 1
0.0219924 1
0.0269559 1
0.0427319 1
1.78026 1
0.0331018 1
3.91168 1
0.05065 1
0.933158 1
26.5511 1
0.541848 1
0.0957973 1
0.463154 1
0.0734887 1
2.17108 1
0.0652437 1
0.0408789 1
1.0764 1
2.59627 1
0.441624 1
0.0619583 1
3.49158 1
8.88254 1
0.881447 1
3.17229 1
0.127821 1
1.9639 1
0.195659 1
1.66591 1
0.0985035 1
0.0787765 1
0.0785592 1
0.0458996 1
1.05073 1
2.4844 1
2.46531 1
0.076342 1
0.762499 1
1.65186 1
5.60957 1
10.7655 1
5.00958 1
0.0109931 1
6.66834 1
0.0611073 1
0.0709537 1
0.0313916 1
0.096196 1
0.0665131 1
0.925149 1
0.677016 1
3.06351 1
0.013598 1
0.10951 1
0.0178756 1
0.0686824 1
0.0196506 1
0.098034 1
0.0669149 1
0.0828301 1
0.707995 1
1.00528 1
0.133884 1
0.503921 1
0.045672 1
0.878092 1
0.805192 1
0.052641 1
0.318279 1
0.0929019 1
0.0251455 1
0.0468708 1
1.95464 1
0.114113 1
10.5149 1
4.11779 1
0.220309 1
0.237984 1
0.643619 1
2.09702 1
0.125578 1
0.483899 1
0.0800836 1
1.78593 1
0.103478 1
0.39889 1
0.342217 1
8.10815 1
2.41531 1
3.94898 1
0.361343 1
0.0540479 1
1.46209 1
3.35868 1
0.137105 1
0.103911 1
1.83459 1
0.0501618 1
1.21371 1
1.02119 1
1.34792 1
2.64137 1
0.106332 1
0.0557741 1
2.01373 1
0.03046 1
0.564428 1
0.0132739 1
2.28759 1
4.65444 1
0.0738852 1
0.214849 1
0.228165 1
0.207384 1
0.100478 1
0.103298 1
0.0402664 1
0.553209 1
0.020062 1
2.45591 1
3.16412 1
2.4563 1
55.3145 1
0.105065 1
3.21849 1
0.538303 1
0 1
0.686148 1
0.120482 1
1.01086 1
1.11818 1
1.68274 1
2.75436 1
0.285809 1
4.22026 1
0.185931 1
0.040377 1
0.296799 1
9.106 1
0.175138 1
0.0533612 1
0.0690036 1
0.0269918 1
0.0351357 1
0.0414247 1
9.42858 1
0.0858503 1
0.065739 1
0.0707137 1
5.05264 1
27.0285 1
0.0306801 1
0.110222 1
2.94458 1
0.0679205 1
0.486875 1
0.124446 1
2.77539 1
1.13176 1
0.113528 1
0.036688 1
1.45932 1
0.295618 1
0.381558 1
3.74542 1
0.124734 1
1.04723 1
2.14754 1
0.410192 1
0 1
3.58849 1
3.83052 1
0.324456 1
2.13077 1
1.03096 1
0.628442 1
0.039755 1
0.0937962 1
0.0483721 1
0.143766 1
0.521526 1
1.05286 1
0.108123 1
0.961991 1
0.776916 1
0.0904258 1
0.065752 1
1.91769 1
3.58145 1
0.0385689 1
2.16209 1
1.27924 1
0.0689291 1
0.0278746 1
1.22119 1
0.236168 1
0.080867 1
0.0267903 1
0.901575 1
0.0697789 1
0.344504 1
0.123609 1
0.396158 1
0.462655 1
0.106633 1
0.0669494 1
11.449 1
0.0272876 1
1.80175 1
1.32197 1
2.36617 1
0.052386 1
0.207759 1
0.0893275 1
0.0536033 1
0.0723449 1
0.00956486 1
0.462055 1
0.0807616 1
0.131325 1
0.0847035 1
0.584831 1
0.526421 1
0.673501 1
0.0173984 1
0.110418 1
4.8148 1
0.0874239 1
10.4023 1
0.0674418 1
0.32654 1
3.60965 1
0.0434989 1
0.0272776 1
0.44369 1
0.00841984 1
2.3221 1
0.045097 1
0.973914 1
0.49996 1
0.0476067 1
0.0581204 1
0.499386 1
1.97963 1
0.0738384 1
0.0753977 1
0.810459 1
6.36612 1
0.0452296 1
0.536119 1
0.16149 1
0.766905 1
1.39787 1
0.424625 1
1.19988 1
0.0881344 1
0.0774754 1
0.123122 1
0.0319264 1
0.845522 1
4.21825 1
0.081716 1
0.0781497 1
0.0086943 1
1.63527 1
1.14765 1
0.819226 1
0.110316 1
0.072956 1
0.349992 1
0.124227 1
1.18622 1
0.856856 1
0.274161 1
3.11563 1
1.62153 1
0.131628 1
1.08202 1
0.0276666 1
16.3826 1
1.60411 1
1.41028 1
1.8875 1
30.9929 1
3.6903 1
0.131654 1
0.0324201 1
0.0497975 1
21.9332 1
0.0680139 1
0.157836 1
1.51114 1
0.0582889 1
1.75571 1
0.698005 1
0.0649504 1
0.0996354 1
0.326667 1
0.0726106 1
2.98156 1
1.26967 1
0.0750663 1
0.777117 1
3.41813 1
5.32827 1
1.79411 1
4.09838 1
1.77637 1
2.01386 1
2.7395 1
12.4868 1
0.0758475 1
0.0608147 1
13.7247 1
0.607636 1
0.0918232 1
0.505081 1
3.69966 1
1.25227 1
0.0387377 1
0.0392553 1
1.5462 1
0.563388 1
0.466087 1
0.112643 1
0.803993 1
0.023523 1
0.121244 1
2.55049 1
0.525333 1
0.076418 1
2.48296 1
0.0940759 1
1.22229 1
0.270214 1
0.236741 1
0.0698618 1
0.0839609 1
0.735166 1
0.820438 1
0.02937 1
14.0039 1
8.02516 1
1.42922 1
0.117283 1
1.67004 1
0.0542112 1
0.0939248 1
2.00982 1
1.32227 1
0.05244 1
0.0568914 1
0.0532451 1
3.90305 1
1.63974 1
2.16085 1
0.0907681 1
43.5329 1
0.228595 1
0.0464293 1
0.0805831 1
0.0584568 1
3.57768 1
0.0544007 1
8.70889 1
3.76751 1
0.349986 1
0.0390235 1
0.603275 1
0.0521866 1
0.0993911 1
0.245944 1
0.549 1
6.70205 1
0.0805149 1
0.031751 1
0.697653 1
0.02752 1
0.0928303 1
1.65647 1
0.0210246 0
0.119095 0
0.115106 0
0.0647385 0
0.087862 0
0.0538255 0
0.077803 0
0.390683 0
0.0389599 0
0.0741302 0
0.121629 0
0.08663 0
0.0925201 0
0.057977 0
0.0344998 0
0.0800966 0
0.082193 0
0.191032 0
0.0460982 0
0.0567043 0
0.12536 0
0.284014 0
2.0866 0
0.0817303 0
0.12388 0
0.106692 0
0 0
0.0293948 0
0.0370045 0
0.238889 0
0.0314853 0
0.175765 0
0.0353323 0
0.0740322 0
0.188789 0
0.0912213 0
0.0867217 0
0.0360802 0
0.174479 0
1.01171 0
0.0685214 0
0.589456 0
0.545093 0
0.0598106 0
0.0281497 0
0.0482692 0
0.275571 0
0.113765 0
0.115905 0
0.135618 0
0.0594045 0
0.0774726 0
0.0997881 0
0.0160908 0
0.33343 0
0.0963029 0
0.0971768 0
0.0673398 0
0.0879322 0
0.0915082 0
0.0191197 0
0.0592148 0
0.0243708 0
0.0408733 0
0.052036 0
0.0613262 0
0.0556267 0
0.0233474 0
0.0706257 0
0.0087655 0
1.21468 0
0.106759 0
0.0630136 0
0.792205 0
0.566692 0
0.00850087 0
0.0713106 0
0.121427 0
0.0926381 0
0.0624587 0
0.0496194 0
0.0191378 0
1.49375 0
0.128591 0
0.376503 0
0.0451008 0
0.0919053 0
0.0357916 0
0.0906736 0
0.0375179 0
0.0759375 0
0.0818034 0
0.264198 0
0.0808565 0
0.0544989 0
0.431324 0
0.0347329 0
0.113517 0
0.0848546 0
0.00872043 0
0.0528713 0
0.0581217 0
0.0337713 0
0.143423 0
0.0785856 0
0.161629 0
0.720799 0
0.040425 0
0.0975599 0
0.428214 0
0.0708411 0
0.0635303 0
0.0616323 0
0.316253 0
0.17519 0
0 0
0.0201915 0
0.0762887 0
0.0240342 0
0.0648963 0
0.0314262 0
0.0663022 0
0.0259829 0
0.0545171 0
0.07967 0
0.110145 0
0.171384 0
0.114979 0
0.0237008 0
0.157242 0
0.089595 0
0.112065 0
3.10937 0
0.0540687 0
0.118521 0
0.146055 0
0.153744 0
0.0916963 0
0.0376255 0
0.055706 0
0.0742801 0
0.826785 0
0.0319298 0
0.0208508 0
0.0163374 0
0.0573518 0
0.0735086 0
0.0797243 0
0.108399 0
0.0457225 0
0.0922656 0
0.537716 0
0.212379 0
0.0281804 0
0.0399663 0
0.0703715 0
0.09196 0
0.0395251 0
0.0323729 0
0 0
0.0626515 0
0.856059 0
0.0355176 0
0.0904468 0
0.0495315 0
0.0382087 0
0.0759219 0
0.0505268 0
0.0912787 0
0.0894207 0
0.0429942 0
0.0626477 0
1.47033 0
0.0549792 0
0.0362757 0
0.110379 0
0.0440454 0
0.0266952 0
0.155812 0
0.126873 0
2.48503 0
0.0879974 0
0.00997647 0
0.0722331 0
1.51498 0
0.0527862 0
0.0703938 0
0.0764084 0
0.121532 0
0.0534045 0
0.0561978 0
0.42474 0
0.107715 0
0.0588428 0
0.036216 0
0.0437853 0
0.0294266 0
0.0423342 0
0.0577456 0
0.0180046 0
0.0367052 0
0.0768113 0
0.0423605 0
0.949383 0
0.0831333 0
0 0
0.0852434 0
0.0894595 0
0.306015 0
0.0968556 0
0 0
0.108509 0
0.298305 0
0.0184866 0
0.0704437 0
0.0343418 0
0 0
0.147838 0
0.119978 0
0.0780535 0
0.0397971 0
1.1666 0
0.0302043 0
0.0448988 0
0.0555414 0
0.0268097 0
0.00607428 0
0.0769462 0
0.0571026 0
0.0596672 0
0.0600233 0
0.0314474 0
0.120056 0
0.0578084 0
0.0740507 0
0.0756272 0
0.0561337 0
0 0
0.092097 0
0.0555374 0
0.0765603 0
0.0785279 0
0.0246998 0
0.109102 0
0.0793198 0
0.0115515 0
0.0116737 0
0.191017 0
0.0785562 0
0.0755255 0
0.4549 0
0.0307148 0
0.104731 0
0.117573 0
0.0850793 0
1.19955 0
0.0593293 0
0.0718409 0
0.0450115 0
0.0454789 0
0.13786 0
0.515769 0
0.0684804 0
0.067511 0
0.0892675 0
1.8034 0
0.158144 0
0.081926 0
0.0519326 0
0.0367051 0
0.43091 0
0.030192 0
0.0596772 0
0.169863 0
0.0303008 0
0.530575 0
0.0608687 0
0.0706249 0
0.0901283 0
0.16184 0
0.0661654 0
0.0646212 0
0.0631993 0
0.0603961 0
2.43126 0
0.0620496 0
0.976025 0
0.0113608 0
0.0851574 0
0.0781804 0
0.041199 0
0.0537258 0
0.660254 0
0.0645108 0
0.0303996 0
0.0463538 0
0.058798 0
0.0636202 0
0.0463891 0
0.0749839 0
0.0492762 0
0.134975 0
0.0712085 0
0.0452311 0
0.720965 0
0.0662441 0
0.430206 0
0.0340127 0
0.123322 0
0.0702561 0
0.0749339 0
0.110012 0
0.0158457 0
0.175471 0
0.0649708 0
0.0606502 0
0.130697 0
0.0151206 0
2.10044 0
0.0381526 0
0.0682727 0
0.0670013 0
0.0550989 0
0.0552075 0
0.155855 0
0.0925957 0
0.0398705 0
0.0613952 0
0.0229364 0
0.249877 0
0.0328461 0
0.0479183 0
0.0773122 0
0.0771771 0
0.0287724 0
0.0929855 0
0.0768657 0
0.0321794 0
0.0120399 0
0.0427242 0
0.105086 0
0.0441343 0
0.0441658 0
0.0978273 0
0.0696467 0
0.0980754 0
0.0795595 0
0.0865769 0
0.0331037 0
0.0294365 0
0.100918 0
4.19969 0
0.115386 0
3.34992 0
0.827105 0
0.0497532 0
0.0403317 0
0.0548197 0
0.0806817 0
0.0680885 0
0.896299 0
0.0807224 0
0.0759111 0
0.0565665 0
3.43916 0
0.220212 0
0.0346441 0
0.0622646 0
0.0611115 0
0.0672967 0
0.118183 0
1.04419 0
0.0331423 0
0.0924579 0
0.0419926 0
0.0266363 0
0.0351548 0
0.0550338 0
0.0762689 0
0.0489357 0
0.0234692 0
0.0783822 0
0.0815556 0
0.101867 0
0.166551 0
0.976914 0
0.0951624 0
0.0392123 0
0.112149 0
0.0445906 0
0.0779379 0
0.0991659 0
1.34738 0
0.0794659 0
0.0645099 0
0.098837 0
1.26358 0
0.075115 0
0.158402 0
0.0575972 0
0.0178785 0
0.101184 0
0.548934 0
0.0534229 0
0.0135211 0
2.72582 0
0.0964427 0
0.0683935 0
0.0410053 0
0.0499316 0
0.076964 0
0.0669948 0
0.0449268 0
0.0560287 0
0.0421985 0
0.0107097 0
0.191885 0
0.0228501 0
0.156915 0
0.0638223 0
0.0224337 0
0.100513 0
0.0820896 0
0.049369 0
0.0824484 0
0.0782342 0
0.0427702 0
0.0644913 0
0.797809 0
0.0267025 0
0.0665357 0
0.128162 0
0.0490694 0
0.0345775 0
0.0173593 0
0.0408401 0
0.304943 0
0.0636678 0
0.0849923 0
0.096404 0
0.0596729 0
0.0570084 0
0.052584 0
0.0835428 0
0.0903021 0
0.0770822 0
0.0559539 0
0.0527553 0
0.205212 0
0.0546948 0
0.0444311 0
0.480628 0
0.0351716 0
0.0447511 0
0.156074 0
0.0733179 0
0.0442371 0
0.0660132 0
1.00123 0
0.0819349 0
0.11361 0
0.0709971 0
0.0477753 0
0.0506998 0
0.0507307 0
0.0118435 0
0.0778993 0
0.0585344 0
0.0415225 0
0.0946237 0
0.0235549 0
0.107843 0
0.0598511 0
0.43402 0
0.0737156 0
0.166346 0
0.0430998 0
0.0367514 0
0.0567124 0
0.0443361 0
0.0330189 0
0.0726962 0
0.0453336 0
0.0147985 0
0.040146 0
0.0103891 0
0.0851565 0
0.094453 0
0.0748004 0
0.449091 0
0.100387 0
0.119749 0
0.0577717 0
3.22577 0
0.105696 0
0.0226319 0
1.64832 0
0.102512 0
0.063175 0
0.0736849 0
0.058625 0
0.0829292 0
0.114167 0
0.103729 0
0.0967564 0
0.0604476 0
0.0145351 0
0.0983416 0
0.0211799 0
0.0408949 0
0.0464077 0
0.0363208 0
0.115178 0
0.0349733 0
0 0
0.0113764 0
0.0782095 0
0.0481156 0
0.760601 0
0.0894974 0
0.0344848 0
0.0585834 0
0.0624275 0
0.111719 0
0.0755092 0
0.058426 0
0.0774549 0
0.0833262 0
0.124708 0
0.12042 0
0.0174468 0
0.0436243 0
0.10093 0
0.869909 0
0.114731 0
0.12838 0
0.0369328 0
0.0484145 0
0.0427469 0
0.117214 0
0 0
0.0478584 0
0.0563487 0
0.0312438 0
5.59187 0
0.0169991 0
0.0417022 0
0.123125 0
0.111226 0
0.0141866 0
0.0526922 0
0.0784768 0
0.1269 0
0.0795178 0
0.133192 0
0.0242636 0
0.0547104 0
0.0993389 0
0.196673 0
1.75445 0
0.0594169 0
0.0681194 0
0.0796672 0
0.279912 0
0.0646498 0
0.114716 0
0.134709 0
0.185074 0
0.0915824 0
0.0760989 0
0.291071 0
0.045984 0
0.318934 0
0.139289 0
0.235717 0
0.048112 0
0.0785294 0
0.0655534 0
0.490199 0
0.121784 0
0.0285688 0
3.27602 0
0.0157136 0
0.125019 0
0.0567087 0
0.0920539 0
0.0479772 0
0.0575375 0
0.0788483 0
0.0444462 0
0.72159 0
0.0907865 0
0.0858832 0
0.0431983 0
0.0959386 0
0.0458064 0
0.0600985 0
0.0555175 0
0.113053 0
0.10257 0
0.0763881 0
0.127237 0
0.0644378 0
0.0567736 0
0.15922 0
0.037666 0
2.41687 0
0.0530795 0
0.134093 0
0.0515899 0
0.0521286 0
0.0756133 0
0.0304232 0
0.0591768 0
0.0583602 0
0.0958212 0
0.0632575 0
0.0505931 0
0.37272 0
0.0738178 0
0.0307362 0
0.076555 0
0.0177888 0
2.80998 0
0.0404109 0
0.106676 0
0.059397 0
0.0563512 0
0.557451 0
2.1768 0
0.0372272 0
0.032988 0
0.0672963 0
0.502265 0
0.110445 0
0.0298373 0
0.19726 0
0.0339508 0
0.0402576 0
0.123175 0
0.121817 0
0.144846 0
0.0866466 0
1.06221 0
0.0563528 0
0.122309 0
0.0321932 0
0.25636 0
0.0617914 0
0.171388 0
0.0665446 0
0.0940157 0
0.0786583 0
0.294971 0
0.35205 0
0.0902505 0
2.96132 0
0.0590422 0
0.0585552 0
0.023702 0
0.0706715 0
0.328845 0
0.0277926 0
0.180246 0
0.0743574 0
0.299024 0
0.648188 0
0.0561585 0
0.0578947 0
0.0235206 0
0.116036 0
0.25629 0
0.0299818 0
0.0901573 0
0.0494592 0
0.060716 0
0.0822434 0
0.0111021 0
0.0215531 0
0.0610753 0
0.0509562 0
0.0978601 0
0.0878049 0
0.0506917 0
0.0464265 0
0.0527744 0
0.0363241 0
