0.576016 1
1.31695 1
1.83744 1
2.61407 1
0.760893 1
0.382121 1
3.20211 1
0.457466 1
0.127855 1
1.56564 1
0.899623 1
0.586342 1
0.981076 1
2.18518 1
2.46868 1
0.548835 1
0.229362 1
0.382169 1
0.686656 1
0.446499 1
4.51631 1
0.330235 1
2.74461 1
0.3522 1
0.152317 1
0.670445 1
0.573893 1
0.368538 1
2.93835 1
0.196636 1
0.189309 1
0.350952 1
0.0815989 1
3.20631 1
1.4264 1
0.128472 1
2.79277 1
1.27068 1
3.52246 1
0.629163 1
0.378025 1
2.56107 1
0.212458 1
2.02873 1
1.16238 1
0.189089 1
0.0448034 1
1.74983 1
1.75391 1
0.516215 1
0.823946 1
0.521856 1
0.645932 1
2.67729 1
0.779109 1
28.2167 1
2.52239 1
0.226763 1
0.965376 1
0.336738 1
1.20261 1
0.218078 1
2.66363 1
2.27583 1
1.01408 1
0.238949 1
1.55186 1
3.03272 1
3.73394 1
1.18355 1
0.272912 1
0.362414 1
2.66119 1
0.121527 1
0.701467 1
1.05855 1
4.39798 1
0.621486 1
0.247213 1
0.225638 1
1.45575 1
0.243738 1
0.663617 1
0.106108 1
0.296788 1
11.0751 1
0.274349 1
0.712553 1
0.253702 1
0.0323774 1
0.297761 1
0.10313 1
4.0567 1
0.556144 1
0.900447 1
0.979354 1
0.332618 1
1.89769 1
17.9322 1
0.489796 1
0.0563098 1
3.16777 1
2.06389 1
0.603821 1
2.6961 1
1.64279 1
0.957607 1
0.244432 1
3.08063 1
0.708483 1
0.19326 1
0.519488 1
1.64856 1
0.211842 1
1.12644 1
0.582513 1
0.0863526 1
1.11257 1
0.180317 1
0.997588 1
0.327487 1
0.102298 1
1.32407 1
0.278212 1
0.861137 1
2.35409 1
1.17273 1
0.252321 1
0.115706 1
1.01253 1
0.508541 1
2.29629 1
0.452499 1
0.228116 1
0.105633 1
1.20053 1
0.0646177 1
2.08273 1
0.415717 1
0.193585 1
10.6782 1
0.28206 1
0.421562 1
1.24138 1
0.992661 1
3.12236 1
0.989066 1
0.343825 1
2.1718 1
3.15146 1
0.276105 1
0.195566 1
0.409529 1
0.799306 1
2.89287 1
0.742301 1
6.31413 1
0.193919 1
0.397007 1
3.92517 1
1.76841 1
0.207901 1
0.883437 1
0.232749 1
5.5237 1
1.30016 1
2.88735 1
1.67034 1
0.106326 1
0.4735 1
1.68396 1
2.02159 1
0.870372 1
2.92634 1
0.633372 1
1.41363 1
1.03672 1
0.721162 1
2.12045 1
0.653328 1
0.193404 1
0.110477 1
0.162539 1
0.277011 1
0.0731066 1
0.871984 1
0.868735 1
0.626557 1
0.944771 1
2.18461 1
4.24731 1
1.1822 1
66.1243 1
0.488096 1
1.39299 1
0.223856 1
0.977432 1
0.281727 1
2.09682 1
1.59524 1
2.13568 1
1.9268 1
0.252582 1
0.423723 1
0.128473 1
1.40936 1
5.66264 1
2.02651 1
0.389221 1
0.654012 1
0.113794 1
0.884513 1
0.546666 1
0.504784 1
0.432734 1
2.13651 1
0.354036 1
0.619071 1
8.65397 1
0.357422 1
2.21441 1
0.220638 1
0.167738 1
0.503404 1
0.0139831 1
0.290963 1
0.175198 1
0.926697 1
0.655132 1
0.60702 1
1.12878 1
1.55094 1
0.22206 1
0.0582756 1
1.064 1
2.74807 1
1.5603 1
1.03591 1
0.221021 1
0.711729 1
0.744226 1
0.896465 1
4.42893 1
72.2649 1
0.207758 1
0.179251 1
0.370956 1
0.167593 1
0.117707 1
0.68997 1
1.96564 1
0.227025 1
0.66471 1
2.46104 1
0.621225 1
2.09571 1
0.20441 1
0.293272 1
2.25273 1
5.5438 1
0.156819 1
0.0775785 1
0.490072 1
0.515131 1
2.04472 1
1.63181 1
1.89538 1
1.45124 1
2.22884 1
1.81169 1
4.50426 1
0.266946 1
0.566238 1
5.20586 1
0.103263 1
0.98835 1
0.0222473 1
0.918235 1
3.27057 1
3.21116 1
0.393415 1
0.0949491 1
3.13164 1
0.283965 1
1.48918 1
0.452952 1
0.764636 1
1.23908 1
2.24961 1
1.93292 1
0.674269 1
1.54007 1
1.0032 1
0.605359 1
0.0929499 1
0.233318 1
2.60859 1
0.291139 1
2.73796 1
0.780315 1
0.727251 1
0.556405 1
0.567284 1
0.801005 1
1.38843 1
1.73881 1
5.37244 1
0.416653 1
1.69082 1
0.436768 1
1.22792 1
0.333753 1
1.08288 1
0.265361 1
0.406817 1
0.593327 1
1.15445 1
0.344385 1
1.84958 1
0.321393 1
3.56865 1
0.895822 1
0.518086 1
0.32689 1
0.148802 1
0.0445945 1
1.74204 1
0.529099 1
1.06233 1
0.321691 1
2.17612 1
0.261509 1
0.441604 1
1.09515 1
0.410354 1
0.410027 1
0.965753 1
1.17504 1
0.95396 1
0.673342 1
4.30572 1
1.19578 1
6.26928 1
2.26049 1
0.172726 1
2.46105 1
2.97451 1
0.520655 1
0.358692 1
0.974956 1
1.25855 1
1.61557 1
1.47551 1
1.49242 1
0.804428 1
0.316271 1
4.60888 1
3.58384 1
2.245 1
0.473327 1
0.460075 1
3.65039 1
1.51518 1
0.423171 1
0.88919 1
2.13955 1
0.280912 1
0.149721 1
0.174759 1
1.17306 1
1.08806 1
0.779761 1
0.548762 1
0.276965 1
1.89915 1
0.71789 1
0.432315 1
0.0354416 1
1.58228 1
0.0492045 1
0.0781287 1
0.934563 1
0.460489 1
2.96229 1
4.13597 1
0.42748 1
0.722481 1
0.152114 1
3.65812 1
0.655662 1
0.559298 1
0.503681 1
0.30413 1
0.367239 1
2.43149 1
0.372317 1
0.0941642 1
2.65304 1
3.43979 1
0.427807 1
1.84624 1
3.15357 1
1.30767 1
4.55488 1
4.58405 1
0.44367 1
3.12376 1
0.7589 1
0.613421 1
6.02229 1
0.263849 1
1.17475 1
1.94063 1
0.348199 1
0.204579 1
2.98024 1
0.225046 1
0.188964 1
2.3392 1
4.98645 1
1.41866 1
0.887202 1
0.367774 1
20.0379 1
1.92099 1
0.816267 1
0.209402 1
3.87576 1
0.432009 1
0.73023 1
0.328004 1
0.244528 1
5.72556 1
1.03586 1
0.541607 1
0.900966 1
2.83551 1
0.130038 1
0.113577 1
0.366129 1
0.887447 1
1.32487 1
0.0233706 1
0.796695 1
0.38072 1
0.127865 1
4.15197 1
0.206796 1
0.817418 1
0.173143 1
1.52913 1
0.1294 1
0.388472 1
0.101985 1
0.544697 1
0.135202 1
0.957209 1
0.237959 1
2.73932 1
0.77013 1
0.992753 1
1.97081 1
1.34831 1
0.134479 1
0.202075 1
0.528944 1
1.48603 1
1.07355 1
2.54044 1
4.09838 1
0.371785 1
0.583493 1
1.16844 1
1.24618 1
0.226364 1
3.07049 1
2.44954 1
0.95036 1
0.129757 1
0.505897 1
1.56507 1
0.917384 1
0.0680892 1
0.674577 1
0.834709 1
1.9172 1
1.47271 1
1.02185 1
0.69814 1
0.398752 1
0.795286 1
0.516637 1
0.490299 1
0.190751 1
2.92484 1
3.35156 1
0.834625 1
0.378423 1
1.62911 1
4.07863 1
0.222637 1
0.703285 1
0.924013 1
1.45666 1
5.25757 1
1.63562 1
0.369606 1
0.13841 1
0.217844 1
0.311476 1
2.92345 1
0.887339 1
0.21262 1
2.1846 1
0.447433 1
0.869884 1
2.75466 1
0.710829 1
0.234506 1
1.23713 1
6.08914 1
0.395266 1
0.433239 1
1.52048 1
0.157627 1
0.17767 1
0.651446 1
0.35683 1
0.896949 1
1.19274 1
0.483794 1
0.436834 1
4.1392 1
0.578271 1
1.85429 1
0.226057 1
3.1574 1
1.92725 1
2.42239 1
0.837914 1
0.31021 1
0.422131 1
0.456148 1
0.0422006 1
0.375381 1
0.374721 1
1.20929 1
1.45253 1
0.173692 1
0.932059 1
0.0948735 1
0.429208 1
0.434571 1
0.289265 1
0.637238 1
0.563912 1
0.442147 1
1.70643 1
0.947375 1
0.360651 1
1.0206 1
0.283954 1
0.143038 1
0.17276 1
3.16858 1
0.273445 1
2.79121 1
1.5607 1
0.51815 1
1.05708 1
0.208408 1
0.667543 1
3.00806 1
0.860248 1
1.1144 1
0.142568 1
1.11247 1
0.280651 1
0.787556 1
1.22028 1
0.15757 1
0.575291 1
1.19379 1
0.143249 1
2.03838 1
0.634224 1
0.48568 1
0.510604 1
2.2773 1
0.89052 1
2.20926 1
0.426378 1
3.03623 1
2.00951 1
0.294825 1
2.36749 1
0.577485 1
1.40454 1
0.150169 1
0.00613183 1
0.425205 1
0.559623 1
0.287163 1
0.663118 1
2.37013 1
0.92357 1
0.65931 1
1.34337 1
2.63074 1
0.93076 1
1.07241 1
1.58052 1
1.23567 1
0.542011 1
0.137176 1
0.410131 1
3.06747 1
1.23252 1
1.30492 1
6.88323 1
0.0759021 1
0.909658 1
75.5806 1
0.891865 1
1.32961 1
0.289104 1
0.261594 1
0.567789 1
1.14694 1
1.22873 1
2.69864 1
1.2696 1
0.632975 1
0.124112 1
1.38083 1
1.45406 1
1.45838 1
0.860509 1
1.15857 1
0.0943604 1
2.66409 1
3.76236 1
2.65927 1
8.40208 1
1.83495 1
0.931287 1
0.250387 1
0.207992 1
0.635577 1
0.372463 1
0.178097 1
1.39773 1
0.763899 1
1.60852 1
1.31376 1
1.9778 1
0.378236 1
2.84946 1
0.871463 1
0.3653 1
2.06205 1
2.25891 1
1.03524 1
1.01688 1
1.44295 1
0.37955 1
0.581556 1
0.432618 1
0.786011 1
0.20465 1
0.327909 1
0.317059 1
0.450827 1
0.556898 1
1.77485 1
0.533438 1
3.69892 1
0.5948 1
1.80681 1
1.30549 1
0.454268 1
0.173183 1
0.268248 1
0.674788 1
0.661579 1
0.435641 1
2.76005 1
2.33195 1
2.61251 1
0.140654 1
0.922875 1
0.855786 1
0.470038 1
2.35713 1
2.00874 1
1.02768 1
0.933794 1
13.2653 1
2.66351 1
0.431174 1
0.214543 1
0.51159 1
1.96928 1
1.32572 1
0.461829 1
1.33367 1
0.484898 1
0.343602 1
0.463097 1
3.32581 1
4.52319 1
0.570298 1
2.38469 1
1.14396 1
1.8753 1
0.894953 1
0.295339 1
0.483669 1
0.490477 1
1.67059 1
1.9699 1
0.765245 1
0.789163 1
1.20083 1
0.864953 1
0.163457 1
0.438188 1
1.97653 1
0.62698 1
0.891341 1
1.81982 1
0.139649 1
1.40043 1
0.52557 1
0.77054 1
0.133351 1
0.178391 1
0.710358 1
0.133894 1
1.35418 1
2.58869 1
0.51506 1
0.454152 1
1.40439 1
1.70317 1
0.111722 1
0.106416 1
1.75033 1
1.28366 1
0.66671 1
5.01327 1
0.197077 1
1.01155 1
0.334973 1
0.940262 1
0.125177 1
0.378715 1
1.95151 1
0.365116 1
1.69806 1
0.237298 1
1.19538 1
0.896428 1
1.21565 1
25.5521 1
1.25159 1
0.489668 1
1.52092 1
1.0905 1
0.663649 1
2.69625 1
1.88523 1
0.257931 1
3.8304 1
2.98804 1
0.283489 1
0.27854 1
0.0508253 1
1.60889 1
1.20134 1
3.63565 1
0.226322 1
0.095629 1
3.26836 1
4.2417 1
2.41372 1
0.239338 1
0.197853 1
1.89525 1
0.181281 1
0.503571 1
1.76549 1
2.37289 1
4.82196 1
1.30376 1
0.59499 1
0.442637 1
1.94169 1
0.646335 1
1.94013 1
1.02449 1
2.65515 1
2.85757 1
0.182691 1
1.6065 1
0.469453 1
0.2551 1
0.700727 1
1.65346 1
0.365017 1
2.8763 1
7.02907 1
0.830403 1
0.612655 1
0.0809599 1
0.762204 1
2.01333 1
0.696254 1
0.134109 1
4.43133 1
0.166343 1
0.916317 1
3.78819 1
0.356367 1
0.457289 1
1.79046 1
0.214208 1
0.170782 1
1.181 1
1.99892 1
0.14795 1
0.893395 1
0.0990891 1
0.367518 1
0.9063 1
0.174408 1
0.845646 1
1.35436 1
3.87147 1
1.61713 1
0.331935 1
1.36554 1
0.0482878 1
0.493001 1
0.622919 1
0.603265 1
0.547128 1
1.00382 1
3.11991 1
2.28346 1
0.18426 1
0.409156 1
0.166347 1
0.478101 1
0.876333 1
1.68886 1
2.06077 1
0.83044 1
1.15732 1
0.164416 1
0.416683 1
0.214174 1
0.312558 1
0.173078 1
0.181049 1
3.48575 1
2.81876 1
1.51321 1
0.25389 1
0.652059 1
2.63413 1
1.00621 1
0.18267 1
1.63558 1
7.0627 1
5.47932 1
1.13455 1
1.45214 1
0.209965 1
0.845508 1
0.192054 1
1.40324 1
0.330202 1
0.310529 1
0.273633 1
1.24518 1
1.64672 1
0.697135 1
0.235301 1
1.66818 1
0.384621 1
1.63255 1
1.58934 1
0.0844174 1
1.01033 1
0.608114 1
1.85159 1
0.187711 1
0.908182 1
2.41272 1
2.21684 1
1.54329 1
0.547315 1
0.364671 1
1.3068 1
0.761919 1
1.1284 1
0.704729 1
0.0874034 1
0.789293 1
0.628744 1
4.03382 1
0.454918 1
0.378692 1
0.281581 1
2.46812 1
5.16309 1
0.731253 1
2.57454 1
0.883387 1
0.0312174 1
4.02153 1
1.21872 1
0.733247 1
5.36696 1
0.177169 1
0.325744 1
0.743519 1
2.04571 1
0.210236 1
0.476741 1
0.140141 1
3.83714 1
0.174607 1
1.74648 1
0.96113 1
1.3692 1
0.204333 1
1.17178 1
1.27068 1
0.216087 1
0.436958 1
1.97495 1
1.56168 1
0.194181 1
0.523097 1
2.80053 1
0.149671 1
0.622663 1
3.22992 1
0.441235 1
3.77215 1
1.59275 1
0.205942 1
1.67607 1
1.40643 1
0.336803 1
1.2745 1
0.817611 1
1.76426 1
0.962669 1
0.208647 1
0.495228 1
0.174889 1
0.196394 1
1.84809 1
0.358229 1
0.647843 1
0.490651 1
1.11693 1
0.635909 1
2.79013 1
0.698754 1
1.17043 1
1.22643 1
1.05027 1
0.184617 1
1.4362 1
0.262856 1
0.206478 1
0.106671 1
5.97712 1
0.297268 1
0.897813 1
0.232088 1
2.0327 1
0.358394 1
0.129341 1
0.970658 1
0.723577 1
0.663896 1
1.67998 1
1.93659 1
2.76773 1
1.34358 1
1.08091 1
2.17368 1
0.108746 1
0.128142 1
4.81242 1
2.49652 1
0.621508 1
0.490943 1
1.06913 1
0.366829 1
0.658247 1
0.834093 1
0.949671 1
3.42802 1
0.269807 1
2.6512 1
0.10999 1
0.966723 1
0.0822612 1
1.17794 1
0.22671 1
0.474748 1
0.294012 1
2.49056 1
0.746312 1
0.602149 1
1.45547 1
4.17875 1
0.829661 1
0.540206 1
7.53259 1
0.621543 1
2.52109 1
0.485521 1
1.62429 1
0.140748 1
0.382341 1
0.260947 1
0.698816 1
0.174888 1
0.354886 1
1.80087 1
2.99924 1
0.247887 1
2.97368 1
0.332211 1
1.48511 1
3.0797 1
0.271265 1
1.24027 1
0.47463 1
0.161982 1
0.661471 1
1.76159 1
0.216042 1
0.253428 1
1.64266 1
0.123424 1
13.9312 1
0.658021 1
0.450455 1
0.103935 1
2.26909 1
1.34236 1
1.43165 1
0.37848 1
1.00626 1
1.11592 1
1.40978 1
0.148381 1
1.07313 1
0.0952351 1
2.59614 1
0.75493 1
0.43313 1
1.65672 1
1.4128 1
2.79706 1
0.64723 1
2.80682 1
0.622346 1
0.917821 1
0.225293 1
1.85908 1
1.10718 1
6.64429 1
0.412906 1
4.78074 1
0.962604 1
1.61257 1
0.631831 1
1.20598 1
0.232087 1
1.64051 1
1.1607 1
0.15523 0
0.249476 0
0.185089 0
0.0768794 0
1.89746 0
0.660849 0
1.19097 0
0.109946 0
0.284614 0
1.25683 0
0.413095 0
0.948794 0
0.357095 0
0.862555 0
1.15399 0
1.49801 0
0.376347 0
0.81358 0
3.61564 0
0.320706 0
0.302682 0
0.177495 0
0.103455 0
0.255183 0
0.729593 0
0.890693 0
0.44296 0
0.491375 0
1.45094 0
0.170226 0
0.322733 0
1.87432 0
4.97028 0
0.256577 0
0.33008 0
0.845882 0
0.445599 0
3.08426 0
0.151272 0
1.58733 0
0.100903 0
0.271882 0
0.352736 0
0.211299 0
0.443149 0
0.179556 0
0.295964 0
0.68081 0
2.41947 0
0.278008 0
0.347003 0
0.483911 0
0.231578 0
6.23524 0
0.393319 0
0.607033 0
0.366132 0
0.218015 0
4.02547 0
0.161571 0
0.828302 0
0.813638 0
0.40424 0
0.194822 0
0.767612 0
3.61934 0
0.18482 0
5.88513 0
5.41811 0
0.24745 0
7.683 0
0.13918 0
2.57228 0
1.63665 0
0.732889 0
0.0382684 0
0.340361 0
0.999133 0
0.127036 0
0.450641 0
0.0495146 0
1.36608 0
2.58897 0
0.0559399 0
6.15555 0
0.475726 0
0.418165 0
0.13139 0
1.72829 0
0.138307 0
0.360369 0
1.97038 0
0.221435 0
0.913401 0
0.13052 0
0.263032 0
0.403824 0
2.00153 0
0.880114 0
1.50173 0
0.914225 0
0.100938 0
1.50008 0
0.672205 0
1.9032 0
0.115472 0
0.928014 0
0.161966 0
0.096087 0
0.37719 0
0.899865 0
0.973622 0
0.366243 0
1.6012 0
2.86768 0
1.84987 0
0.358322 0
0.220243 0
0.155323 0
0.249908 0
0.968294 0
0.407015 0
2.94772 0
0.360113 0
0.00965264 0
0.0690733 0
0.678192 0
0.38652 0
0.750961 0
0.257966 0
0.110419 0
0.420843 0
0.340766 0
1.46005 0
1.22101 0
0.15564 0
0.133387 0
2.68974 0
1.4741 0
0.372697 0
0.477715 0
2.45687 0
2.66482 0
1.42739 0
2.00186 0
0.551748 0
0.359534 0
3.01729 0
0.128558 0
1.83553 0
0.102316 0
0.784083 0
0.101753 0
2.83759 0
0.704964 0
0.614974 0
0.154608 0
0.00279218 0
0.178516 0
0.211228 0
1.32043 0
0.136399 0
1.56816 0
0.100684 0
0.462156 0
2.87672 0
0.218039 0
0.395634 0
0.0550129 0
0.177189 0
0.123496 0
0.324495 0
0.244005 0
0.639533 0
2.43735 0
0.137074 0
0.714564 0
0.202008 0
1.15338 0
0.151226 0
1.76869 0
0.913939 0
0.235448 0
0.351266 0
0.409271 0
0.752286 0
0.111805 0
0.654109 0
0.150495 0
1.9644 0
0.392105 0
0.12814 0
1.81747 0
0.687204 0
0.141661 0
3.2204 0
0.229076 0
1.03117 0
3.53412 0
2.71606 0
3.82721 0
0.741191 0
4.50246 0
0.659334 0
0.0948356 0
0.136915 0
1.57991 0
0.166234 0
0.202966 0
0.260113 0
4.06657 0
0.201267 0
1.82181 0
0.768408 0
6.25254 0
1.63582 0
0.200689 0
0.228893 0
0.0633305 0
0.651795 0
0.224335 0
3.09444 0
2.36254 0
1.11719 0
0.273812 0
0.191936 0
0.501947 0
1.09373 0
0.19528 0
0.194339 0
0.240363 0
1.25129 0
0.30896 0
0.295858 0
0.193237 0
0.248665 0
1.15988 0
0.447563 0
0.274124 0
0.157948 0
0.221208 0
0.177187 0
0.602234 0
1.38547 0
0.101714 0
8.58666 0
0.771619 0
1.0136 0
0.169677 0
0.165127 0
0.149214 0
2.61983 0
1.70244 0
0.900707 0
1.21456 0
0.615239 0
4.06324 0
0.236609 0
0.232503 0
0.836194 0
2.97581 0
0.805561 0
0.320244 0
0.815612 0
0.303394 0
1.91273 0
0.417933 0
1.00735 0
1.95874 0
0.944798 0
0.461015 0
0.404979 0
0.410054 0
1.98628 0
0.242473 0
0.0629479 0
0.197834 0
0.0831676 0
1.12849 0
1.95627 0
1.24855 0
0.202719 0
0.320648 0
0.273197 0
0.851066 0
0.865176 0
0.0191564 0
3.78678 0
1.07849 0
0.555462 0
0.36863 0
0.554201 0
0.321592 0
1.41051 0
2.8558 0
0.0803872 0
4.87471 0
0.125055 0
1.68295 0
0.872516 0
4.70437 0
0.336478 0
0.271351 0
0.306979 0
0.889429 0
0.567452 0
0.188491 0
0.390962 0
0.956157 0
0.698668 0
0.795655 0
0.0790563 0
0.683027 0
1.01882 0
1.18092 0
2.50328 0
0.195009 0
1.74481 0
1.28084 0
0.187538 0
0.266875 0
0.348321 0
0.431047 0
0.0675705 0
1.81529 0
2.98415 0
1.11045 0
0.498974 0
0.266045 0
2.61768 0
0.863174 0
0.779783 0
1.11432 0
0.465963 0
0.134714 0
1.72105 0
2.13011 0
0.0712556 0
0.180135 0
0.675423 0
0.324329 0
0.0973199 0
9.72242 0
1.12762 0
0.615229 0
0.283398 0
1.20719 0
0.47537 0
0.134895 0
0.444776 0
1.32091 0
0.189949 0
0.313882 0
0.156649 0
0.0434461 0
0.173805 0
0.135687 0
1.31738 0
0.0315764 0
3.67997 0
0.789317 0
0.14807 0
0.448753 0
0.374638 0
1.08403 0
0.650637 0
0.919011 0
1.6919 0
0.305765 0
0.430606 0
6.14719 0
0.924297 0
1.05721 0
0.169861 0
0.311468 0
0.618319 0
0.440756 0
0.695208 0
0.449225 0
0.563978 0
0.171989 0
0.213493 0
0.181738 0
0.715921 0
4.67218 0
0.836555 0
0.594124 0
0.27844 0
0.0694302 0
0.0854701 0
2.84572 0
0.153981 0
1.17538 0
0.760584 0
0.192063 0
0.168344 0
0.119639 0
0.564555 0
0.0906762 0
0.537851 0
0.269938 0
0.243695 0
0.190428 0
1.09464 0
0.215184 0
1.35929 0
2.37637 0
0.532986 0
3.97566 0
0.636925 0
0.759398 0
0.443192 0
0.075498 0
0.0833071 0
1.09379 0
0.335134 0
0.27292 0
0.967639 0
0.243458 0
2.66594 0
0.484446 0
1.99171 0
0.598897 0
0.0741785 0
0.517075 0
0.112778 0
0.398649 0
1.51918 0
0.374346 0
2.18712 0
0.190726 0
0.0744808 0
0.388305 0
0.124806 0
0.42472 0
1.24594 0
1.05078 0
0.10928 0
0.571843 0
0.0116578 0
0.974406 0
0.256901 0
1.11085 0
0.185227 0
0.18983 0
0.320816 0
2.76674 0
2.11111 0
0.265083 0
0.162416 0
1.42805 0
0.0557984 0
0.629617 0
1.00744 0
0 0
2.11728 0
0.143952 0
0.280162 0
0.309633 0
0.333201 0
0.61524 0
0.497084 0
0.276348 0
0.148188 0
0.174381 0
0.0267972 0
0.404047 0
0.185761 0
1.36108 0
0.795576 0
0.40787 0
0.0348209 0
0.69722 0
1.04523 0
0.77887 0
1.17958 0
2.75248 0
0.494585 0
2.9204 0
0.181291 0
0.235673 0
0.801696 0
0.579078 0
0.120606 0
0.393441 0
1.5513 0
0.361102 0
0.476507 0
1.19201 0
1.45294 0
0.338609 0
0.241061 0
0.608664 0
0.209046 0
1.02639 0
1.42706 0
0.349926 0
0.338169 0
0.459015 0
0.629602 0
1.19253 0
1.20856 0
0.226574 0
0.339891 0
0.845647 0
0.215419 0
0.986777 0
0.381252 0
0.907852 0
1.23421 0
0.234351 0
0.881048 0
1.82214 0
0.150406 0
0.401308 0
0.800184 0
0.27547 0
2.44693 0
1.19967 0
0.179546 0
0.129839 0
0.571584 0
0.469904 0
0.1477 0
0.991876 0
5.68157 0
2.38214 0
0.432811 0
0.132517 0
2.46803 0
0.333962 0
0.560457 0
0.428368 0
0.809783 0
0.477088 0
1.66406 0
0.347015 0
0.152464 0
0.289025 0
1.30385 0
0.318441 0
2.26896 0
0.450186 0
0.330401 0
0.186806 0
0.217944 0
0.920791 0
3.25388 0
1.79242 0
0.107692 0
2.22022 0
1.27541 0
5.51912 0
0.110788 0
2.7884 0
0.172763 0
0.585367 0
1.26973 0
0.313766 0
0.821965 0
0.13508 0
0.83069 0
0.274759 0
0.826667 0
1.75478 0
0.301234 0
0.412565 0
1.63663 0
0.434673 0
0.466328 0
0.102883 0
0.243859 0
0.307385 0
0.566923 0
2.06851 0
0.264553 0
0.506793 0
1.76498 0
0.316487 0
0.16247 0
0.122131 0
0.180558 0
1.03884 0
0.16483 0
0.948009 0
2.68855 0
0.285898 0
1.06691 0
0.0851132 0
0.406099 0
0.211513 0
0.717022 0
0.311008 0
0.229555 0
0.108124 0
0.0522075 0
0.22872 0
0.261122 0
0.323444 0
0.340413 0
0.177206 0
0.793118 0
1.03181 0
1.85294 0
0.372539 0
0.410232 0
0.749594 0
0.504697 0
3.26468 0
1.52058 0
0.897139 0
0.527769 0
0.106931 0
0.970821 0
1.07177 0
0.698937 0
0.448872 0
0.523317 0
1.24978 0
0.357989 0
0.16215 0
0.833924 0
4.89442 0
0.0626747 0
0.281126 0
0.375693 0
0.400631 0
0.297 0
0.904586 0
1.66235 0
0.176371 0
0.28674 0
1.17783 0
0.434741 0
0.64305 0
0.569397 0
0.37586 0
1.6464 0
1.53058 0
0.364712 0
0.344245 0
0.128119 0
0.26546 0
0.348707 0
0.228905 0
0.303305 0
2.01896 0
1.9108 0
0.630597 0
0.181492 0
1.88898 0
0.122714 0
0.435162 0
0.247424 0
0.140638 0
0.236325 0
1.4733 0
0.302412 0
0.641481 0
0.0990118 0
0.217815 0
0.802367 0
0.231824 0
0.202263 0
0.168472 0
0.198049 0
0.736087 0
1.17167 0
0.169528 0
0.266901 0
0.167854 0
0.324994 0
1.17306 0
0.101986 0
0.610474 0
0.227423 0
0.361282 0
0.945455 0
0.398384 0
4.40697 0
0.835718 0
0.206616 0
3.09148 0
0.286848 0
0.678873 0
0.808432 0
1.0924 0
0.184 0
0.38911 0
2.45309 0
0.498341 0
0.156724 0
0.929375 0
0.513066 0
0.158371 0
0.401519 0
1.14414 0
0.163503 0
0.115082 0
0.63333 0
1.0506 0
0.556317 0
0.0703455 0
0.074721 0
4.00619 0
0.208139 0
0.41022 0
0.228876 0
0.535171 0
1.53751 0
0.231379 0
0.0615009 0
0.619731 0
0.17975 0
0.103456 0
0.911276 0
0.322104 0
0.236637 0
1.99212 0
0.147884 0
0.122417 0
0.737477 0
0.793179 0
0.207847 0
0.885676 0
0.818339 0
0.0305519 0
1.04679 0
0.583412 0
0.897171 0
0.420501 0
0.172778 0
0.274352 0
0.225371 0
0.116541 0
0.672181 0
0.730031 0
2.00891 0
0.224005 0
0.820932 0
0.0608376 0
1.03653 0
0.895449 0
0.12008 0
1.92751 0
0.17015 0
0.168461 0
1.71279 0
0.308074 0
0.130107 0
1.82801 0
0.246058 0
0.477795 0
0.0502175 0
1.36106 0
0.103965 0
0.130343 0
1.08884 0
0.473659 0
0.0987114 0
0.182887 0
3.4942 0
0.476244 0
0.0603964 0
0.0930886 0
2.21547 0
0.523175 0
0.0859038 0
0.0312984 0
1.56424 0
0.624992 0
1.16947 0
0.320808 0
2.07227 0
0.344176 0
0.233659 0
0.647564 0
0.414815 0
0.727269 0
1.43897 0
0.136009 0
0.525594 0
0.13158 0
0.723608 0
1.35712 0
0.323943 0
0.639483 0
1.35691 0
0.239512 0
7.9738 0
0.109579 0
0.198334 0
0.613197 0
4.02109 0
3.0429 0
0.496479 0
1.12349 0
1.14931 0
0.368704 0
0.105849 0
4.23035 0
0.313009 0
0.536772 0
0.29761 0
2.72571 0
0.210135 0
1.79855 0
0.681751 0
0.377606 0
0.967591 0
0.130509 0
0.271427 0
0.10326 0
0.134958 0
0.158582 0
0.3173 0
3.52286 0
0.130247 0
0.382163 0
1.79575 0
0.0122837 0
0.241387 0
0.200739 0
0.44835 0
0.520659 0
0.0501603 0
0.570139 0
0.142594 0
0.239244 0
0.448435 0
0.0769048 0
0.661582 0
1.28663 0
0.858921 0
0.168001 0
1.12851 0
0.10875 0
0.532338 0
1.34733 0
1.25589 0
0.920705 0
0.167484 0
1.67715 0
0.869119 0
0.511682 0
0.707158 0
0.922061 0
0.158277 0
0.207142 0
2.3462 0
0.0296 0
0.631431 0
0.43138 0
0.689924 0
0.964418 0
2.08761 0
1.57392 0
2.18996 0
0.301038 0
0.17659 0
0.643639 0
0.206077 0
0.0827608 0
0.431703 0
0.373617 0
0.244333 0
1.43815 0
0.246808 0
1.20498 0
0.872838 0
0.193687 0
2.33612 0
0.625038 0
0.0375366 0
0.0968658 0
0.0450261 0
1.30938 0
0.463984 0
0.112873 0
1.1972 0
0.491699 0
0.15483 0
0.128825 0
0.264697 0
0.179576 0
0.466537 0
1.39046 0
0.157341 0
2.39711 0
0.905026 0
2.00356 0
0.551069 0
1.08371 0
2.8117 0
2.28283 0
0.607009 0
0.190007 0
0.414999 0
0.219975 0
0.212439 0
4.85262 0
0.291921 0
1.32768 0
0.209181 0
2.10232 0
0.146636 0
0.329504 0
0.368932 0
0.113479 0
0.320136 0
0.617396 0
0.460821 0
0.480543 0
0.273942 0
0.154521 0
0.14175 0
1.52995 0
3.56098 0
0.0547133 0
2.2123 0
0.340394 0
1.51211 0
0.656253 0
0.372371 0
0.283909 0
0.212358 0
0.303059 0
0.351391 0
0.411095 0
0.46709 0
1.34304 0
0.133406 0
0.326854 0
0.277486 0
0.0645179 0
0.268601 0
0.206508 0
0.422061 0
0.108822 0
1.3411 0
0.633651 0
1.39311 0
0.352809 0
0.114845 0
1.19056 0
0.340281 0
0.602394 0
1.24139 0
1.28631 0
0.879069 0
0.355718 0
0.586094 0
0.0837403 0
1.69449 0
1.06091 0
2.75687 0
0.174119 0
0.361042 0
1.09897 0
0.0354702 0
0.120621 0
0.142655 0
0.219644 0
0.32015 0
0.362843 0
0.564172 0
0.100277 0
0.157089 0
0.573212 0
0.507619 0
0.815093 0
0.604561 0
0.203347 0
1.00771 0
0.99462 0
0.472154 0
1.67994 0
0.430412 0
0.0757977 0
0.829587 0
0.152153 0
0.533508 0
0.676441 0
0.305145 0
0.0668321 0
0.459448 0
0.839187 0
2.30994 0
0.180924 0
0.287368 0
0.585404 0
0.763374 0
0.840453 0
0.0738921 0
0.576808 0
0.166018 0
0.206516 0
0.509893 0
0.113723 0
3.06852 0
0.396702 0
0.302011 0
0.185512 0
0.181835 0
0.28861 0
0.168986 0
0.172034 0
0.27665 0
0.699884 0
0.3465 0
1.75174 0
0.157934 0
0.585624 0
0.381876 0
0.149965 0
0.220595 0
0.390218 0
0.725171 0
0.917282 0
0.380294 0
0.0416788 0
0.363912 0
0.375915 0
0.9528 0
0.930775 0
0.434558 0
0.0806181 0
2.92506 0
1.24727 0
0.826518 0
0.327106 0
1.41476 0
5.40756 0
0.410396 0
0.529835 0
0.25188 0
0.13605 0
2.27886 0
0.340688 0
0.370819 0
2.15033 0
0.519857 0
0.771812 0
0.893074 0
1.31913 0
0.776259 0
0.82808 0
0.292028 0
0.685223 0
0.338738 0
3.0798 0
0.121049 0
2.55246 0
0.179252 0
1.3087 0
0.60292 0
3.30453 0
0.399663 0
0.145064 0
2.12466 0
0.418236 0
0.251921 0
2.03004 0
2.11969 0
0.498732 0
0.236027 0
0.632841 0
0.12098 0
0.561093 0
0.861269 0
2.02198 0
4.39135 0
0.0996013 0
0.103056 0
0.172875 0
0.117259 0
0.265834 0
0.469126 0
2.85169 0
0.454976 0
0.0333064 0
1.31276 0
0.148588 0
0.0355581 0
0.177328 0
0.945204 0
0.299408 0
0.0753286 0
0.524899 0
0.406742 0
