0.397286 1
2.00116 1
8.97987 1
0.671772 1
1.56469 1
1.91614 1
0.103427 1
0.727703 1
0.222088 1
0.0905412 1
2.18831 1
1.14287 1
0.261446 1
2.62502 1
0.307969 1
2.31584 1
0.289792 1
4.00631 1
1.6412 1
0.262042 1
0.412316 1
1.35084 1
0.178901 1
0.152904 1
2.43868 1
0.172274 1
0.604711 1
3.69716 1
0.859795 1
0.568668 1
0.17383 1
1.49759 1
3.87112 1
0.193214 1
0.404679 1
9.48247 1
0.334976 1
0.184963 1
0.438685 1
0.73872 1
9.87131 1
2.21377 1
0.361018 1
2.83668 1
3.89007 1
0.105499 1
3.61405 1
1.02857 1
1.00378 1
1.03136 1
0.320314 1
0.674448 1
0.800224 1
3.14283 1
0.360194 1
1.20191 1
0.319444 1
3.8058 1
0.395251 1
1.63892 1
0.381143 1
2.64257 1
1.25523 1
0.846788 1
3.33043 1
0.864067 1
2.79678 1
1.996 1
0.107888 1
1.67218 1
0.218612 1
0.758572 1
1.21816 1
0.825697 1
0.660965 1
0.0285251 1
0.211945 1
1.06403 1
2.49383 1
0.194366 1
1.50978 1
0.0940638 1
0.155896 1
0.184538 1
0.290026 1
0.518716 1
1.40951 1
2.68892 1
0.170089 1
2.9146 1
4.36928 1
0.224398 1
1.39535 1
0.496461 1
3.43636 1
1.50395 1
4.12209 1
0.804193 1
0.419071 1
0.158814 1
3.50381 1
0.109161 1
6.68848 1
0.208345 1
1.10737 1
1.68014 1
1.01142 1
1.75789 1
1.04547 1
0.338946 1
1.35764 1
0.158229 1
0.309972 1
0.514986 1
0.117694 1
0.125731 1
1.40016 1
0.802186 1
0.171787 1
0.911852 1
0.220374 1
0.13979 1
2.09718 1
1.35419 1
4.88579 1
1.66212 1
1.59402 1
1.88146 1
0.52007 1
0.132805 1
0.736671 1
1.70403 1
3.98464 1
2.96439 1
1.04917 1
0.167826 1
0.154587 1
19.2959 1
0.194237 1
0.559469 1
0.174343 1
3.06925 1
1.91346 1
0.349641 1
1.53123 1
0.0746644 1
1.34629 1
0.559785 1
0.213672 1
0.668607 1
1.451 1
1.27743 1
1.13942 1
0.442325 1
0.746562 1
0.0911211 1
3.72734 1
0.743602 1
0.583574 1
1.78766 1
52.6743 1
0.34763 1
0.907661 1
1.29573 1
0.271835 1
0.343324 1
0.111479 1
2.17856 1
3.17357 1
0.00976168 1
0.120359 1
1.32387 1
1.71213 1
0.770367 1
0.335362 1
0.836437 1
3.04783 1
1.58502 1
0.121712 1
2.24459 1
1.23476 1
0.184784 1
0.893448 1
2.74911 1
0.440903 1
0.405928 1
2.95798 1
0.898868 1
5.53363 1
0.134634 1
0.289452 1
0.191196 1
0.77896 1
0.663576 1
0.320031 1
3.81373 1
1.65099 1
0.703835 1
0.142038 1
0.295872 1
0.987451 1
0.408494 1
0.362572 1
2.13734 1
2.52464 1
0.214665 1
1.7193 1
1.22126 1
1.86476 1
0.123878 1
1.03694 1
0.136294 1
0.146713 1
1.40803 1
1.69121 1
0.693123 1
1.17064 1
1.74076 1
0.565492 1
1.10159 1
3.05997 1
0.438041 1
1.93233 1
0.645992 1
0.427566 1
1.15658 1
0.312845 1
0.494113 1
0.722876 1
1.6667 1
0.579255 1
0.113335 1
0.255395 1
0.218822 1
1.29418 1
0.264154 1
0.770488 1
1.83626 1
1.16325 1
0.585449 1
0.515776 1
0.750444 1
0.140874 1
2.50853 1
1.35758 1
1.15818 1
0.258567 1
0.12906 1
0.832346 1
2.05049 1
0.440079 1
0.809984 1
0.768588 1
1.17289 1
0.619947 1
0.350089 1
1.56471 1
0.535657 1
3.51155 1
1.83081 1
0.2438 1
0.428137 1
4.32221 1
0.190196 1
0.70471 1
0.123625 1
0.962788 1
2.45759 1
0.921787 1
3.81715 1
0.766333 1
1.46235 1
0.176604 1
2.35268 1
1.49935 1
0.667055 1
0.410425 1
0.234589 1
3.6351 1
2.65863 1
0.0889518 1
0.282344 1
1.9314 1
0.362118 1
0.872401 1
0.186482 1
1.28029 1
0.862714 1
0.892826 1
0.347389 1
1.46206 1
2.75956 1
1.43316 1
0.128795 1
0.233695 1
1.88273 1
0.975397 1
0.513437 1
1.5319 1
0.548485 1
4.44812 1
0.1751 1
0.657023 1
0.304686 1
1.63303 1
0.23267 1
1.12955 1
0.810689 1
1.72592 1
6.12341 1
1.39757 1
0.770508 1
6.883 1
0.0281832 1
14.5038 1
3.32648 1
0.239508 1
2.14341 1
1.43854 1
1.65884 1
4.80279 1
0.902966 1
1.82416 1
1.44967 1
0.269331 1
2.83066 1
1.119 1
3.30356 1
0.61067 1
0.704948 1
0.604928 1
2.74623 1
1.00276 1
0.236162 1
0.751226 1
2.76307 1
0.463449 1
1.28534 1
0.278403 1
0.26941 1
0.995232 1
1.32422 1
1.21881 1
0.921394 1
28.2988 1
1.33526 1
1.73901 1
0.142198 1
0.939535 1
1.14158 1
0.713297 1
0.374141 1
0.0973245 1
0.111748 1
0.176963 1
0.490271 1
3.01142 1
0.344838 1
0.79513 1
0.120724 1
0.939959 1
0.874659 1
0.458611 1
2.56451 1
0.689573 1
0.183603 1
0.551156 1
1.11066 1
0.191935 1
0.205263 1
2.91483 1
1.90762 1
5.51204 1
0.269091 1
0.34747 1
0.725673 1
1.70932 1
0.502946 1
1.2538 1
0.678219 1
0.396495 1
1.09094 1
2.87666 1
0.412474 1
1.41737 1
1.46746 1
0.198444 1
0.2311 1
1.34237 1
0.955894 1
1.2609 1
0.170658 1
1.47226 1
0.680011 1
1.27258 1
0.824081 1
1.67762 1
0.476145 1
0.225214 1
0.851309 1
0.354623 1
2.21776 1
0.525456 1
0.722692 1
1.91195 1
2.37034 1
0.230047 1
0.386878 1
0.551774 1
2.79997 1
1.45555 1
0.0879075 1
0.127588 1
2.63591 1
0.124834 1
0.709021 1
0.157731 1
1.62361 1
0.967768 1
0.0897078 1
1.07704 1
0.349668 1
0.6224 1
1.1326 1
1.08753 1
0.936111 1
4.73412 1
0.161947 1
0.812952 1
1.82948 1
0.302693 1
0.925403 1
5.70995 1
0.870704 1
0.703595 1
0.765209 1
1.21332 1
0.815032 1
5.09154 1
5.38317 1
1.75239 1
5.3651 1
0.42222 1
1.96158 1
0.721959 1
1.32671 1
1.90213 1
0.642608 1
0.279665 1
0.110777 1
0.954911 1
3.41715 1
0.428632 1
2.04677 1
0.447831 1
3.19156 1
0.662903 1
0.713423 1
0.272036 1
2.1911 1
2.00942 1
0.400664 1
0.781205 1
2.58884 1
0.592995 1
1.00998 1
4.1657 1
2.79446 1
1.30075 1
0.409719 1
0.129287 1
0.524337 1
4.73409 1
0.387527 1
4.78771 1
2.92116 1
0.387786 1
0.423969 1
0.724845 1
2.61787 1
1.65561 1
1.3916 1
2.17071 1
2.16432 1
0.136383 1
5.94384 1
0.625881 1
0.448368 1
1.75979 1
1.31126 1
0.910376 1
1.12143 1
2.14748 1
0.487842 1
0.810804 1
0.255174 1
0.371499 1
0.317233 1
0.395417 1
3.25707 1
1.83441 1
0.158917 1
1.05253 1
1.07979 1
1.25503 1
1.91216 1
1.49098 1
0.327242 1
1.8531 1
0.487568 1
0.839563 1
13.6313 1
1.28901 1
0.212387 1
0.184294 1
5.61404 1
3.68865 1
0.420775 1
1.0752 1
1.97779 1
0.283567 1
1.48928 1
1.08498 1
1.64713 1
0.23936 1
1.51688 1
3.65521 1
1.60781 1
0.765797 1
0.507646 1
0.955037 1
1.22607 1
0.138954 1
1.38449 1
0.0583618 1
6.66429 1
0.244095 1
0.242207 1
1.44196 1
1.0431 1
1.24419 1
5.06299 1
0.210255 1
0.252516 1
2.10407 1
0.608125 1
3.03396 1
0.644074 1
1.10085 1
3.03593 1
0.382917 1
0.204771 1
1.17098 1
0.235784 1
0.832037 1
0.613827 1
0.578942 1
0.126019 1
1.75838 1
0.127803 1
0.639318 1
1.52971 1
0.498684 1
0.768677 1
0.20908 1
0.916221 1
0.192219 1
0.294371 1
0.250101 1
0.819595 1
0.0840446 1
0.321329 1
0.164023 1
0.218042 1
0.801941 1
0.285282 1
1.13254 1
3.00613 1
0.112401 1
0.556706 1
31.2665 1
0.220883 1
1.36817 1
5.52466 1
2.04234 1
1.48184 1
4.0303 1
3.02296 1
0.588348 1
0.981409 1
0.678638 1
0.197301 1
1.81388 1
1.04038 1
0.515836 1
0.254268 1
0.243362 1
3.19054 1
0.47456 1
0.0633842 1
0.597903 1
2.0413 1
1.00733 1
1.83515 1
1.52752 1
0.391205 1
1.36265 1
5.56764 1
0.438653 1
0.555983 1
0.693717 1
2.56393 1
2.38 1
0.131435 1
2.59048 1
1.10136 1
0.479737 1
0.708211 1
0.524656 1
4.25601 1
1.97746 1
0.668173 1
0.554388 1
0.0934328 1
1.08833 1
1.44178 1
0.724804 1
0.359184 1
0.40286 1
0.354701 1
0.448862 1
3.85318 1
0.382543 1
0.940582 1
0.59407 1
2.0991 1
1.54281 1
0.659949 1
4.45393 1
0.426647 1
1.58615 1
1.54258 1
1.56389 1
0.81922 1
0.305317 1
0.79043 1
1.91067 1
0.458529 1
1.34993 1
0.663144 1
2.25947 1
0.170071 1
0.717407 1
2.57439 1
3.40935 1
0.52246 1
1.16154 1
65.3364 1
0.6508 1
1.99066 1
0.832948 1
0.468997 1
2.02658 1
0.859721 1
1.20861 1
2.14182 1
0.601543 1
0.168728 1
0.891458 1
0.450669 1
1.02588 1
0.724346 1
2.4783 1
1.41704 1
0.316115 1
0.254083 1
0.554981 1
2.87874 1
2.38207 1
0.232724 1
1.84412 1
0.0682011 1
0.376834 1
1.46044 1
2.399 1
0.795686 1
0.911544 1
1.25825 1
0.192218 1
1.56524 1
1.30652 1
0.121074 1
1.3469 1
0.841605 1
2.53732 1
1.78341 1
3.97429 1
2.29546 1
2.04243 1
0.954418 1
0.264761 1
0.126029 1
1.61202 1
0.471452 1
0.281559 1
0.740874 1
2.17331 1
0.240196 1
0.315319 1
0.164736 1
0.186251 1
0.282396 1
6.52619 1
0.324881 1
0.24438 1
1.95277 1
0.111079 1
0.343479 1
0.239202 1
0.875373 1
2.1206 1
0.542416 1
1.29312 1
1.2347 1
0.142751 1
2.47355 1
0.513563 1
0.118319 1
0.899693 1
0.553434 1
0.394265 1
0.406355 1
0.14085 1
0.144054 1
0.954357 1
2.25865 1
0.978524 1
0.23974 1
1.4936 1
2.18786 1
0.982809 1
0.988981 1
0.240535 1
0.412608 1
0.85726 1
2.85442 1
2.45978 1
3.61976 1
6.05376 1
1.27362 1
0.25908 1
1.34439 1
3.12436 1
0.320963 1
1.17517 1
2.74921 1
0.17275 1
10.6825 1
1.25567 1
5.59585 1
0.282177 1
0.563318 1
0.386774 1
2.07265 1
1.96535 1
0.656108 1
0.473345 1
0.345627 1
0.149804 1
0.141819 1
0.0107453 1
0.912113 1
1.60681 1
0.940647 1
0.437373 1
3.0365 1
0.901633 1
3.58526 1
0.647433 1
3.13908 1
1.00335 1
0.212483 1
3.99359 1
0.363542 1
2.79717 1
0.443207 1
1.41264 1
0.106235 1
0.107206 1
1.08569 1
0.342603 1
0.553303 1
0.262593 1
0.769245 1
1.36792 1
1.00601 1
3.73416 1
0.766759 1
0.821408 1
0.657813 1
2.44932 1
1.00586 1
2.42057 1
3.10891 1
0.140015 1
0.249449 1
0.170477 1
0.897252 1
3.74333 1
0.475291 1
0.106595 1
0.184844 1
3.86512 1
0.479911 1
0.239477 1
1.03855 1
0.146492 1
1.08303 1
2.13249 1
0.219057 1
3.72374 1
1.01675 1
0.501793 1
0.334431 1
0.882503 1
1.38347 1
1.95115 1
0.840796 1
0.245753 1
0.190356 1
0.325512 1
0.479112 1
1.19766 1
1.54461 1
4.98565 1
0.716893 1
0.727206 1
1.49019 1
0.0750579 1
0.236094 1
1.9089 1
0.375818 1
3.4932 1
1.51753 1
0.267745 1
5.01006 1
2.1195 1
0.161541 1
1.19311 1
0.0378366 1
0.417464 1
3.64718 1
4.59873 1
2.12376 1
2.76797 1
1.33586 1
2.72189 1
0.231813 1
0.198199 1
0.125687 1
0.37048 1
1.25636 1
0.226074 1
0.877418 1
3.1628 1
1.12311 1
0.289301 1
1.58634 1
0.0243884 1
0.841399 1
5.09575 1
2.00048 1
0.266192 1
1.00378 1
1.01085 1
0.562059 1
2.19846 1
0.548183 1
0.869591 1
0.846344 1
0.246011 1
1.65662 1
1.18446 1
0.952987 1
0.479449 1
1.42327 1
0.189726 1
2.30977 1
4.15918 1
1.79339 1
0.644906 1
1.02953 1
0.311089 1
1.35069 1
5.03534 1
0.123962 1
0.216791 1
0.160848 1
1.16496 1
0.239799 1
0.475786 1
1.29771 1
0.939843 1
0.264322 1
0.873178 1
0.254973 1
3.18837 1
2.0811 1
0.155316 1
0.671354 1
0.327856 1
1.16828 1
0.271603 1
1.76183 1
0.73757 1
2.31361 1
1.3315 1
0.200359 1
0.51064 1
0.208573 1
0.994852 1
0.165625 1
0.831138 1
1.56583 1
0.288492 1
0.118893 1
3.28776 1
1.12057 1
0.751558 1
0.844723 1
0.754833 1
0.193579 1
1.49418 1
2.59211 1
0.541868 1
0.954384 1
0.574446 1
3.57063 1
5.34504 1
0.38759 1
1.49792 1
0.177599 1
1.10726 1
0.340262 1
0.274311 1
0.27801 1
1.05344 1
1.29282 1
2.06162 1
1.48086 1
1.42848 1
0.244679 1
0.268698 1
0.374462 1
2.2896 1
0.664573 1
1.40871 1
0.201688 1
0.24346 1
1.5346 1
2.26274 1
0.279673 1
2.14063 1
0.0602058 1
1.8556 1
0.935988 1
2.78881 1
1.10352 1
8.49064 1
0.218357 1
1.9344 1
0.961691 1
1.23983 1
1.4726 1
0.230892 1
2.10513 1
2.4837 1
1.11923 1
0.327837 1
7.13382 1
0.294865 1
1.92564 1
3.70805 1
3.58756 1
0.819787 1
0.254338 1
0.356275 1
0.278874 1
2.49836 1
0.10624 1
0.615154 1
0.241162 1
1.27226 1
0.17938 1
0.132816 1
1.37856 1
0.207006 1
0.774746 1
2.37363 1
0.657767 1
0.992312 1
2.22721 1
2.26466 1
1.83822 1
0.105081 1
2.77844 1
2.81633 1
0.0999665 1
17.9234 1
1.97229 1
1.25588 1
5.79954 1
0.441095 1
0.283798 1
0.255012 1
0.434747 1
0.621229 1
1.67454 1
0.072061 1
0.454093 1
0.166333 1
0.191082 1
115.816 1
0.338554 1
3.02055 1
0.632371 1
1.86311 1
0.277329 1
0.8876 1
0.374276 1
1.76115 1
2.17032 1
0.373325 1
0.476841 1
0.405407 1
0.244661 1
0.680136 1
0.378882 1
0.755908 1
0.749911 1
1.07259 1
0.0233706 1
0.195455 1
0.870035 1
1.8263 1
3.24005 1
0.210464 1
3.0152 1
1.48981 1
0.470704 1
0.480385 1
0.285049 1
4.38818 1
1.6099 1
1.72154 1
2.08589 1
0.917567 1
2.26739 1
1.69319 1
0.0405894 1
0.547902 1
0.166571 1
0.809237 1
0.00494425 1
0.17914 1
23.8036 1
6.18452 1
0.363762 1
4.19729 1
1.31639 1
0.277205 1
0.186559 1
8.49268 1
0.852231 1
0.0495929 1
2.97491 1
0.513905 1
0.779869 1
1.32207 1
1.31424 1
0.943036 1
1.87917 1
0.648167 1
0.881103 1
3.47339 1
1.26135 1
0.434488 1
0.116251 1
1.1652 1
0.582755 1
0.41535 1
1.58316 1
0.171778 1
0.833938 1
0.552124 1
0.208137 1
0.634879 1
1.60662 1
0.26228 1
0.764618 1
0.337007 1
2.11099 1
3.01961 0
0.156326 0
0.209458 0
0.0516355 0
0.249685 0
0.176851 0
1.57046 0
0.38986 0
0.1507 0
0.168892 0
0.0841226 0
0.719443 0
0.116012 0
0.02799 0
0.495066 0
0.120188 0
1.55354 0
0.452905 0
0.0552482 0
3.17757 0
0.688328 0
0.443829 0
0.227561 0
0.622686 0
0.416484 0
0.113091 0
0.160825 0
0.711969 0
0.263553 0
0.130511 0
0.755379 0
0.584147 0
0.131629 0
0.428699 0
0.486435 0
0.910686 0
3.08749 0
1.15264 0
0.354075 0
0.762839 0
1.84591 0
0.977313 0
0.925925 0
0.101616 0
0.153354 0
0.11687 0
0.364822 0
0.641796 0
0.573457 0
0.214589 0
0.931373 0
0.124312 0
0.195979 0
0.203109 0
1.10383 0
0.453077 0
0.506548 0
0.226194 0
0.482494 0
0.529362 0
0.15729 0
0.0145243 0
0.591904 0
0.332374 0
0.282633 0
0.100591 0
0.238363 0
0.306127 0
0.190468 0
0.131383 0
0.431642 0
0.730762 0
0.366906 0
2.88771 0
1.28056 0
0.679115 0
0.131514 0
0.30438 0
0.0781396 0
0.67536 0
3.2805 0
2.15583 0
0.216921 0
0.233132 0
0.318884 0
0.662442 0
0.0125161 0
0.545164 0
1.2534 0
0.723122 0
0.138285 0
0.167806 0
0.214847 0
0.3922 0
0.114653 0
0.384158 0
1.68516 0
1.98374 0
1.23644 0
0.645489 0
0.152068 0
0.696971 0
0.414932 0
0.24035 0
0.123069 0
0.686978 0
0.387176 0
0.522683 0
0.184453 0
0.112932 0
0.239218 0
0.0716188 0
0.227576 0
0.15293 0
0.202835 0
0.319352 0
0.437159 0
0.521414 0
0.190518 0
0.37479 0
0.0657846 0
1.92873 0
0.209871 0
0.169466 0
0.272013 0
0.125288 0
7.79488 0
0.183376 0
1.86555 0
2.348 0
0.182147 0
0.751819 0
0.176706 0
0.88006 0
0.126577 0
3.64894 0
0.0584199 0
1.67812 0
0.788196 0
1.79446 0
1.6193 0
0.560875 0
0.272947 0
0.185793 0
0.202039 0
0.20834 0
2.31857 0
0.499654 0
1.15991 0
0.125653 0
0.0250433 0
0.335765 0
0.277218 0
0.151389 0
0.420015 0
0.80014 0
0.152664 0
0.264888 0
0.984408 0
0.826853 0
0.443233 0
0.129359 0
0.228572 0
0.293074 0
0.0954924 0
3.64865 0
0.125344 0
0.646854 0
0.247242 0
0.277861 0
1.70321 0
0.297991 0
0.654612 0
0.213625 0
0.782265 0
0.184618 0
0.200025 0
0.231214 0
0.127277 0
0.656237 0
0.322589 0
0.0983176 0
0.75466 0
0.222022 0
2.15531 0
2.07079 0
0.0750312 0
0.587401 0
2.16016 0
0.157324 0
0.741951 0
0.976271 0
0.218095 0
0.167741 0
1.92097 0
0.223535 0
0.04094 0
0.781708 0
0.48011 0
0.926386 0
0.332101 0
0.281849 0
0.138299 0
1.51116 0
1.59537 0
0.154899 0
0.167568 0
0.622093 0
0.300775 0
2.07434 0
0.811898 0
0.144676 0
1.29653 0
0.156891 0
0.457205 0
0.825386 0
0.660183 0
0.307421 0
1.15155 0
0.374783 0
1.72678 0
0.788345 0
2.13487 0
0.101699 0
1.22655 0
1.79748 0
0.701636 0
0.423865 0
0.359644 0
0.865952 0
0.225569 0
0.202167 0
0.257658 0
1.8251 0
5.61457 0
0.514467 0
0.265563 0
2.38184 0
0.608773 0
0.804641 0
0.541706 0
0.27722 0
2.12774 0
0.187608 0
1.12447 0
0.124742 0
2.37084 0
0.334603 0
0.686426 0
0.519825 0
0.291016 0
1.09143 0
0.469277 0
0.417282 0
2.98349 0
0.366048 0
0.324795 0
0.0277543 0
1.36962 0
0.65945 0
0.298989 0
3.75347 0
0.782545 0
0.618496 0
1.12749 0
0.896113 0
0.523026 0
0.184834 0
0.201664 0
0.234051 0
0.215809 0
0.7263 0
1.22582 0
3.20011 0
0.288593 0
0.204613 0
0.813549 0
0.793358 0
1.96145 0
0.515913 0
1.1823 0
0.392044 0
0.275912 0
0.108101 0
0.679035 0
0.143145 0
0.445562 0
0.728798 0
0.347858 0
0.405947 0
0.115673 0
0.0693669 0
3.27928 0
0.598746 0
2.38517 0
0.202239 0
0.219517 0
0.23586 0
0.224939 0
0.76905 0
0.987471 0
0.248704 0
0.296773 0
1.2191 0
0.762943 0
0.203025 0
0.170574 0
0.185568 0
0.636139 0
1.9855 0
0.580527 0
0.352573 0
2.01816 0
0.149695 0
0.132828 0
0.264818 0
0.263401 0
1.07975 0
0.132055 0
0.464225 0
0.17416 0
0.163066 0
0.100961 0
1.74517 0
1.63764 0
0.0566685 0
0.268915 0
1.24556 0
0.0444974 0
0.241898 0
0.0771585 0
0.456192 0
1.7128 0
0.183921 0
0.518469 0
0.482299 0
0.32746 0
0.608803 0
0.346157 0
0.115468 0
0.699159 0
0.112815 0
0.670871 0
3.85581 0
4.65195 0
0.518909 0
1.10887 0
0.471201 0
0.803128 0
0.136419 0
0.246883 0
0.382493 0
1.01992 0
0.500584 0
0.13108 0
1.33565 0
0.649057 0
0.645156 0
0.579484 0
1.64248 0
1.55757 0
9.38761 0
2.73931 0
0.163228 0
0.325314 0
1.05005 0
1.06476 0
0.39078 0
0.255857 0
1.27898 0
0.186515 0
0.55079 0
1.32167 0
0.233146 0
0.338617 0
0.407808 0
0.201221 0
0.638008 0
0.236079 0
2.46743 0
0.699961 0
1.15176 0
0.218889 0
0.187296 0
3.06512 0
0.824319 0
0.168833 0
0.234261 0
0.678253 0
0.0969785 0
0.701687 0
1.08878 0
0.483996 0
0.207077 0
0.102617 0
0.177238 0
0.852031 0
2.124 0
0.096542 0
0.0508872 0
0.282043 0
0.0375502 0
0.168055 0
0.0933644 0
0.266935 0
0.509022 0
0.184358 0
0.237508 0
0.060919 0
0.256432 0
0.205687 0
0.143669 0
0.158145 0
0.29815 0
0.167658 0
0.411328 0
0.336893 0
3.20149 0
0.81931 0
0.332171 0
2.23912 0
0.459854 0
1.33937 0
0.254343 0
0.197486 0
0.725936 0
0.172343 0
1.43133 0
0.503592 0
1.97462 0
0.641254 0
0.78115 0
0.297872 0
0.610755 0
0.134091 0
0.0882438 0
1.36102 0
0.205622 0
0.277657 0
0.391627 0
0.070468 0
0.150096 0
0.22744 0
1.91665 0
1.12749 0
2.27078 0
1.25349 0
0.367971 0
0.32828 0
0.912692 0
3.13597 0
1.23745 0
0.380481 0
2.45787 0
0.93531 0
0.167722 0
0.270827 0
0.24924 0
0.139248 0
0.865505 0
0.645238 0
0.233001 0
0.2662 0
0.35058 0
1.8919 0
1.22856 0
0.888461 0
0.871539 0
1.10629 0
0.305194 0
0.244089 0
0.705346 0
0.337623 0
0.32749 0
0.394085 0
0.15238 0
0.374003 0
1.33012 0
0.247612 0
0.412798 0
0.209672 0
0.146587 0
0.179533 0
0.241364 0
1.35181 0
0.936236 0
19.2042 0
0.175167 0
4.93249 0
0.183858 0
0.165026 0
0.2151 0
0.494767 0
0.104686 0
0.388515 0
1.21326 0
0.295232 0
0.473482 0
0.233976 0
2.18557 0
1.19553 0
1.30912 0
0.507071 0
0.707067 0
4.01943 0
2.16361 0
0.056813 0
0.223601 0
1.46955 0
0.944139 0
0.530807 0
0.335515 0
0.0742335 0
0.868006 0
1.29936 0
0.279508 0
0.497437 0
0.035196 0
0.0219287 0
0.298501 0
0.415958 0
2.29562 0
0.216118 0
0.352044 0
0.166351 0
0.226616 0
2.38044 0
2.24859 0
0.418703 0
1.43917 0
2.05384 0
0.519016 0
1.26661 0
0.356083 0
0.163219 0
0.73039 0
1.68235 0
0.249559 0
0.246955 0
0.32593 0
0.621583 0
0.41005 0
0.454092 0
0.57883 0
0.577447 0
0.939968 0
0.675645 0
0.394622 0
0.593505 0
0.594033 0
0.706483 0
0.125328 0
0.145774 0
0.0697435 0
2.23858 0
0.68258 0
4.16546 0
0.273615 0
0.897096 0
0.226663 0
1.0901 0
1.22707 0
0.315828 0
1.09227 0
0.682488 0
0.131746 0
0.196633 0
2.38783 0
0.228472 0
2.5345 0
0.173103 0
0.722885 0
0.102425 0
0.942724 0
0.41206 0
0.0637574 0
0.280837 0
0.274876 0
2.13513 0
1.29658 0
1.96497 0
0.389264 0
0.0330755 0
0.427352 0
0.198777 0
1.08893 0
0.186019 0
0.211973 0
0.561316 0
0.0775761 0
0.119584 0
0.574843 0
0.452669 0
0.583131 0
0.0213904 0
0.898454 0
1.01625 0
0.262268 0
0.10513 0
0.076875 0
0.0499087 0
0.162063 0
0.949696 0
0.697343 0
0.478066 0
0.31501 0
0.883365 0
2.07025 0
0.11951 0
0.220222 0
0.590346 0
0.733024 0
3.56183 0
0.237687 0
1.1327 0
0.426267 0
0.285809 0
0.448895 0
16.9598 0
0.367434 0
2.0051 0
0.136683 0
0.284438 0
0.0334374 0
0.238732 0
0.399107 0
1.703 0
0.757745 0
0.177915 0
0.510573 0
0.854223 0
1.32447 0
1.04071 0
1.0119 0
2.65087 0
2.643 0
0.637497 0
1.14252 0
0.135514 0
0.130931 0
0.446068 0
0.807094 0
0.117567 0
0.0590447 0
0.322927 0
1.0603 0
0.198675 0
0.327099 0
0.542713 0
0.249362 0
0.827662 0
0.934836 0
4.59405 0
0.297619 0
0.199378 0
0.121193 0
0.567398 0
0.216103 0
0.378563 0
1.60478 0
1.74167 0
0.498855 0
0.15136 0
0.0127897 0
0.247783 0
2.55579 0
1.12404 0
0.307619 0
0.217524 0
6.49157 0
0.783644 0
0.0232434 0
0.144175 0
1.57177 0
1.27826 0
0.174209 0
2.10549 0
0.249134 0
0.223909 0
0.147598 0
0.180143 0
3.93328 0
0.696389 0
0.972156 0
0.927644 0
4.66893 0
0.520219 0
0.54828 0
0.286546 0
0.232598 0
0.47209 0
0.140315 0
1.5354 0
1.72653 0
0.728478 0
1.25396 0
0.160197 0
0.0452385 0
0.110116 0
0.0628857 0
0.168044 0
0.842437 0
0.121948 0
0.205645 0
3.29088 0
1.04462 0
0.197254 0
0.885177 0
1.88684 0
0.209647 0
0.0659558 0
0.253011 0
0.157011 0
0.542831 0
0.701382 0
1.16946 0
0.876825 0
0.358038 0
0.0495739 0
0.299765 0
1.39898 0
1.5687 0
0.48517 0
0.225828 0
1.49822 0
6.09561 0
0.261103 0
0.327816 0
0.245312 0
0.262198 0
0.569613 0
0.222709 0
0.34477 0
0.611057 0
0.18981 0
0.405481 0
0.506199 0
0.0491132 0
0.489996 0
1.34929 0
0.153109 0
1.23712 0
0.240412 0
1.0359 0
1.86033 0
6.19479 0
1.80621 0
0.215324 0
2.30995 0
0.50154 0
0.138468 0
0.0398734 0
0.11717 0
1.02606 0
2.46271 0
1.04522 0
0.184412 0
0.208539 0
0.873616 0
0.610866 0
0.126385 0
0.417494 0
1.56811 0
0.871719 0
2.59115 0
0.570762 0
0.44535 0
0.473562 0
0.153962 0
0.135727 0
0.616914 0
0.254903 0
1.35106 0
0.357703 0
0.141708 0
0.738666 0
0.129223 0
0.165304 0
0.708164 0
0.686538 0
0.149609 0
0.189253 0
0.233706 0
0.209794 0
0.702836 0
0.132535 0
0.193526 0
0.7408 0
0.593624 0
1.03176 0
0.326998 0
1.93661 0
0.261587 0
0.527751 0
0.12015 0
0.656508 0
0.239434 0
0.0816385 0
0.713478 0
0.377156 0
4.68272 0
0.162565 0
0.0715459 0
1.36408 0
0.499132 0
0.257577 0
0.490194 0
1.92033 0
0.075373 0
0.844359 0
0.189914 0
3.3046 0
0.213742 0
0.624654 0
0.173694 0
0.32917 0
0.690504 0
0.824177 0
1.24381 0
1.43481 0
1.34665 0
1.3844 0
0.315312 0
0.361294 0
0.636569 0
0.157977 0
0.28414 0
5.17939 0
0.0978132 0
0.256616 0
0.193278 0
2.26177 0
0.713237 0
1.27441 0
0.141277 0
2.10957 0
1.16366 0
0.49836 0
0.928655 0
0.515679 0
0.364024 0
0.540643 0
0.497802 0
2.24704 0
0.748047 0
0.396398 0
0.893357 0
0.666269 0
2.17199 0
0.42323 0
2.11593 0
0.455593 0
0.496971 0
0 0
0.235721 0
0.233043 0
0.261592 0
0.509738 0
0.580929 0
0.25474 0
2.46887 0
0.347083 0
0.353974 0
0.56425 0
2.87321 0
0.991131 0
1.43633 0
0.109145 0
0.0891817 0
0.751609 0
0.0958659 0
0.357878 0
0.0675458 0
0.448285 0
0.224948 0
1.91052 0
0.167755 0
1.32395 0
1.37474 0
0.362865 0
2.31687 0
0.237555 0
0.512669 0
0.638237 0
2.20036 0
0.319772 0
0.205313 0
0.0539061 0
0.270043 0
1.64398 0
0.321747 0
1.50846 0
1.12886 0
0.381784 0
1.52291 0
0.358162 0
0.364065 0
0.0550467 0
0.0788317 0
0.205167 0
0.805215 0
1.73045 0
0.0635928 0
0.837626 0
0.172848 0
0.356269 0
0.718534 0
1.42698 0
0.433521 0
0.382794 0
0.191849 0
0.0409782 0
1.99046 0
1.07802 0
1.00637 0
0.120259 0
0.12126 0
0.92368 0
0.849477 0
0.108168 0
0.393318 0
0.14566 0
0.637679 0
0.505934 0
2.82223 0
1.49051 0
0.171204 0
0.130696 0
0.110281 0
0.247424 0
0.100815 0
0.155886 0
3.74133 0
0.0597089 0
0.0194392 0
0.185132 0
0.108743 0
0.184068 0
0.119664 0
0.935834 0
0.230846 0
0.189495 0
0.0337086 0
0.275729 0
0.351125 0
0.723017 0
0.382837 0
0.286021 0
0.618282 0
1.08017 0
0.171765 0
2.96592 0
0.0949874 0
0.187172 0
0.477224 0
0.688057 0
0.125677 0
0.0827481 0
0.358008 0
0.133668 0
2.65625 0
0.714365 0
1.12188 0
0.692544 0
0.298736 0
0.789882 0
0.117626 0
2.09942 0
0.239201 0
0.330916 0
0.716611 0
0.931122 0
0.223469 0
0.474585 0
0.178626 0
0.156662 0
0.894787 0
0.380721 0
1.48962 0
0.680354 0
0.601566 0
0.248187 0
0.623528 0
0.335551 0
0.234092 0
0.384181 0
0.778711 0
2.41068 0
1.96921 0
0.756621 0
0.524939 0
0.932916 0
0.0890602 0
1.27521 0
0.969441 0
0.737316 0
0.200051 0
0.078623 0
2.94566 0
1.05026 0
0.206383 0
0.435288 0
0.328117 0
0.295833 0
0.493079 0
0.635888 0
0.10474 0
2.47604 0
0.0884944 0
0.1752 0
0.176558 0
0.500927 0
0.541446 0
0.383011 0
1.90417 0
0.266709 0
1.69082 0
1.12356 0
0.671171 0
1.89484 0
1.69053 0
0.244817 0
0.100126 0
0.447138 0
0.406905 0
0.0866917 0
1.27605 0
0.208713 0
0.311302 0
1.93642 0
0.0890848 0
1.03434 0
0.353462 0
0.292788 0
0.499919 0
0.650351 0
0.593543 0
0.160226 0
0.575549 0
1.82886 0
0.202085 0
1.00613 0
0.108417 0
1.07325 0
0.183781 0
0.0212267 0
0.437602 0
0.285454 0
0.194649 0
1.33875 0
0.393604 0
1.84832 0
0.366419 0
0.0841078 0
0.0968825 0
0.518639 0
0.159552 0
0.903692 0
0.907154 0
0.367189 0
0.132702 0
1.17638 0
0.128479 0
0.259064 0
0.472891 0
0.123386 0
0.26785 0
0.211258 0
2.39962 0
1.59847 0
1.23246 0
1.60655 0
0.908747 0
1.48438 0
0.599244 0
0.122323 0
1.53709 0
0.289143 0
0.400676 0
0.211078 0
0.367613 0
4.45272 0
0.362636 0
0.18663 0
0.159397 0
4.23218 0
0.164569 0
0.00399415 0
0.0852514 0
0.665947 0
0.542691 0
0.229956 0
0.764118 0
0.0759796 0
3.69368 0
0.178594 0
0.136718 0
1.42485 0
0.223798 0
0.10366 0
0.16787 0
0.364659 0
