4.70533 1
55.7698 1
1.72026 1
0.906531 1
1.6448 1
0.362009 1
0.296247 1
0.235198 1
0.205444 1
1.23759 1
0.981046 1
0.167745 1
0.2416 1
0.752389 1
1.57597 1
0.111138 1
2.01648 1
2.23109 1
0.95122 1
0.0333266 1
0.417516 1
2.46109 1
0.559402 1
0.243953 1
0.832017 1
0.372124 1
0.353265 1
0.444774 1
0.213431 1
0.643235 1
0.479692 1
1.01339 1
3.8066 1
0.602358 1
1.51539 1
1.67591 1
0.172654 1
0.580719 1
2.57673 1
0.178346 1
1.77552 1
0.164042 1
2.09544 1
0.0115451 1
0.133963 1
3.12727 1
2.16516 1
0.602472 1
0.340857 1
0.344655 1
0.221171 1
0.297333 1
0.69087 1
0.579995 1
0.212859 1
1.44345 1
1.15001 1
0.172025 1
0.370115 1
1.2837 1
0.321359 1
1.6391 1
0.506059 1
0.218692 1
2.57396 1
0.158462 1
0.458678 1
0.999683 1
0.888118 1
1.65648 1
0.198895 1
0.489711 1
0.218046 1
0.414836 1
6.00681 1
2.24774 1
0.0559604 1
0.266821 1
1.9695 1
2.7139 1
0.898889 1
0.0928685 1
0.172192 1
3.00221 1
1.20296 1
1.25049 1
0.361214 1
0.169304 1
1.03309 1
2.09118 1
1.5525 1
0.981821 1
0.707036 1
0.511813 1
0.452301 1
0.854234 1
0.304302 1
0.579825 1
2.64508 1
1.51803 1
0.30456 1
0.530926 1
0.149117 1
0.305917 1
4.73334 1
1.74029 1
0.393937 1
0.130495 1
0.262739 1
0.0280628 1
0.901149 1
1.63698 1
0.136367 1
4.11059 1
1.90026 1
0.513975 1
1.75612 1
0.487816 1
1.63967 1
0.324086 1
3.25566 1
0.975667 1
1.19376 1
1.60149 1
0.464308 1
1.60952 1
1.8398 1
0.193544 1
1.33579 1
1.40861 1
0.289433 1
2.07401 1
0.180404 1
0.189152 1
1.50283 1
0.380429 1
0.441062 1
1.76592 1
2.85887 1
0.0156797 1
0.393972 1
0.697715 1
0.909745 1
0.601655 1
0.89164 1
0.183557 1
0.682719 1
2.56347 1
0.147104 1
4.15684 1
0.274468 1
0.0947258 1
0.830996 1
1.21317 1
0.744734 1
0.932227 1
0.928612 1
0.363564 1
0.692125 1
0.139728 1
0.368261 1
0.834998 1
0.175122 1
1.46272 1
0.120078 1
1.86831 1
1.08361 1
0.37798 1
0.509006 1
0.127466 1
0.215755 1
0.313238 1
2.27126 1
1.25814 1
1.26123 1
0.169266 1
0.67946 1
2.46335 1
0.190991 1
1.23273 1
0.847472 1
0.0978342 1
0.371687 1
0.134411 1
1.40137 1
1.12011 1
0.969013 1
9.57175 1
0.171007 1
2.89357 1
1.58392 1
1.75226 1
0.76556 1
0.957407 1
2.05321 1
3.22588 1
0.235979 1
1.17258 1
2.02026 1
0.0931508 1
0.217127 1
5.16737 1
1.57744 1
1.79922 1
0.41366 1
1.48917 1
1.07197 1
2.28219 1
0.382226 1
1.90315 1
4.68961 1
0.417246 1
1.46861 1
1.23723 1
2.1607 1
0.267169 1
0.130862 1
2.72953 1
0.517244 1
1.50857 1
0.19532 1
1.18455 1
3.00065 1
0.555704 1
0.206231 1
3.13061 1
2.04934 1
0.180657 1
2.33169 1
2.66745 1
0.428281 1
1.76013 1
0.837117 1
1.13661 1
0.885959 1
0.204974 1
2.7014 1
2.58664 1
0.805341 1
0.117064 1
1.0532 1
0.189308 1
0.951705 1
1.30248 1
0.687378 1
0.116334 1
3.53592 1
1.89228 1
0.545889 1
0.533324 1
2.50988 1
0.734683 1
0.223373 1
1.59443 1
0.883395 1
0.672547 1
1.3331 1
0.627455 1
0.348446 1
3.09306 1
2.37816 1
0.828643 1
0.223412 1
0.501716 1
0.917634 1
4.11272 1
1.03232 1
0.634904 1
0.485569 1
0.218872 1
0.0909206 1
1.55103 1
5.54267 1
0.16496 1
0.864654 1
1.08951 1
0.250451 1
1.52086 1
3.07408 1
0.607104 1
0.314087 1
0.2135 1
0.543465 1
1.14248 1
1.53236 1
1.54254 1
0.25454 1
3.8621 1
0.370246 1
0.311744 1
0.478449 1
5.3131 1
0.118097 1
1.19018 1
2.59948 1
0.154136 1
2.88654 1
1.90803 1
3.70921 1
0.639148 1
1.15731 1
0.782811 1
0.858747 1
1.84621 1
0.821682 1
0.482003 1
0.242574 1
0.168829 1
0.36628 1
0.467735 1
5.47945 1
1.8108 1
1.23716 1
0.140444 1
1.14757 1
1.26168 1
2.4046 1
19.2873 1
0.350745 1
0.211045 1
0.789558 1
0.178031 1
2.11546 1
0.809664 1
0.0631736 1
0.387228 1
1.98245 1
1.59385 1
1.43072 1
0.494312 1
3.25728 1
0.598191 1
1.01069 1
0.46474 1
0.191355 1
0.0454826 1
1.45719 1
2.22522 1
0.910391 1
0.323352 1
0.151163 1
0.824095 1
1.60942 1
2.22101 1
0.154171 1
1.01707 1
6.64286 1
0.280288 1
0.00411628 1
6.20946 1
0.217533 1
0.777087 1
0.793766 1
1.65902 1
1.31422 1
2.50584 1
1.57442 1
0.834283 1
0.248142 1
0.140926 1
0.258029 1
0.128338 1
0.564881 1
2.96984 1
0.84163 1
2.74675 1
0.221196 1
2.86808 1
2.45518 1
1.10153 1
5.48508 1
0.137329 1
0.164096 1
0.3525 1
0.0946932 1
0.904983 1
0.435212 1
1.06717 1
2.84667 1
0.832713 1
1.59285 1
0.191007 1
0.698854 1
1.16717 1
1.64469 1
1.6384 1
0.607504 1
1.56862 1
0.480728 1
1.30466 1
0.117202 1
0.995087 1
1.45831 1
0.218234 1
0.1484 1
2.28443 1
1.02256 1
0.406997 1
1.0644 1
0.715296 1
0.593886 1
2.64154 1
2.4444 1
0.493721 1
0.242679 1
0.702997 1
1.8826 1
0.695764 1
0.579386 1
3.98143 1
0.566963 1
3.03958 1
1.37952 1
0.413102 1
0.396651 1
2.05367 1
1.8099 1
0.36617 1
0.345354 1
2.65149 1
0.255834 1
2.92143 1
0.909334 1
2.26657 1
0.728501 1
0.20231 1
0.552702 1
0.338896 1
0.781007 1
2.57586 1
0.101613 1
1.29194 1
5.61626 1
1.18528 1
2.04824 1
0.701546 1
1.52668 1
0.435561 1
2.03777 1
7.11232 1
3.23856 1
3.7658 1
2.4648 1
3.66888 1
0.532672 1
0.777678 1
0.998569 1
0.617075 1
1.08442 1
0.350491 1
0.982031 1
0.422893 1
0.603467 1
0.956133 1
0.787046 1
0.142822 1
0.29769 1
0.369052 1
0.145014 1
0.997943 1
2.47694 1
0.498531 1
0.711582 1
1.85788 1
0.500421 1
17.3909 1
1.52015 1
3.25205 1
2.20878 1
1.76422 1
1.26618 1
1.35298 1
0.23091 1
0.274009 1
0.397368 1
1.03533 1
0.0376115 1
2.20173 1
0.863891 1
0.223697 1
1.8253 1
0.419348 1
3.13421 1
0.179564 1
5.7639 1
1.6697 1
0.684561 1
2.20906 1
0.82867 1
0.153264 1
0.790639 1
1.04435 1
1.143 1
0.062108 1
1.33105 1
2.58122 1
3.06303 1
1.84709 1
0.272531 1
0.38043 1
1.41772 1
0.719997 1
3.52963 1
0.421729 1
1.29552 1
0.995563 1
1.03584 1
2.96602 1
0.603353 1
0.528926 1
38.769 1
2.6073 1
1.25892 1
1.04803 1
0.524808 1
0.372622 1
0.194213 1
0.400643 1
1.02914 1
2.41501 1
1.04714 1
0.957516 1
1.10084 1
65.695 1
0.330492 1
0.536568 1
0.782928 1
0.808291 1
1.78303 1
2.14083 1
3.43018 1
0.0855496 1
0.922112 1
2.29417 1
0.695905 1
0.38332 1
3.73617 1
0.19591 1
0.830207 1
1.35723 1
0.288149 1
3.06444 1
0.156283 1
1.76596 1
1.58405 1
0.933341 1
0.151263 1
0.151965 1
1.07288 1
4.96972 1
0.298334 1
3.81461 1
0.311515 1
4.06967 1
0.83166 1
3.5373 1
0.327214 1
1.45459 1
3.25008 1
0.973229 1
0.858843 1
0.849032 1
2.58367 1
1.08442 1
1.08885 1
0.501905 1
0.0981846 1
2.1037 1
1.19547 1
1.08328 1
0.186036 1
0.113354 1
0.221048 1
0.306432 1
0.239581 1
1.76588 1
3.16804 1
8.08212 1
0.187161 1
0.51712 1
0.418864 1
1.14899 1
1.86305 1
0.599999 1
0.238595 1
4.77614 1
0.982395 1
4.81743 1
0.967599 1
1.83614 1
0.801224 1
1.17529 1
5.41348 1
1.39587 1
0.360824 1
2.25156 1
0.714311 1
0.323602 1
1.09541 1
1.46711 1
2.4045 1
0.317447 1
0.539854 1
0.927385 1
0.353315 1
0.333816 1
1.06918 1
1.01952 1
0.492103 1
0.275753 1
1.77136 1
1.618 1
0.786745 1
0.861221 1
0.425345 1
1.1597 1
0.207376 1
1.79274 1
0.316408 1
2.23864 1
0.882877 1
0.285718 1
0.0907416 1
0.222109 1
2.50485 1
2.93448 1
0.557848 1
0.773194 1
0.266143 1
2.55479 1
2.05956 1
0.287333 1
0.217052 1
3.63054 1
1.32904 1
0.37029 1
0 1
2.33464 1
0.418 1
1.15124 1
0.361905 1
1.65421 1
0.658967 1
0.42403 1
0.449422 1
1.09515 1
0.977629 1
0.0713131 1
0.781389 1
0.507806 1
0.732668 1
0.499698 1
0.224062 1
0.520171 1
0.455468 1
0.583414 1
1.22737 1
0.136054 1
1.32492 1
0.606557 1
1.02059 1
2.27511 1
1.12797 1
1.35553 1
0.843503 1
1.68143 1
1.61096 1
1.48985 1
0.0994108 1
3.63327 1
1.00256 1
0.205617 1
1.53729 1
3.54556 1
0.323444 1
1.56772 1
7.11495 1
0.640833 1
0.34598 1
6.2231 1
0.156604 1
0.343062 1
0.903943 1
0.328093 1
1.34599 1
0.100716 1
0.143561 1
0.943377 1
0.083015 1
0.625117 1
0.511898 1
4.82371 1
1.44955 1
1.17869 1
0.487036 1
2.20787 1
1.0488 1
1.60109 1
0.85559 1
0.880053 1
1.42803 1
0.105259 1
0.10225 1
3.88928 1
1.32543 1
1.61852 1
0.862731 1
0.394393 1
1.00412 1
0.194003 1
0.767714 1
0.281936 1
1.89367 1
4.44015 1
0.808386 1
0.175014 1
0.369807 1
0.80059 1
1.01809 1
1.16049 1
0.868334 1
1.99572 1
0.69594 1
1.28731 1
0.696235 1
0.180664 1
0.848204 1
0.609004 1
0.255573 1
0.0447636 1
0.637083 1
1.04186 1
1.99138 1
0.0674453 1
2.27462 1
0.128947 1
1.23029 1
0.871558 1
1.56272 1
0.252494 1
1.08813 1
2.43703 1
3.82825 1
3.93659 1
2.81319 1
1.79287 1
2.26794 1
1.19792 1
0.600473 1
0.0336435 1
1.50494 1
0.303731 1
2.10395 1
0.408312 1
1.99874 1
1.54768 1
0.703487 1
0.867967 1
1.50971 1
2.87302 1
1.24484 1
1.3127 1
1.62383 1
0.660852 1
0.864321 1
0.0829654 1
1.60358 1
1.81665 1
4.20296 1
0.19442 1
0.340812 1
0.750493 1
0.743584 1
4.47867 1
0.0785395 1
0.588668 1
0.254062 1
0.609122 1
0.105754 1
0.243634 1
1.41572 1
5.72753 1
0.873396 1
0.423391 1
3.76518 1
1.62907 1
0.416795 1
0.518839 1
0.135181 1
1.41192 1
0.307951 1
1.37188 1
0.784107 1
1.3713 1
0.241446 1
3.43945 1
0.947793 1
0.742061 1
3.197 1
0.736543 1
0.346231 1
1.68398 1
0.154323 1
0.607759 1
0.392678 1
0.0499048 1
2.35209 1
3.23697 1
0.265431 1
1.36881 1
0.724442 1
0.85538 1
0.906612 1
0.257973 1
2.7631 1
2.16797 1
1.11985 1
0.330811 1
4.32686 1
0.805127 1
0.479408 1
1.65751 1
0.400944 1
0.097146 1
1.82657 1
2.85957 1
0.420999 1
0.659362 1
8.55189 1
0.367071 1
0.419317 1
0.0707934 1
0.646272 1
0.226744 1
1.01742 1
0.488971 1
0.283913 1
0.461123 1
0.771379 1
0.812799 1
0.807531 1
1.15983 1
1.04191 1
1.15863 1
0.0431397 1
0.714661 1
0.285124 1
1.11397 1
0.170145 1
1.22945 1
2.66945 1
0.277532 1
2.06315 1
1.73385 1
0.526579 1
0.105472 1
2.12326 1
0.182418 1
1.65941 1
1.6732 1
2.49154 1
3.075 1
1.11045 1
0.769178 1
1.13808 1
2.37026 1
1.59966 1
0.560522 1
1.72917 1
14.2781 1
3.08311 1
2.69708 1
2.87198 1
0.524945 1
3.905 1
2.05927 1
0.245401 1
0.810489 1
0.292868 1
3.65397 1
0.465223 1
0.697595 1
0.411124 1
2.39698 1
0.815198 1
1.31862 1
0.397969 1
0.154831 1
1.72809 1
0.145276 1
0.457377 1
0.62514 1
2.18547 1
0.497209 1
0.432334 1
1.17407 1
1.80448 1
2.23525 1
0.549946 1
0.561369 1
0.749214 1
0.0975184 1
0.239465 1
7.52157 1
0.697479 1
0.111308 1
0.575872 1
2.24802 1
0.232059 1
0.569383 1
0.220652 1
0.183728 1
0.393733 1
2.76223 1
0.0185932 1
0.176066 1
0.16706 1
0.942557 1
0.258491 1
0.529521 1
0.151447 1
0.871573 1
0.0642631 1
0.128824 1
1.86821 1
0.621063 1
3.17999 1
0.623201 1
0.949763 1
0.61224 1
1.27411 1
0.693705 1
0.818745 1
2.01432 1
0.160839 1
1.96152 1
1.34443 1
1.35228 1
0.204143 1
1.77206 1
0.373445 1
0.14447 1
0.546547 1
0.951447 1
1.26824 1
0.141425 1
1.02317 1
0.107442 1
0.696493 1
0.311107 1
2.8548 1
1.14186 1
0.534015 1
0.554442 1
0.19959 1
0.34056 1
0.595037 1
0.265487 1
0.220328 1
1.75111 1
1.29332 1
0.604693 1
0.603958 1
0.409188 1
0.177267 1
0.871484 1
0.758255 1
0.149066 1
0.78107 1
3.50133 1
0.131952 1
2.53431 1
1.33837 1
0.262552 1
1.10914 1
1.08439 1
0.639791 1
0.580761 1
0.16256 1
0.369072 1
3.6986 1
3.10958 1
1.97033 1
0.323147 1
3.30135 1
0.370909 1
2.23367 1
0.410954 1
0.107263 1
0.758474 1
2.42959 1
1.42511 1
0.891626 1
0.333764 1
0.208958 1
1.21759 1
0.350073 1
1.34595 1
2.06105 1
0.697553 1
0.738072 1
2.23819 1
0.0865003 1
0.995766 1
1.12298 1
0.370269 1
0.213221 1
3.39311 1
1.80293 1
1.1391 1
0.428375 1
0.0400417 1
1.62006 1
0.119048 1
0.254523 1
0.293431 1
0.190953 1
3.0383 1
1.21455 1
0.396208 1
0.418954 1
1.18092 1
0.730164 1
5.66684 1
0.334757 1
0.659623 1
0.37306 1
0.220022 1
5.01225 1
1.0152 1
0.1027 1
4.01355 1
0.678206 1
6.38627 1
0.45314 1
0.119137 1
0.828802 1
0.885749 1
0.73967 1
2.87489 1
0.361577 1
74.7417 1
0.362066 1
0.0753086 1
1.02064 1
0.756869 1
0.401393 1
0.745661 1
0.696594 1
3.33545 1
0.229965 1
1.57761 1
1.738 1
2.88801 1
0.248952 1
1.59836 1
1.34829 1
2.87607 1
0.371034 1
4.31269 1
2.98057 1
0.305823 1
1.01044 1
9.80135 1
0.449324 1
1.53077 1
0.930526 1
0.78631 1
1.89594 1
0.418004 1
2.86014 1
0.602642 1
0.432862 1
0.855116 1
0.497023 1
0.0398153 1
0.434687 1
0.929008 1
0.234058 1
0.826836 1
0.0907082 1
0.777692 1
3.61787 1
0.0893979 1
1.76608 1
0.910317 1
0.128378 1
2.7975 1
0.381716 1
1.75348 1
2.96739 1
0.237732 1
1.24737 1
3.43774 1
0.0835067 1
2.85498 1
0.0185413 1
0.321432 1
0.502701 1
0.471579 1
0.191649 1
0.307016 1
0.712868 1
1.27541 1
1.32364 1
0.152314 1
0.0152158 1
0.6794 1
7.08122 1
0.25849 1
2.12914 1
0.544091 1
0.897426 1
0.604721 1
0.880558 1
0.394536 1
1.70222 1
0.642236 1
2.05886 1
0.563365 1
2.26098 1
1.06273 1
6.99896 1
0.631543 1
3.5867 1
0.459739 1
5.90983 1
0.0752513 1
0.820717 1
0.986059 0
0.193747 0
1.1083 0
1.17323 0
0.440938 0
1.07882 0
0.178853 0
0.186099 0
0.217813 0
1.06426 0
2.13187 0
0.126884 0
0.218822 0
0.173437 0
1.18964 0
0.10559 0
0.472679 0
1.11684 0
0.333446 0
0.213396 0
1.48714 0
0.0411686 0
4.90908 0
0.707383 0
0.185101 0
0.0858847 0
1.58588 0
0.172076 0
0.496811 0
0 0
1.19311 0
0.0809222 0
1.35586 0
0.158941 0
2.6178 0
0.81804 0
0.676346 0
9.6445 0
0.761941 0
0.350558 0
0.870986 0
0.26924 0
0.190258 0
0.267263 0
0.226093 0
0.319877 0
0.118496 0
0.171196 0
0.285703 0
0.0638771 0
0.231057 0
3.98912 0
0.457717 0
0.252799 0
0.921464 0
0.515221 0
1.50192 0
0.456927 0
1.86387 0
0.997469 0
0.776513 0
0.0558843 0
0.452907 0
1.99139 0
0.288863 0
2.54096 0
0.786324 0
0.511657 0
0.18463 0
0.523579 0
0.397456 0
0.099918 0
0.430804 0
1.03191 0
0.329805 0
0.23428 0
0.465087 0
0.800555 0
0.111109 0
0.366765 0
1.37062 0
1.21111 0
1.31327 0
0.760888 0
0.0066482 0
0.07865 0
0.101826 0
2.29505 0
0.0935764 0
0.91341 0
0.216448 0
0.1733 0
0.25325 0
0.470444 0
0.32683 0
0.175993 0
1.826 0
0.924794 0
6.81538 0
1.44731 0
0.684703 0
0.705405 0
2.71623 0
0.0198072 0
0.0663957 0
0.259579 0
3.94763 0
0.620842 0
3.69045 0
0.326486 0
2.03928 0
0.690425 0
0.720094 0
0.261967 0
0.527142 0
0.733176 0
0.921621 0
1.78957 0
0.519303 0
1.32838 0
0.109679 0
2.6006 0
0.850456 0
1.05524 0
0.315624 0
0.698284 0
0.0947083 0
0.216644 0
0.116308 0
1.08386 0
0.557726 0
1.05275 0
0.496978 0
3.01577 0
0.582252 0
0.13222 0
0.109782 0
0.308331 0
0.152257 0
0.317495 0
0.204695 0
0.682895 0
1.7173 0
0.363901 0
0.441273 0
0.177904 0
0.194354 0
0.403395 0
0.209005 0
0.129414 0
1.51481 0
0.184072 0
0.0901187 0
1.71073 0
0.363405 0
0.220284 0
0.051905 0
0.192527 0
0.085808 0
0.585804 0
3.11764 0
0.337055 0
0.437925 0
0.0509828 0
0.178611 0
0.20835 0
0.627201 0
0.843141 0
0.147778 0
0.211768 0
0.7996 0
1.68916 0
0.071625 0
0.100017 0
0.227812 0
0.363398 0
0.516232 0
0.0973896 0
0.0468306 0
0.106524 0
0.186625 0
0.541868 0
0.357793 0
0.070635 0
0.0757251 0
1.54175 0
2.33758 0
0.134937 0
0.0749075 0
2.30033 0
1.06266 0
0.807885 0
2.44924 0
0.525805 0
2.00156 0
0.540607 0
0.161588 0
0.0737495 0
0.220551 0
0.0499335 0
0.858952 0
1.41417 0
0.0599478 0
0.128836 0
0.441787 0
0.171472 0
0.346764 0
0.058875 0
0.233432 0
0.304577 0
0.273633 0
0.490915 0
0.33012 0
0.515591 0
0.360561 0
0.320651 0
0.0230949 0
1.30795 0
0.740248 0
0.167883 0
0.71867 0
0.312526 0
0.38866 0
0.13603 0
0.0417397 0
1.14825 0
1.17598 0
0.477571 0
0.731364 0
0.521985 0
0.0713495 0
0.196194 0
0.656222 0
0.314134 0
0.239133 0
0.0417147 0
0.0898681 0
0.0774763 0
0.105749 0
0.17748 0
0.468076 0
2.10477 0
0.199921 0
0.166807 0
1.40305 0
0.621979 0
0.168493 0
0.29605 0
0.081316 0
0.140839 0
0.169207 0
0.234602 0
0.302616 0
0.482383 0
0.135416 0
0.472701 0
0.0348843 0
0.20015 0
0.149867 0
1.16009 0
0.549869 0
0.344411 0
0.20993 0
0.123087 0
0.101831 0
0.226961 0
0.378883 0
0.171826 0
1.66693 0
1.41003 0
3.7763 0
0.734103 0
0.682991 0
0.267137 0
0.354138 0
0.832559 0
0.964826 0
0.281299 0
0.20299 0
0.346196 0
0.292666 0
0.772079 0
0.258583 0
0.171582 0
0.177231 0
0.371093 0
0.712814 0
2.09041 0
2.61015 0
0.409474 0
0.111779 0
0.557657 0
0.673284 0
1.69527 0
1.80946 0
0.448594 0
0.117686 0
2.7987 0
1.66139 0
0.292694 0
0.214131 0
1.30692 0
0.8678 0
1.19956 0
1.61508 0
0.357337 0
0.25411 0
0.224208 0
0.389439 0
0.99913 0
1.90179 0
0.304464 0
4.40527 0
1.48347 0
0.999538 0
0.502962 0
0.933199 0
0.296377 0
4.17892 0
0.167861 0
0.184114 0
0.108852 0
0.145269 0
0.125736 0
1.03845 0
1.36146 0
3.01185 0
0.0986911 0
0.509549 0
1.93549 0
2.32712 0
0.138019 0
0.176632 0
0.220535 0
0.988477 0
0.0405844 0
1.20534 0
0.311321 0
0.207034 0
0.122219 0
0.185802 0
0.0696864 0
0.294205 0
1.4236 0
0.253792 0
0.893743 0
0.82196 0
0.193364 0
0.187937 0
0.841162 0
0.357488 0
0.541163 0
0.858681 0
1.23797 0
0.34154 0
0.32794 0
0.0503226 0
1.33446 0
0.807649 0
0.470848 0
0.0936934 0
3.32094 0
2.37662 0
0.171629 0
3.15759 0
0.0255498 0
0.0481355 0
0.403955 0
0.491663 0
1.20052 0
0.273359 0
0.130534 0
0.192758 0
1.04564 0
0.366828 0
0.554554 0
0.211991 0
0.148347 0
0.142856 0
0.384376 0
0.777738 0
0.0805212 0
0.359025 0
0.167623 0
7.01541 0
0.365224 0
1.33327 0
0.176 0
0.501825 0
1.1084 0
0.892477 0
0.412203 0
0.0605747 0
0.164822 0
0.449782 0
0.296713 0
1.61539 0
0.146233 0
0.147325 0
0.756396 0
0.580362 0
2.3366 0
0.216827 0
1.0152 0
0.726617 0
0.128477 0
0.420188 0
2.38976 0
0.0545992 0
0.0823219 0
0.770448 0
0.102303 0
0.133964 0
0.313131 0
0.798834 0
0.634526 0
1.02073 0
0.386641 0
0.298351 0
0.176545 0
0.46288 0
0.19934 0
0.385563 0
1.27908 0
0.228893 0
0.279008 0
0.959436 0
0.453142 0
0.105204 0
0.381617 0
0.526464 0
0.23346 0
0.286716 0
0.207039 0
1.91576 0
1.11372 0
1.04408 0
1.01657 0
0.258888 0
0.144457 0
0.231683 0
0.712774 0
7.30605 0
0.186275 0
0.127773 0
0.225038 0
2.57157 0
0.282738 0
3.1342 0
0.378097 0
0.181453 0
0.144323 0
0.571989 0
0.271901 0
3.41626 0
1.20561 0
0.32316 0
1.20629 0
0.73211 0
3.48445 0
0.242488 0
1.12368 0
1.73553 0
0.109123 0
0.81536 0
0.427858 0
1.32178 0
1.08287 0
0.353611 0
0.363699 0
2.32068 0
3.75951 0
1.27988 0
0.490967 0
0.357289 0
0.641761 0
1.47459 0
0.0526051 0
0.515764 0
0.259028 0
0.394435 0
1.4339 0
0.104359 0
0.385906 0
0.342299 0
0.781442 0
2.51865 0
0.501834 0
0.561625 0
0.196482 0
1.54406 0
3.3571 0
2.38474 0
0.136701 0
0.0845779 0
0.503826 0
2.73779 0
0.171869 0
0.443403 0
1.43084 0
0.540645 0
0.103839 0
1.07908 0
0.0904421 0
0.231732 0
0.518056 0
0.111172 0
1.4141 0
2.23832 0
0.251682 0
0.608106 0
0.761562 0
0.910635 0
0.511623 0
0.603362 0
0.578877 0
0.198832 0
0.0856215 0
0.264521 0
0.300707 0
1.12005 0
1.9089 0
1.94327 0
0.53943 0
0.253231 0
2.97705 0
1.46269 0
0.167522 0
0.199094 0
0.156553 0
1.23296 0
0.784159 0
0.976959 0
0.140526 0
5.25185 0
1.31049 0
2.23295 0
1.36833 0
0.077724 0
1.33881 0
0.267133 0
1.23946 0
0.582637 0
0.407743 0
1.31213 0
0.327863 0
0.292181 0
0.316196 0
0.12738 0
0.634119 0
0.560021 0
0.119128 0
0.568102 0
0.833825 0
0.0981827 0
0.380791 0
0.546713 0
0.304758 0
0.0309493 0
0.879768 0
0.139013 0
0.593407 0
0.197556 0
0.196527 0
0.189293 0
0.451482 0
0.257398 0
0.185032 0
0.241383 0
0.617764 0
0.64724 0
0.411268 0
0.358819 0
0.981801 0
0.102651 0
0.264039 0
0.121157 0
2.25298 0
0.0246491 0
0.549227 0
0.258573 0
0.834055 0
0.242693 0
0.275463 0
0.163693 0
0.11327 0
1.33776 0
0.171141 0
0.151593 0
0.124975 0
0.423905 0
0.437377 0
0.136856 0
2.46217 0
0.124003 0
0.0689989 0
1.58566 0
7.97481 0
0.0850309 0
0.99477 0
1.92668 0
2.07224 0
0.116007 0
0.47213 0
0.29098 0
1.01742 0
2.73792 0
0.175497 0
0.529162 0
0.223191 0
1.42118 0
0.435565 0
0.945714 0
0.304913 0
0.133566 0
0.178387 0
0.206831 0
0.215961 0
0.290622 0
0.225853 0
1.19927 0
0.601518 0
0.290349 0
2.68937 0
3.10902 0
0.221601 0
0.975056 0
1.60006 0
0.986632 0
1.06939 0
2.41551 0
0.412647 0
1.24925 0
0.162467 0
0.20946 0
3.17086 0
4.93185 0
0.61347 0
5.78922 0
0.380489 0
0.742031 0
0.168495 0
0.936723 0
0.450046 0
2.62648 0
0.397216 0
0.305014 0
0.911048 0
0.212602 0
0.758354 0
0.054904 0
1.27211 0
0.547569 0
0.594992 0
0.174123 0
0.188619 0
1.01164 0
0.299074 0
0.415708 0
0.369654 0
0.297521 0
0.624233 0
0.449287 0
0.76123 0
0.603397 0
1.72762 0
1.25125 0
0.261847 0
3.97709 0
0.255624 0
0.250522 0
0.858987 0
0.0698866 0
0.817135 0
0.103301 0
0.337163 0
0.785378 0
2.60185 0
0.116839 0
0.223573 0
2.38463 0
0.268841 0
0.683737 0
0.316223 0
1.16423 0
0.48573 0
1.71845 0
1.47384 0
0.608321 0
0.231587 0
0.246569 0
0.41811 0
0.330922 0
0.550964 0
0.0933304 0
0.331763 0
3.09778 0
0.431372 0
5.16265 0
1.11364 0
0.570961 0
0.863239 0
0.839917 0
0.392478 0
2.17817 0
0.225188 0
0.166334 0
0.401759 0
0.906118 0
0.817089 0
0.138214 0
1.20004 0
1.41943 0
1.86107 0
3.29494 0
0.267433 0
1.80946 0
0.219506 0
1.70134 0
0.261839 0
0.958993 0
0.517512 0
0.921919 0
0.215865 0
0.402329 0
1.42023 0
0.366644 0
2.7706 0
0.561848 0
1.16073 0
0.54337 0
0.541714 0
1.04015 0
0.150717 0
0.017571 0
0.475405 0
2.22199 0
1.2079 0
0.747231 0
1.3718 0
0.272527 0
1.15104 0
0.297759 0
0.22442 0
0.151313 0
0.435792 0
0.210251 0
0.265062 0
0.226812 0
0.141231 0
0.202386 0
1.23494 0
0.328639 0
0.268943 0
0.421094 0
0.14888 0
4.10806 0
0.442998 0
0.0892907 0
0.316317 0
0.398649 0
1.27205 0
0.825395 0
0.28022 0
1.83271 0
0.407055 0
1.22654 0
0.355561 0
1.16284 0
0.539421 0
0.558453 0
0.128403 0
0.115538 0
0.647295 0
1.16238 0
0.261283 0
0.822412 0
2.96972 0
2.10106 0
2.1569 0
6.39313 0
0.140797 0
0.263303 0
0.973065 0
2.61072 0
0.147617 0
0.170856 0
0.847247 0
0.12224 0
0.804468 0
0.364551 0
0.14547 0
0.302907 0
2.10275 0
0.188382 0
0.639915 0
1.3582 0
0.747352 0
0.232827 0
0.256926 0
1.11387 0
0.135294 0
0.15719 0
0.231891 0
0.205406 0
0.155022 0
1.12987 0
0.735908 0
0.351763 0
0.484058 0
0.834329 0
0.452662 0
0.188342 0
0.443534 0
0.459512 0
0.360039 0
0.4212 0
0.22688 0
0.0564409 0
0.487586 0
0.199575 0
1.08213 0
0.293313 0
0.152972 0
0.0818541 0
0.171506 0
0.252366 0
0.538628 0
0.193429 0
0.392782 0
1.22798 0
0.0465069 0
1.28329 0
0.901686 0
0.125384 0
0.0482185 0
1.20545 0
3.18048 0
0.997213 0
0.0408836 0
0.24615 0
0.436239 0
0.0348303 0
1.35412 0
0.426626 0
2.11951 0
1.19584 0
0.211003 0
0.283709 0
1.54837 0
0.21501 0
0.347534 0
0.234103 0
0.119414 0
0.745569 0
0.112306 0
0.492675 0
0.168418 0
0.202304 0
0.411565 0
0.563913 0
1.20781 0
1.17036 0
0.194 0
0.624979 0
0.930771 0
0.564483 0
1.92071 0
0.778748 0
0.460553 0
1.25458 0
2.29674 0
0.8396 0
1.23384 0
0.352588 0
1.03409 0
0.436503 0
2.59937 0
0.148328 0
0.148868 0
3.28966 0
0.0820728 0
0.589408 0
2.33613 0
0.288157 0
0.380124 0
1.09666 0
2.51772 0
0.290625 0
0.287111 0
0.31256 0
0.198366 0
0.288934 0
0.480693 0
0.416227 0
0.12481 0
1.51585 0
0.175076 0
0.516892 0
0.273666 0
0.772157 0
6.29056 0
0.178069 0
0.707089 0
5.01807 0
2.34591 0
0.371845 0
0.206272 0
0.4794 0
0.339402 0
0.12386 0
0.236939 0
0.387876 0
0.831799 0
0.111352 0
0.204626 0
0.360709 0
0.332619 0
0.962716 0
0.500956 0
0.0969182 0
0.308773 0
0.17136 0
0.137059 0
0.193395 0
0.374634 0
0.745169 0
0.07059 0
0.333948 0
0.237088 0
0.323326 0
0.137589 0
2.27291 0
0.0981981 0
0.44132 0
0.769194 0
0.227029 0
1.24717 0
0.0514504 0
0.139238 0
0.283496 0
0.408106 0
0.300418 0
0.103768 0
0.259529 0
0.23457 0
2.86602 0
0.0803925 0
1.38153 0
0.493427 0
1.15325 0
0.425258 0
0.826369 0
0.63439 0
0.88856 0
0.21056 0
0.0765234 0
1.71346 0
0.157929 0
0.480914 0
0.263158 0
0.240599 0
0.517276 0
0.137316 0
0.635498 0
0.0151831 0
0.388737 0
1.25044 0
0.243439 0
0.128159 0
0.57706 0
0.142569 0
0.415316 0
0.116563 0
0.724782 0
0.0715638 0
1.00178 0
0.11681 0
1.19402 0
2.4782 0
0.091197 0
0.399726 0
0.219792 0
1.91079 0
0.0436892 0
0.968762 0
0.111699 0
0.111886 0
1.33587 0
0.996888 0
0.613566 0
0.20344 0
0.0884205 0
1.4057 0
0.300272 0
0.732957 0
1.50523 0
0.142428 0
0.998393 0
0.484924 0
0.496159 0
1.23094 0
0.184677 0
1.71729 0
0.0862903 0
2.20802 0
0.252591 0
0.498449 0
0.732613 0
1.65331 0
0.657199 0
0.177307 0
1.4479 0
0.275826 0
0.399401 0
1.61859 0
0.614094 0
1.20989 0
2.12678 0
0.13533 0
0.0861771 0
0.116341 0
0.523537 0
0.56024 0
1.12185 0
0.261224 0
1.1756 0
1.36733 0
0.13798 0
0.0575387 0
0.0873283 0
0.182598 0
0.122177 0
1.22261 0
0.866434 0
0.962865 0
0.964039 0
0.181047 0
0.366101 0
1.9842 0
0.263713 0
0.387908 0
0.53944 0
2.11958 0
0.077498 0
0.192783 0
0.279558 0
6.44178 0
0.48192 0
0.0515705 0
0.79363 0
0.673846 0
0.215795 0
1.99031 0
0.451922 0
0.349792 0
1.86845 0
0.14317 0
0.0694254 0
0.101306 0
2.63114 0
0.190101 0
0.513721 0
0.640534 0
0.206935 0
0.151317 0
0.997112 0
0.117929 0
0.378129 0
0.675335 0
0.935683 0
1.25158 0
0.885987 0
0.219133 0
2.32765 0
2.03973 0
1.61081 0
0.367089 0
0.858712 0
0.185638 0
0.158318 0
0.558295 0
0.326745 0
0.321976 0
0.212825 0
4.37243 0
0.0689765 0
0.122993 0
0.20642 0
0.776304 0
0.223826 0
1.92332 0
1.00593 0
0.112588 0
0.230015 0
0.178754 0
1.70784 0
0.427229 0
0.115287 0
0.10635 0
0.213419 0
0 0
0.554583 0
0.793255 0
0.16219 0
0.513017 0
1.04672 0
2.65464 0
0.284179 0
0.098146 0
0.260515 0
0.612991 0
0.464954 0
0.915585 0
0.84698 0
0.878716 0
0.390653 0
0.119193 0
1.73098 0
0.62408 0
0.194983 0
0.0548617 0
1.87359 0
1.0614 0
0.18342 0
0.452005 0
2.025 0
