0.124715 1
0.106759 1
0.415254 1
0.0978293 1
0.0841936 1
0.742451 1
0.0393493 1
0.170026 1
0.131343 1
0.542647 1
5.72871 1
0.208527 1
1.58636 1
0.0717083 1
0.110068 1
0.0727619 1
0.105407 1
2.44521 1
0.0218599 1
0.329737 1
0.040557 1
0.750584 1
1.14655 1
0.445517 1
0.0639689 1
9.53845 1
0.121264 1
0.107956 1
1.06822 1
0.149753 1
0.0570198 1
3.2024 1
0.719927 1
0.0724289 1
0.152662 1
0.0535 1
1.20377 1
0.281956 1
0.0892403 1
0.0527751 1
6.28205 1
3.26468 1
0.0678708 1
2.76916 1
2.1083 1
0.0854715 1
0.382545 1
0.0590983 1
2.91503 1
1.21647 1
10.547 1
1.20652 1
1.61569 1
0.320293 1
0.182059 1
0.269858 1
0.0918879 1
0.0416107 1
0.0810904 1
2.16096 1
0.749253 1
5.33191 1
0.0463223 1
0.700551 1
5.61955 1
0.0397142 1
0.295415 1
3.48361 1
1.99862 1
0.144414 1
9.04651 1
0.928767 1
0.373251 1
0.0960924 1
0.15056 1
0 1
0.0202636 1
0.483473 1
0.0274254 1
28.1987 1
2.2319 1
1.11403 1
4.02809 1
1.08193 1
1.24092 1
1.62595 1
3.4966 1
2.96849 1
0.63675 1
0.787549 1
6.50721 1
3.5838 1
0.0543257 1
1.03225 1
0.118418 1
0.102759 1
0.210696 1
2.66828 1
1.22007 1
0.157967 1
0.0446218 1
1.25787 1
2.11495 1
0.37869 1
1.76071 1
0.701512 1
0.527586 1
2.66735 1
0.0185824 1
0.0753862 1
6.23959 1
0.0332137 1
14.828 1
0.0495864 1
0.0398285 1
1.14311 1
0.806188 1
0.669417 1
0.370489 1
0.356774 1
0.601787 1
3.57566 1
0.0752891 1
0.656927 1
0.0967197 1
0.13972 1
0.176842 1
0.460518 1
0.886453 1
0.73141 1
0.693385 1
0.073074 1
0.0159847 1
0.0528098 1
2.59962 1
4.61591 1
13.0521 1
0.121034 1
6.14842 1
1.16778 1
0.366614 1
1.24345 1
0.0658385 1
0.06865 1
0.525867 1
1.08151 1
1.33727 1
0.63099 1
1.30607 1
0.0422404 1
0.0452296 1
0.218977 1
20.5053 1
0.0861587 1
0.0585438 1
0.0631342 1
6.55858 1
0.0439128 1
0.0811144 1
0.46289 1
0.176067 1
0.143861 1
0.0691607 1
5.23129 1
0.0770916 1
0.0793455 1
0.150906 1
0.0320102 1
0.22971 1
0.0697306 1
8.18385 1
0.612779 1
0.0674218 1
0.0615471 1
4.26422 1
1.04338 1
1.23766 1
0.072507 1
0.111607 1
0.0316283 1
34.1366 1
2.97031 1
0.0288647 1
0.838906 1
0.0560778 1
8.50584 1
1.17056 1
1.14372 1
0.355404 1
0.0742736 1
0.000889929 1
0.0805292 1
1.86733 1
2.04914 1
0.228888 1
0.0453956 1
0.0445589 1
0.399958 1
0.0781468 1
0 1
0.149517 1
2.8509 1
0.0532235 1
0.0123573 1
5.99105 1
0.15181 1
1.99716 1
1.46354 1
0.146345 1
0.0731563 1
1.09163 1
0.109551 1
0.00616794 1
4.75162 1
0.0995442 1
0.215467 1
1.73708 1
0.34695 1
2.24485 1
2.01696 1
0.0568018 1
3.26467 1
0.0183862 1
0.0815106 1
0.359858 1
1.9691 1
2.28442 1
0.814939 1
0.3656 1
0.0572338 1
0.442782 1
0.0490924 1
0.35371 1
0.541288 1
0.0804858 1
0.0087987 1
0.0102265 1
0.458851 1
0.33098 1
1.17452 1
0.30489 1
0.0107164 1
0.373207 1
0.284701 1
0.0873002 1
2.35082 1
1.2218 1
1.09606 1
0.687771 1
1.21275 1
7.53062 1
0.886144 1
0.0944844 1
3.57109 1
0.0428069 1
0.0200501 1
0.0826766 1
0.932757 1
2.89368 1
0.0993702 1
1.68345 1
0.290553 1
0.0699044 1
3.82053 1
0.121753 1
1.54041 1
0.0374374 1
1.59635 1
0.673885 1
0.0473184 1
1.28515 1
4.45336 1
0.0319264 1
0.0924155 1
4.50656 1
4.67672 1
0.0869635 1
1.69176 1
0.0134382 1
8.11136 1
0.374235 1
0.0452556 1
0.152963 1
0.102364 1
12.3677 1
0.479227 1
3.46459 1
12.3588 1
0.0385922 1
0.254769 1
0.519092 1
0.0581794 1
0.439174 1
0.121326 1
0.368217 1
0.0503374 1
0.378926 1
0.023944 1
0.0389155 1
0.017826 1
0.375113 1
0.0574356 1
0.598391 1
2.87154 1
1.60049 1
0.0468659 1
0.844132 1
0.189309 1
6.85737 1
0.0299223 1
14.1419 1
0.0608659 1
0.54449 1
0.0765685 1
0.145047 1
0.423411 1
0.553844 1
1.10548 1
0.0236656 1
0.0431651 1
0.0835474 1
0.0309121 1
0.0600146 1
2.09096 1
0.0601151 1
3.19555 1
1.77082 1
0.0995477 1
3.83123 1
1.04498 1
2.34838 1
0.175937 1
0.00617241 1
0.164123 1
0.182608 1
12.0961 1
2.2959 1
0.110093 1
0.0249661 1
1.81997 1
1.29962 1
2.30698 1
0.486997 1
0.127353 1
0.574302 1
1.81097 1
0.0682453 1
0.0380419 1
30.5138 1
0.109999 1
0.00433455 1
0.0677807 1
0.0382702 1
0.117233 1
0.109474 1
0.411819 1
0.311455 1
0.062968 1
8.34183 1
0.221652 1
1.18859 1
5.71014 1
0.0910071 1
0.394589 1
1.46447 1
1.97406 1
0.191164 1
0.714146 1
0.309976 1
0.0063276 1
4.30219 1
2.627 1
0.115656 1
0.0433377 1
0.170955 1
0.79451 1
0.0513938 1
0.805306 1
0.0666447 1
0.316563 1
0.0975188 1
0.0798291 1
0.0751202 1
12.0342 1
0.685701 1
2.12521 1
0.952372 1
0.143822 1
0.314817 1
0.0684508 1
3.40078 1
0.262798 1
0.149082 1
1.5698 1
0.124477 1
0.00810077 1
4.1014 1
2.27163 1
0.0264131 1
0.651094 1
1.17085 1
0.197744 1
1.53363 1
0.0327093 1
0.109841 1
0.13441 1
0.183573 1
1.01067 1
0.0106649 1
1.03892 1
0.838564 1
2.45519 1
1.1867 1
0.151681 1
0.283631 1
73.6415 1
1.68905 1
2.07119 1
2.74548 1
0.0952577 1
0.0886872 1
0.042707 1
0.415386 1
0.0653828 1
1.31761 1
2.34081 1
0.0279427 1
0.364488 1
0.131318 1
0.0772735 1
0.146605 1
0.079251 1
0.04143 1
0.436719 1
1.31993 1
0.100209 1
0.238723 1
0.0468066 1
13.7081 1
0.094412 1
6.71181 1
0.204557 1
0.110919 1
0.177345 1
0.0918489 1
1.02483 1
0.0428163 1
0.387487 1
0.0672637 1
2.05997 1
0.0735853 1
0.336805 1
0.0719259 1
0.761626 1
1.6503 1
0.0673012 1
0.700402 1
0.548255 1
8.23543 1
0.0776736 1
1.30057 1
1.16726 1
0.893622 1
0.113682 1
0.182604 1
1.18882 1
3.28306 1
0.296992 1
1.07871 1
0.00841984 1
0.09616 1
0.53998 1
1.57875 1
0.0592139 1
0.0799979 1
1.61656 1
0.666004 1
0.0627397 1
10.4015 1
0.0264401 1
1.35344 1
1.65065 1
0.0234426 1
4.06513 1
0.0633541 1
2.90767 1
0.0243427 1
0.19895 1
0.115389 1
0.0478931 1
0.0719712 1
0.0729291 1
0.071043 1
0 1
0.0989663 1
2.27602 1
0.0501419 1
0.085266 1
0.0715933 1
1.51511 1
0.617004 1
5.55541 1
17.2501 1
0.11256 1
0.0825562 1
0.629201 1
4.27284 1
0 1
39.8082 1
0.915887 1
1.59591 1
1.9656 1
2.79674 1
1.63733 1
1.16157 1
26.8596 1
1.37746 1
0.0291545 1
0.135602 1
0.0954803 1
1.63237 1
1.78058 1
0.621234 1
0.0387273 1
0.0866724 1
2.06133 1
0.766615 1
1.1402 1
0.210665 1
0.0754331 1
0.0419401 1
0.0525332 1
0.0621777 1
0.131683 1
0.00564228 1
0.0259644 1
18.8469 1
0.895193 1
0.340809 1
0.0280076 1
0.0722408 1
0.0945843 1
0.0281745 1
0.110276 1
1.23924 1
0.433687 1
0.857571 1
0.0713403 1
0.0245084 1
0.031716 1
0.058013 1
0.18783 1
5.09587 1
0.919962 1
0.0569196 1
0.0653096 1
2.08412 1
0.746572 1
0.0977991 1
2.77154 1
0.0686404 1
0.0810733 1
47.7507 1
0.083711 1
1.76437 1
3.83724 1
0.0570345 1
0.288855 1
0.100497 1
0.333193 1
0.537227 1
2.1235 1
0.0300305 1
0.0455395 1
1.22461 1
0.399246 1
0.434096 1
4.1803 1
0.411662 1
5.69894 1
0.0718725 1
0.0679725 1
0.894808 1
0.749064 1
0.0299563 1
0.0255427 1
0.280465 1
8.80352 1
0.0740741 1
1.95647 1
0.0709975 1
0.0683262 1
0.699027 1
0.0682722 1
0.0677266 1
0.108097 1
0.0488938 1
0.0349764 1
0.0666118 1
29.056 1
5.69898 1
8.23448 1
0.0386841 1
9.95692 1
4.94878 1
5.55836 1
0.155465 1
3.36459 1
0.228588 1
0.0633634 1
0.765002 1
0.831114 1
0.0390354 1
3.93236 1
0.0367232 1
0.0345738 1
0.883176 1
0.180219 1
2.19068 1
0.104199 1
1.64423 1
0.2299 1
1.70417 1
0.0831996 1
0.0693699 1
27.0371 1
3.64751 1
0.365189 1
0.12388 1
22.249 1
0.0421466 1
0.0351816 1
0.0386395 1
0.575567 1
0.860696 1
0.06306 1
0.0220556 1
3.38867 1
2.38224 1
1.0586 1
4.69882 1
47.5561 1
0.767093 1
5.5482 1
14.9102 1
0.0673639 1
0.526466 1
1.78146 1
0.260596 1
0.0949817 1
1.24184 1
0.052595 1
2.1877 1
0.0898665 1
0.0478733 1
0.206778 1
1.12228 1
0.108024 1
6.51498 1
3.32487 1
0.0182825 1
0.523402 1
1.4989 1
0.0827832 1
3.04743 1
0.0513067 1
0.723155 1
0.0499428 1
0.535963 1
0.977778 1
0.570019 1
0.523983 1
0.0757259 1
1.46792 1
0.592177 1
2.81672 1
3.60313 1
0.0616833 1
0.051189 0
0.0308636 0
0.227878 0
0.0513705 0
0.0563643 0
0.0819208 0
0.0399106 0
0.0533391 0
0.0509165 0
0.109859 0
0.0336 0
0.36473 0
0.0407977 0
0.0836173 0
0.325334 0
0.314951 0
0.0402538 0
0.0879034 0
0.148529 0
0.768442 0
1.00444 0
0.0678218 0
0.116643 0
0.264045 0
0.0891813 0
0.0695169 0
0.0952819 0
0.0332811 0
5.32781 0
0.59082 0
0.151326 0
0.00286135 0
1.21587 0
0.0904408 0
0.0439477 0
0.0637684 0
0.0438856 0
0.0733533 0
0.114465 0
0.0922903 0
0.0707824 0
0.0626032 0
0.0837049 0
0.174097 0
0.233144 0
0.0642085 0
0.049607 0
0.0548286 0
0.0309572 0
0.0585636 0
0.075102 0
0.0961173 0
0.0404928 0
1.71286 0
0.0516736 0
0.133918 0
0.0256477 0
0.0743173 0
0.0456802 0
0.0643327 0
0.0314302 0
0.621865 0
0.081098 0
0.0827436 0
0.0472441 0
0.0473976 0
0.0336384 0
0.968485 0
0.0398229 0
0.0604076 0
0.0606576 0
0.556164 0
0.0558704 0
0.0619571 0
0.0883265 0
0.0568779 0
0.129489 0
0.0526823 0
0.0249453 0
0.0990868 0
0.090566 0
0.0922199 0
0.0816415 0
0.0530118 0
0.063065 0
0.0158891 0
0.107794 0
0.0170806 0
0.0660166 0
0.0931514 0
0.199249 0
0.00373774 0
0.0297014 0
0.144834 0
0.111534 0
0.318523 0
0.150719 0
1.30714 0
0.0359497 0
0.0857808 0
0.0689477 0
0.0249761 0
0.0182323 0
0.0445469 0
0.0812668 0
0.0950961 0
0.0538889 0
0.156184 0
0.0225548 0
0.0368526 0
0.493548 0
0.0218985 0
0.132178 0
0.0243357 0
0.0533961 0
0.0134942 0
0.028242 0
0.0393975 0
0.0655009 0
0.0209212 0
0.0758212 0
0.0763317 0
0.105459 0
0.0189082 0
0.0938729 0
0.048182 0
0.565226 0
0.110323 0
0.0876758 0
0.766711 0
0.0106512 0
0.152076 0
0.0712998 0
0.105283 0
0.0885663 0
0.0774232 0
0.0298001 0
0.0354342 0
0.647078 0
0.21395 0
0.0768063 0
0.0708759 0
0.0431841 0
0.0252558 0
0.113258 0
0.028022 0
0.0700199 0
0.0213571 0
0.0212207 0
0.0900578 0
0.0876722 0
0.213561 0
0.0228583 0
0.0836939 0
2.00572 0
0.091031 0
0.402689 0
0.0858923 0
0.0480687 0
0.086028 0
0.0268557 0
0.0703453 0
0.0731077 0
0.0669911 0
0.122179 0
0.0265771 0
0.206332 0
0.0899875 0
0.0603273 0
0.0452052 0
0.499312 0
0.0833582 0
0.048694 0
0.0467726 0
0.144479 0
0.0456201 0
0.158046 0
0.0817216 0
0.0980669 0
0.0399779 0
0.0938888 0
0.0862275 0
0.120242 0
0.7455 0
0.181895 0
0.145862 0
0.10029 0
0.0506544 0
0.124782 0
0.0947554 0
0.0219674 0
0.029741 0
0.699828 0
0.0480655 0
0.0360541 0
0.0686949 0
0.0693194 0
0.0821999 0
0.081212 0
0.0426945 0
0.110053 0
0.0606167 0
0.080578 0
0.102128 0
0.0642986 0
0.0625 0
0.0394304 0
0.0500588 0
0.0408732 0
0.0816465 0
0.0463701 0
0.0702309 0
0.0710019 0
0.883415 0
0.0606323 0
0.243215 0
0.15232 0
0.0426414 0
0.0696087 0
0.0148176 0
0.0599386 0
0.0405765 0
0.116695 0
0.038573 0
2.48062 0
0.0397249 0
0.0676896 0
0.0662874 0
0.0504384 0
0.133383 0
0.077758 0
0.099012 0
0.111627 0
0.070463 0
0.0406015 0
1.17396 0
0.0475872 0
0.0556502 0
0.0889097 0
0.0341697 0
0.0922566 0
0.464393 0
0.0733683 0
0.0535158 0
0.0324605 0
0.0593314 0
0.0192194 0
0.129938 0
0.0299962 0
0.0871779 0
0.0362632 0
0.068094 0
0.0220226 0
0.0699306 0
0.042962 0
0.0310885 0
0.0318503 0
0.0151641 0
0.0570914 0
0.0295398 0
0.15206 0
0.0507188 0
0.0281685 0
0.097136 0
0.426356 0
0.759732 0
0.0746187 0
0.320201 0
0.684344 0
0.126541 0
0.0733094 0
0.14208 0
0.0301343 0
0.435064 0
0.0697508 0
0.0902666 0
0.0744462 0
0.0325126 0
0.0591223 0
0.0162373 0
0.33226 0
0.484383 0
0.0339377 0
0.0592806 0
0.0908837 0
0.161301 0
0.0779107 0
4.13422 0
0.0506578 0
0.106898 0
0.0584413 0
0.0753621 0
2.60246 0
0.0524397 0
0.0331672 0
0.114782 0
0.0880799 0
0 0
0.897863 0
0.0835795 0
0.0884675 0
0.126731 0
0.106533 0
0.0448594 0
0.110598 0
1.59603 0
0.110022 0
0.131764 0
0.0629899 0
0.0538374 0
0.0882063 0
0.09221 0
0.0110807 0
0.121618 0
0.0491608 0
0.079958 0
0.348558 0
0.0702761 0
0.0366606 0
0.127992 0
0.0236029 0
3.26824 0
0.0825598 0
0.0174954 0
0.474432 0
0.0814393 0
0.806766 0
0.0712572 0
0.0710231 0
0.0131107 0
0.0916999 0
0.137702 0
0.0606934 0
0.0974072 0
0.0646012 0
0.0572047 0
0.220026 0
0.169249 0
0.107955 0
0.101517 0
0.18891 0
0.128451 0
0.0300971 0
0.469514 0
0 0
0.113634 0
0.0368801 0
1.42968 0
0.310038 0
0.32893 0
0.0450975 0
0.087324 0
0.0979381 0
0.189277 0
4.62218 0
0.0574728 0
0.0713908 0
0.0765474 0
0.0301531 0
0.572149 0
0.0202457 0
0.0761572 0
0.0518615 0
0.09478 0
0.0298425 0
0.059411 0
0.0254435 0
0.0383308 0
0.121915 0
0.0466972 0
0.0206435 0
0.0972656 0
0.111849 0
0.139306 0
0.0241765 0
0.0656973 0
0.0594212 0
0.0759705 0
0.852409 0
0.127284 0
0.0909193 0
0.0120684 0
0.0577189 0
1.06632 0
0.0783933 0
0.0675675 0
0.0657138 0
0.0425187 0
0.056703 0
0.0835388 0
0.00617672 0
0.467092 0
0.0849305 0
0.0239168 0
0.421331 0
0.335263 0
0.0577738 0
0.0701466 0
0.0553506 0
1.1764 0
0.0990535 0
0.354949 0
0.0689841 0
0.0606134 0
0.586751 0
0.0284073 0
0.12508 0
0.0489662 0
0.553126 0
0.282165 0
0.0555437 0
0.0185664 0
0.252338 0
0.0564385 0
0.00815031 0
0.0151924 0
0.0251304 0
0.0411828 0
0.022072 0
0.587852 0
0.0666573 0
0.049781 0
0.0488391 0
0.0644761 0
0.115903 0
0.0993456 0
0.0859841 0
0.0655846 0
0.127988 0
0.107709 0
0.063485 0
0.00956128 0
0.0547908 0
0.105642 0
0.0440595 0
0.0314673 0
0.653749 0
0 0
0.132256 0
0.0500349 0
0.0610518 0
0.0419239 0
0.0618181 0
0.0549359 0
0.0517839 0
0.0567271 0
0.0946397 0
0.0569834 0
0.144255 0
0.0862783 0
0.0796142 0
0.0721874 0
0.323043 0
0.0511649 0
0.379891 0
0.0187667 0
2.69443 0
0.072851 0
4.30752 0
0.0672837 0
0.0840927 0
0.0588677 0
0.0420529 0
0.729015 0
0.0251066 0
0.0946901 0
0.0353766 0
0.284925 0
0.0604789 0
0.0312004 0
0.0346735 0
0.089017 0
0.0458088 0
0.0318803 0
0.0691591 0
0.947446 0
0.0641845 0
0.107674 0
0.0569929 0
0.0420434 0
0.829554 0
0.0530166 0
0.0584314 0
0.0150604 0
0.0569748 0
0.065188 0
0.0220309 0
0.0403096 0
6.24735 0
0.0836003 0
0.0796265 0
0.0418386 0
0.0262156 0
0.0692471 0
0.0502347 0
0.230495 0
0.318181 0
0.0512661 0
0.0918982 0
0.0809174 0
0.00760197 0
0.0317106 0
1.63271 0
0.111679 0
0.0742305 0
0.0250569 0
0.0115039 0
0.0512853 0
0.0913626 0
0.433747 0
0.0951351 0
0.0207495 0
0.0617163 0
0.108116 0
0.0445419 0
0.0569448 0
0.082263 0
0.0479319 0
0.103965 0
0.0715508 0
0.0474586 0
0.0718452 0
0.0542841 0
0.0238584 0
0.0223766 0
0.0454573 0
0.0525655 0
0 0
0.0484304 0
0.169122 0
0 0
0.141807 0
0.0549682 0
0.0762123 0
0.232132 0
0.0956099 0
0.0380695 0
0.12326 0
0.499159 0
0.0993416 0
0.049958 0
0.0543537 0
0.0548676 0
0.0705042 0
0.0659956 0
0.0688004 0
0.0635455 0
1.19378 0
0.0766927 0
0.442953 0
0.0237422 0
0.0493286 0
0.0365306 0
0.0290839 0
0.0747828 0
0.865904 0
0.031555 0
0.0386514 0
0.0440428 0
0.0776468 0
0.0792821 0
0.269781 0
0.264184 0
0.138041 0
1.22698 0
0.0626576 0
0.0958525 0
0.0750574 0
0.00355831 0
0.0408873 0
0.137238 0
0.060668 0
0.0556253 0
0.027981 0
0.0181749 0
0.0704959 0
0.759426 0
0.0794093 0
0.0200936 0
0.049829 0
0.0749854 0
0.0557094 0
0.0310966 0
0.404702 0
0.0751997 0
0.0461796 0
0.153583 0
0.135008 0
0.317216 0
1.17222 0
0.658556 0
0.047741 0
0.129913 0
5.38007 0
0.0696957 0
0.0848573 0
0.059229 0
0.0844084 0
0.0848757 0
0.13253 0
0.108716 0
0.132766 0
0.106431 0
0.0747863 0
0.962442 0
0.0289425 0
0.070303 0
0.0909014 0
0.0935216 0
0.0615808 0
0.0706288 0
0.0270252 0
0.072138 0
0.0334371 0
0.0463582 0
2.77381 0
0.0475502 0
0.0446903 0
0.0780823 0
0.0704033 0
0.084869 0
0.9598 0
0.101541 0
0.0786549 0
0.103395 0
0.302812 0
0.0914905 0
0.0333697 0
0.0352011 0
0.601537 0
0.350333 0
0.0403561 0
0.0560875 0
0.0134943 0
0.0728659 0
0.0714754 0
0.0889027 0
0.0857309 0
0.0201391 0
0.0595256 0
0.102059 0
0.087463 0
0.0245962 0
0.0562522 0
0.0640504 0
0.0917556 0
0.020333 0
0.0207706 0
0.0572374 0
0.0558809 0
0.049779 0
0.11043 0
0.0332548 0
0.232398 0
0.828823 0
0.0633418 0
0.0357423 0
0.423864 0
0.131241 0
0 0
0.0418492 0
0.0665336 0
0.0156724 0
0.0462953 0
0.0640625 0
0.0779514 0
0.0466545 0
0.0113608 0
0.0361845 0
4.39595 0
0.149048 0
0.0971929 0
0.147568 0
0.126021 0
0.110483 0
0.0742272 0
0.0592105 0
2.41896 0
0.142826 0
0.068447 0
0.403404 0
