0.714802 1
0.558025 1
1.16796 1
1.48599 1
1.38701 1
4.97577 1
0.11275 1
0.828235 1
0.221194 1
3.55303 1
0.111736 1
0.47746 1
0.197203 1
0.181528 1
0.213718 1
0.723156 1
0.226703 1
1.10696 1
1.37013 1
0.709567 1
1.107 1
0.126679 1
2.35675 1
0.39016 1
0.936677 1
0.855571 1
0.197439 1
29.6104 1
1.7107 1
0.31738 1
3.03422 1
0.598351 1
0.355013 1
0.215961 1
1.14023 1
1.63544 1
0.249299 1
1.26823 1
0.843204 1
2.26533 1
3.55074 1
0.583293 1
0.184506 1
0.582877 1
5.65745 1
0.711126 1
0.454033 1
2.6228 1
0.178162 1
1.54622 1
2.05093 1
1.85939 1
0.254932 1
0.19954 1
0.00494425 1
1.0092 1
3.10523 1
1.78089 1
2.03467 1
0.761892 1
2.97692 1
0.138794 1
0.172674 1
3.36804 1
1.2332 1
3.58665 1
1.46113 1
0.135036 1
3.00778 1
1.08819 1
0.576711 1
0.416613 1
1.66822 1
2.96654 1
1.71648 1
1.09389 1
0.394562 1
4.35989 1
1.24676 1
1.11894 1
1.05074 1
0.685758 1
0.0660512 1
1.71254 1
0.0199856 1
2.05855 1
3.13184 1
2.00937 1
0.597513 1
0.863972 1
0.622485 1
0.228485 1
0.133462 1
0.031876 1
2.05845 1
0.336734 1
1.36357 1
0.137168 1
0.0987665 1
0.729753 1
0.112052 1
0.492833 1
1.09027 1
0.162758 1
3.38525 1
3.43491 1
0.590593 1
3.84809 1
1.55607 1
1.45473 1
0.659196 1
0.298906 1
0.756555 1
1.2814 1
0.445245 1
2.45596 1
4.99609 1
3.41104 1
1.15227 1
1.13773 1
0.39381 1
0.227254 1
1.95847 1
0.883788 1
0.873227 1
2.64246 1
1.31395 1
1.28558 1
1.34671 1
1.67579 1
13.6255 1
1.30506 1
1.77572 1
2.2059 1
0.44284 1
0.763818 1
3.73488 1
0.402504 1
0.465179 1
0.89431 1
4.56999 1
0.244964 1
2.112 1
0.286659 1
0.317296 1
2.16561 1
2.09041 1
0.918507 1
1.93012 1
2.80695 1
0.750956 1
2.20767 1
0.581802 1
2.20127 1
0.164445 1
0.131203 1
0.105339 1
3.50723 1
0.995881 1
0.146581 1
1.98404 1
0.332562 1
2.67898 1
2.17124 1
1.38609 1
0.349198 1
2.54148 1
2.50434 1
0.450319 1
0.678703 1
0.0960113 1
6.42875 1
1.30173 1
2.51707 1
0.451885 1
0.30723 1
1.25143 1
0.84484 1
2.50411 1
0.403418 1
0.103004 1
3.92436 1
0.919732 1
0.454491 1
1.94045 1
0.725383 1
0.543528 1
2.69197 1
0.539687 1
0.662634 1
3.48583 1
0.29757 1
1.68107 1
1.65085 1
0.175872 1
0.874003 1
0.169414 1
0.233833 1
0.402053 1
1.60056 1
0.490386 1
0.480089 1
1.69687 1
0.125833 1
0.19807 1
0.195903 1
0.581968 1
0.445782 1
0.777473 1
0.194351 1
0.739502 1
0.139836 1
0.587442 1
1.67427 1
3.03122 1
0.651381 1
0.381401 1
1.47072 1
0.139 1
0.289187 1
0.505175 1
0.259268 1
0.257837 1
0.411839 1
0.722544 1
0.562921 1
1.65772 1
2.75295 1
0.25121 1
0.15445 1
0.328609 1
0.222417 1
0.532033 1
1.30398 1
0.257624 1
0.145753 1
0.343248 1
0.577106 1
4.5557 1
0.13513 1
0.690845 1
1.13618 1
0.986597 1
0.448663 1
1.56196 1
0.177427 1
0.279857 1
0.120455 1
1.48953 1
1.13484 1
1.89996 1
4.61316 1
0.666126 1
2.74693 1
0.536704 1
1.56165 1
0.443487 1
0.310954 1
1.54046 1
0.334577 1
0.710611 1
2.15485 1
0.0403493 1
0.13007 1
4.78881 1
0.875085 1
1.02006 1
0.0663953 1
0.00802669 1
2.11316 1
0.861903 1
1.70013 1
0.355711 1
0.151317 1
1.99759 1
0.812972 1
1.00491 1
1.86584 1
0.428134 1
0.761591 1
0.11866 1
0.574596 1
0.157313 1
0.0569652 1
0.320192 1
0.198076 1
1.00649 1
0.115738 1
0.320164 1
0.571907 1
0.275093 1
0.193256 1
1.53294 1
1.22708 1
2.97807 1
0.795156 1
0.512028 1
0.524203 1
0.263844 1
4.00421 1
1.40764 1
0.672679 1
0.117788 1
0.102537 1
0.350546 1
0.79559 1
1.48921 1
0.979804 1
0.85311 1
5.79014 1
0.274445 1
0.711008 1
0.0784748 1
0.267764 1
9.60695 1
0.853187 1
3.54668 1
0.338185 1
1.27865 1
0.697484 1
0.244709 1
0.870576 1
2.47565 1
1.87903 1
0.682989 1
0.0947872 1
1.06027 1
0.30362 1
0.56768 1
0.566408 1
11.849 1
0.834695 1
2.43978 1
1.54903 1
0.235847 1
0.810784 1
0.325499 1
0.79808 1
2.24096 1
0.0765562 1
0.706965 1
1.15646 1
0.330529 1
3.1779 1
1.6806 1
3.77336 1
2.14141 1
0.981481 1
0.46092 1
5.2902 1
2.12728 1
0.223874 1
0.142452 1
0.0379043 1
0.378721 1
0.410856 1
116.06 1
2.98628 1
1.425 1
0.173366 1
1.11644 1
1.1003 1
0.0772635 1
0.897772 1
2.19839 1
2.33771 1
3.52704 1
1.97769 1
2.71679 1
0.76853 1
0.115264 1
3.23759 1
1.69727 1
0.265398 1
0.0681048 1
0.152396 1
7.42198 1
2.46874 1
3.28398 1
0.155578 1
1.40544 1
1.49948 1
1.84852 1
1.11025 1
0.894172 1
0.182079 1
0.301435 1
1.03578 1
0.684834 1
0.441977 1
1.99163 1
0.997516 1
0.609029 1
1.05508 1
0.340515 1
0.831382 1
1.29624 1
0.81975 1
1.65287 1
0.753429 1
2.39412 1
1.8748 1
0.224806 1
1.20136 1
1.51017 1
0.148184 1
0.716478 1
1.76326 1
1.11432 1
0.789022 1
2.1861 1
1.46603 1
0.780444 1
1.71146 1
7.7705 1
0.181457 1
10.8968 1
2.24298 1
0.237602 1
0.528541 1
0.201276 1
0.855501 1
1.30049 1
0.601876 1
5.68404 1
0.694187 1
3.15457 1
0.243632 1
0.231094 1
3.17086 1
0.86802 1
1.59309 1
0.285624 1
1.93165 1
3.59105 1
1.92187 1
1.5851 1
1.92523 1
0.924311 1
1.28786 1
0.180025 1
31.2723 1
1.83127 1
0.748323 1
0.0524693 1
0.53194 1
0.424909 1
0.137462 1
1.23825 1
0.985841 1
2.61763 1
4.3763 1
4.48157 1
1.03996 1
3.44527 1
0.874397 1
1.79971 1
3.0725 1
0.642944 1
0.178947 1
3.56639 1
0.5578 1
0.353836 1
0.81637 1
0.140244 1
6.04269 1
1.99535 1
0.338088 1
0.449832 1
0.0754047 1
0.640065 1
0.254806 1
0.51274 1
0.683991 1
0.324426 1
2.83225 1
3.74541 1
1.07862 1
1.87693 1
0.529044 1
0.401007 1
0.829892 1
1.70055 1
0.209163 1
0.0815275 1
0.533736 1
0.870285 1
0.983342 1
0.279131 1
0.182614 1
0.841338 1
1.74864 1
0.292607 1
0.778626 1
0.369878 1
0.540179 1
0.461979 1
0.17934 1
0.87243 1
0.886911 1
0.116836 1
0.128337 1
0.502697 1
1.35118 1
2.73012 1
0.108071 1
2.63311 1
1.35305 1
0.108561 1
0.786008 1
0.685645 1
0.0527568 1
3.45444 1
0.155005 1
1.12041 1
0.0256429 1
0.300545 1
0.105314 1
1.26664 1
2.20955 1
0.398135 1
0.157919 1
0.111676 1
1.23772 1
0.711136 1
0.866179 1
1.56595 1
0.240707 1
0.500057 1
1.57494 1
1.20138 1
1.4499 1
1.93395 1
0.0792453 1
0.705168 1
0.134962 1
1.42362 1
1.63308 1
4.40657 1
0.483733 1
0.772159 1
1.11647 1
7.75964 1
1.34677 1
0.80448 1
0.361811 1
0.0988705 1
1.54144 1
0.555788 1
2.31687 1
0.64215 1
2.4207 1
0.197863 1
0.943564 1
0.169393 1
2.49648 1
1.07735 1
0.124339 1
0.128936 1
1.79618 1
0.815309 1
0.262382 1
1.94025 1
0.527271 1
0.905096 1
32.9185 1
6.23263 1
0.751884 1
0.815957 1
1.65058 1
2.28438 1
1.30747 1
0.691936 1
1.1903 1
2.83534 1
0.173516 1
3.89059 1
2.57147 1
4.6127 1
1.01791 1
0.337319 1
1.82436 1
5.46115 1
1.07086 1
1.33597 1
0.661324 1
1.04281 1
2.15418 1
0.253415 1
0.803617 1
0.119011 1
2.9658 1
0.637066 1
4.27772 1
0.356092 1
0.18684 1
3.45117 1
0.795804 1
1.94135 1
3.87363 1
0.736919 1
0.969666 1
3.28161 1
2.86399 1
0.69705 1
1.37406 1
4.07667 1
1.10643 1
0.425006 1
0.732157 1
1.10806 1
0.214229 1
2.67851 1
0.275289 1
0.702166 1
1.39014 1
0.669496 1
4.40668 1
0.982901 1
0.47614 1
0.157139 1
1.29447 1
0.704171 1
0.323694 1
4.0177 1
0.739707 1
0.142278 1
0.289298 1
1.05346 1
1.6788 1
1.44885 1
0.355591 1
2.05155 1
0.568538 1
1.10334 1
0.380557 1
0.68088 1
0.653819 1
1.09061 1
1.01956 1
3.58937 1
0.181343 1
2.0168 1
2.00038 1
0.529507 1
2.53953 1
2.76 1
1.53608 1
0.19425 1
2.61882 1
0.759991 1
1.98422 1
1.68359 1
0.785164 1
0.0751806 1
0.10532 1
1.91214 1
5.38918 1
1.23524 1
0.921711 1
2.93719 1
2.40897 1
2.95229 1
1.18876 1
0.771775 1
2.38367 1
0.228557 1
1.30595 1
1.11071 1
0.906129 1
1.46063 1
0.656296 1
0.0257557 1
3.2773 1
0.419479 1
1.30727 1
0.223473 1
1.66108 1
0.288833 1
2.36706 1
1.61755 1
0.951463 1
2.02583 1
0.43554 1
1.60409 1
1.22946 1
2.06088 1
0.542793 1
3.87453 1
1.52251 1
1.13709 1
0.456829 1
1.55632 1
2.026 1
3.75475 1
3.27375 1
1.2302 1
0.216128 1
3.39817 1
8.31357 1
1.00384 1
0.881401 1
0.272031 1
1.22881 1
0.03887 1
3.68974 1
3.39758 1
1.75889 1
0.208281 1
0.911785 1
1.92503 1
1.39752 1
0.645059 1
2.56777 1
0.137183 1
0.635491 1
0.380605 1
0.286426 1
1.7676 1
1.1018 1
7.21654 1
2.69681 1
0.351168 1
0.565624 1
0.451027 1
0.641302 1
0.234359 1
2.5276 1
0.528383 1
1.03844 1
0.587049 1
0.249983 1
2.03878 1
1.04529 1
1.1591 1
3.56243 1
2.1039 1
0.549919 1
0.785559 1
1.30432 1
0.253983 1
1.65339 1
0.982241 1
0.280769 1
2.00764 1
0.90832 1
0.69654 1
5.28217 1
2.53799 1
0.127084 1
0.95813 1
0.339939 1
0.284338 1
1.07373 1
0.647323 1
0.551805 1
0.0955325 1
0.618398 1
1.45314 1
1.62148 1
5.11092 1
1.35132 1
0.730164 1
0.587644 1
0.303509 1
0.241243 1
3.1584 1
2.00084 1
0.11284 1
1.61925 1
0.818678 1
1.62004 1
0.322932 1
0.949717 1
1.40414 1
1.04267 1
1.86461 1
0.444346 1
0.285986 1
1.13408 1
6.1777 1
0.27407 1
3.06594 1
0.549539 1
10.7774 1
1.50018 1
0.852199 1
1.56438 1
0.163353 1
5.53299 1
0.684632 1
0.476884 1
1.66851 1
0.67064 1
2.39411 1
0.685176 1
0.584647 1
0.91964 1
1.13383 1
1.68919 1
2.15678 1
0.822985 1
0.189569 1
4.30188 1
0.283215 1
1.59459 1
1.47624 1
0.505121 1
0.548245 1
0.650254 1
0.213551 1
1.28152 1
4.54015 1
0.987295 1
1.96368 1
0.892958 1
0.68097 1
2.4119 1
0.315237 1
0.719949 1
0.424353 1
2.24503 1
1.4193 1
0.573069 1
0.484833 1
1.16204 1
0.128117 1
0.059023 1
0.273624 1
1.85794 1
0.492128 1
0.612656 1
0.392506 1
2.23506 1
0.209125 1
0.228539 1
1.43449 1
0.314508 1
0.245172 1
0.173183 1
3.78471 1
8.96268 1
3.16319 1
2.28907 1
0.333663 1
1.2978 1
0.657325 1
0.253423 1
2.43836 1
0.279896 1
0.266834 1
0.561292 1
1.30556 1
0.206287 1
3.90281 1
0.986931 1
1.24475 1
2.7301 1
0.543226 1
2.92591 1
1.6099 1
0.598822 1
3.13996 1
0.528402 1
1.35829 1
0.575196 1
0.437822 1
1.05536 1
0.540394 1
1.95074 1
0.297187 1
3.34749 1
1.00173 1
0.179627 1
0.088554 1
1.56003 1
0.682397 1
0.512183 1
0.839933 1
1.12208 1
0.468479 1
2.35904 1
1.53875 1
0.70275 1
2.60859 1
1.58994 1
4.49707 1
0.310107 1
1.95151 1
0.142387 1
0.422733 1
2.30384 1
0.233952 1
1.35135 1
3.20959 1
0.225474 1
1.34018 1
0.900937 1
1.24351 1
0.773667 1
0.23736 1
3.42851 1
0.234576 1
2.02574 1
2.09522 1
0.445703 1
1.60501 1
0.208007 1
1.00032 1
1.14992 1
0.240394 1
0.17651 1
1.05604 1
0.59472 1
0.689935 1
0.264607 1
0.812949 1
0.735637 1
0.704937 1
0.134672 1
3.39113 1
1.11232 1
1.02921 1
0.171727 1
0.222916 1
0.713874 1
1.2963 1
14.861 1
0.6808 1
1.74466 1
0.103257 1
1.85245 1
0.510726 1
1.87469 1
1.92864 1
0.224676 1
0.268448 1
1.58233 1
1.03104 1
2.21142 1
0.343134 1
2.88504 1
1.19209 1
50.6501 1
0.0295824 1
1.26715 1
4.27094 1
7.82258 1
0.547879 1
0.290313 1
0.238927 1
0.298024 1
3.27399 1
0.537371 1
0.639616 1
0.180666 1
2.5296 1
0.806314 1
1.30527 1
1.32529 1
1.22542 1
1.7581 1
1.74444 1
0.20126 1
1.14168 1
0.567289 1
0.336437 1
0.237938 1
0.131803 1
0.371959 1
0.987719 1
0.178591 1
1.99124 1
0.0977688 1
0.386249 1
0.271266 1
0.628448 1
0.343748 1
1.09827 1
0.231009 1
1.24556 1
0.277235 1
1.28296 1
0.277994 1
2.0647 1
0.449376 1
0.238693 1
0.171506 1
0.638748 1
0.626897 1
0.472445 1
1.09146 1
1.41234 1
0.407606 1
0.15378 1
9.6702 1
0.782331 1
3.90251 1
1.72759 1
0.189588 1
19.7765 1
0.501631 1
0.716155 1
1.30882 1
1.33841 1
0.0165909 1
0.965997 1
1.46174 1
0.154892 1
0.734758 1
0.281322 1
0.0923103 1
0.187909 1
3.29616 1
1.19265 1
14.5229 1
0.378156 1
1.09898 1
3.63939 1
0.414742 1
0.342159 1
0.338576 1
7.33095 1
2.04686 1
0.433157 1
0.309847 1
0.250264 1
2.1503 1
0.15498 1
0.261855 1
0.12137 1
0.101218 1
1.56621 1
0.784243 1
0.210528 1
0.108366 1
1.50524 1
10.6771 1
0.26247 1
0.358374 1
1.29539 1
0.169597 1
1.37815 1
0.271 1
1.23082 1
11.2064 1
2.18159 1
1.79048 1
0.162093 1
1.18857 1
0.139592 1
0.894004 1
0.799517 1
1.00229 1
0.0552809 1
0.10904 1
1.45804 1
0.795685 1
0.352919 1
1.10814 1
0.152002 1
65.7048 1
0.273709 1
1.12106 1
2.43649 1
3.93532 1
0.58749 1
0.502181 1
0.1948 1
1.18166 1
0.213142 1
0.92104 1
1.07357 1
0.464515 1
0.396866 1
1.72838 1
0.890844 1
0.405217 1
3.65458 1
0.863589 1
0.93618 0
0.470859 0
0.125192 0
0.140594 0
0.23134 0
5.13869 0
0.441241 0
0.136574 0
1.71984 0
1.30351 0
0.969779 0
2.20013 0
0.256519 0
1.26773 0
0.369541 0
0.24863 0
0.117823 0
0.284862 0
0.0463292 0
1.17441 0
0.124748 0
0.167142 0
0.150259 0
1.08533 0
0.0554318 0
0.127951 0
0.830246 0
0.014965 0
3.03127 0
0.671468 0
0.00818177 0
0.0402291 0
0.184813 0
0.297024 0
0.539215 0
1.03712 0
0.150722 0
1.54087 0
0.193863 0
0.224759 0
0.562876 0
1.76747 0
0.419954 0
0.252484 0
0.280173 0
0.993096 0
1.12435 0
0.122955 0
0.00279218 0
0.205183 0
0.173419 0
0.605643 0
0.194236 0
1.04674 0
0.858565 0
0.361765 0
0.25023 0
0.277776 0
0.133265 0
0.62304 0
0.850003 0
0.0806536 0
1.17825 0
0.198465 0
0.494833 0
0.177876 0
0.301025 0
0.235867 0
0.139451 0
0.122839 0
0.485458 0
0.226758 0
0.732683 0
0.19898 0
0.199313 0
0.122042 0
0.833431 0
0.756612 0
0.174338 0
0.755945 0
0.1382 0
1.20616 0
1.10087 0
0.0722989 0
0.60062 0
0.12628 0
0.57668 0
1.28397 0
0.209064 0
0.201404 0
0.553681 0
0.208405 0
23.1829 0
0.208892 0
0.120371 0
0.201877 0
0.26584 0
0.697949 0
1.02273 0
0.472214 0
1.34991 0
1.69837 0
5.64688 0
2.01917 0
1.97445 0
0.346738 0
1.68049 0
2.85278 0
0.529307 0
0.448103 0
1.2492 0
0.489802 0
0.448278 0
0.724655 0
0.494385 0
0.111655 0
0.772044 0
0.244713 0
0.489998 0
0.579271 0
0.361958 0
1.97583 0
0.596739 0
0.119715 0
0.244559 0
1.56829 0
0.371213 0
1.59689 0
4.38215 0
1.35389 0
0.214914 0
0.0705569 0
8.42561 0
3.9568 0
1.69673 0
0.480981 0
0.933434 0
0.632092 0
0.154657 0
2.81483 0
3.57025 0
3.55404 0
0.349055 0
9.49012 0
0.437862 0
0.174235 0
0.0811845 0
0.202489 0
1.34276 0
0.456189 0
0.500568 0
1.40355 0
0.942206 0
0.170581 0
0.150038 0
2.82225 0
3.14424 0
0.355492 0
0.202473 0
0.139549 0
0.448953 0
0.129361 0
0.648752 0
0.344339 0
0.995942 0
0.659063 0
1.97402 0
2.57973 0
0.211782 0
0.468987 0
3.68149 0
0.219823 0
0.194085 0
0.269496 0
0.829361 0
0.126505 0
0.201666 0
1.00196 0
0.593869 0
0.556605 0
2.71967 0
1.27537 0
0.584168 0
1.06002 0
0.19853 0
2.82673 0
4.81241 0
0.63118 0
2.51533 0
2.76318 0
0.365543 0
1.56723 0
0.0877475 0
1.4277 0
0.147829 0
0.160785 0
1.12553 0
0.253915 0
0.501512 0
0.820115 0
0.281283 0
0.327574 0
0.198861 0
0.343376 0
0.156789 0
0.225866 0
2.35892 0
2.31252 0
0.180558 0
0.622146 0
0.253329 0
0.229517 0
0.147931 0
1.6607 0
0.0994346 0
0.344742 0
1.42522 0
0.0889755 0
0.401431 0
0.813913 0
0.0730134 0
0.195466 0
2.56632 0
1.04956 0
0.388748 0
0.244275 0
0.205817 0
0.922176 0
1.00757 0
0.206396 0
0.312519 0
1.48347 0
0.112376 0
0.342049 0
0.90736 0
0.2533 0
1.37964 0
0.496102 0
2.49891 0
0.235326 0
0.190093 0
1.0323 0
2.68816 0
0.0556824 0
0.291918 0
0.501386 0
0.34181 0
1.99928 0
0.292449 0
0.140295 0
0.293755 0
0.276521 0
0.328359 0
0.71649 0
0.60549 0
0.517559 0
2.47469 0
0.411086 0
0.42789 0
0.319781 0
1.08982 0
0.930805 0
0.334662 0
0.455168 0
0.293017 0
3.2008 0
0.961877 0
0.185285 0
1.52611 0
0.0309496 0
0.531431 0
0.592203 0
0.106696 0
0.679643 0
0.287501 0
0.435847 0
0.169631 0
2.16216 0
2.15371 0
0.938139 0
0.326255 0
0.168344 0
0.809127 0
0.17737 0
0.51677 0
0.0885704 0
1.8342 0
0.173259 0
0.254085 0
1.2851 0
0.077006 0
3.31483 0
0.942496 0
0.769066 0
0.371726 0
1.08148 0
1.8064 0
2.86127 0
2.28483 0
1.05456 0
0.116807 0
0.0515645 0
0.282196 0
0.0232434 0
0.51418 0
0.045189 0
0.576894 0
0.202394 0
0.649774 0
0.872034 0
0.48248 0
2.57661 0
4.23785 0
2.52751 0
1.60354 0
0.693303 0
1.63456 0
0.981364 0
1.36598 0
0.19972 0
0.917784 0
0.24561 0
0.210269 0
0.442501 0
0.0535166 0
1.37591 0
0.253933 0
1.914 0
0.134227 0
0.381379 0
0.191534 0
0.692035 0
3.06301 0
3.26147 0
0.133738 0
1.47805 0
0.732085 0
2.49032 0
1.94005 0
1.3079 0
0.777123 0
0.232894 0
0.116674 0
0.432228 0
1.3762 0
0.297539 0
0.320314 0
0.676745 0
0.207516 0
0.480982 0
2.84678 0
1.7003 0
7.86248 0
2.77633 0
0.0885315 0
0.0941849 0
1.22642 0
0.315507 0
1.33842 0
0.344388 0
0.64546 0
0.415244 0
0.955575 0
0.389577 0
0.190759 0
0.324518 0
0.211555 0
0.0754734 0
0.141736 0
4.77412 0
0.65153 0
1.34522 0
1.26087 0
2.98049 0
0.402267 0
0.191571 0
0.0938582 0
2.0664 0
1.57792 0
2.60537 0
0.44889 0
0.232739 0
0.340024 0
1.3557 0
0.127141 0
0.556422 0
1.92692 0
1.44456 0
0.678606 0
0.25224 0
1.13658 0
0.739119 0
0.125908 0
4.20075 0
0.400376 0
0.0230358 0
2.94976 0
0.289651 0
0.819302 0
0.140645 0
4.25819 0
0.218362 0
0.159718 0
1.62369 0
0.657462 0
0.170035 0
1.46541 0
0.359412 0
2.52298 0
0.0328535 0
0.201414 0
0.410441 0
1.02243 0
0.602237 0
0.364944 0
0.541943 0
1.19323 0
0.884199 0
0.375832 0
0.326144 0
0.197199 0
0.61741 0
0.210652 0
0.483364 0
0.110066 0
0.206179 0
0.198261 0
0.410121 0
0.942226 0
0.865692 0
0.538542 0
0.192129 0
0.390863 0
1.06934 0
1.48787 0
1.88827 0
1.13947 0
0.378451 0
0.431002 0
0.911667 0
0.428894 0
0.22381 0
0.137078 0
0.158574 0
0.0954761 0
0.182841 0
0.438187 0
0.193126 0
17.2529 0
0.579872 0
0.24516 0
0.427807 0
0.676308 0
0.13239 0
5.6233 0
0.281294 0
0.147155 0
0.0462058 0
0.448429 0
2.9212 0
0.444974 0
0.162298 0
1.28875 0
3.22162 0
1.26485 0
0.852034 0
0.0716091 0
1.5724 0
0.424614 0
0.791387 0
2.25368 0
0.269389 0
4.15067 0
0.576004 0
0.0863486 0
0.203027 0
0.292074 0
0.124254 0
0.393299 0
0.340273 0
0.449592 0
0.314799 0
0.539175 0
0.111803 0
0.220037 0
0.21991 0
0.966309 0
1.45898 0
0.218048 0
0.261109 0
0.501335 0
0.249813 0
0.210961 0
0.777934 0
0.706584 0
0.144414 0
0.112755 0
0.285272 0
0.152905 0
1.25903 0
0.541088 0
0.386833 0
2.22316 0
1.39562 0
0.416378 0
0.175762 0
0.350683 0
2.18381 0
9.89681 0
0.906481 0
0.114572 0
0.28239 0
0.192867 0
0.0333333 0
0.147222 0
0.094354 0
1.84161 0
0.273332 0
0.262721 0
0.583623 0
0.474848 0
0.206686 0
0.573299 0
1.13081 0
0.364116 0
2.03802 0
0.0928184 0
0.530251 0
0.318253 0
1.18805 0
2.80314 0
4.08801 0
1.89559 0
0.356954 0
3.86217 0
0.399268 0
0.344794 0
1.03565 0
0.212647 0
1.04511 0
0.0192593 0
0.682895 0
0.251215 0
2.44817 0
0.560444 0
0.184982 0
0.334412 0
0.140191 0
1.64559 0
1.48599 0
32.8847 0
0.914415 0
0.507294 0
2.10776 0
1.02872 0
0.520716 0
0.20692 0
0.887191 0
0.0268502 0
0.370801 0
0.35872 0
1.22548 0
0.179644 0
0.00884218 0
2.47208 0
0.679401 0
1.2091 0
0.238643 0
0.81043 0
1.54235 0
0.265001 0
0.389682 0
0.388329 0
0.381177 0
1.14644 0
0.187345 0
0.223886 0
1.02892 0
2.42304 0
2.9292 0
0.809985 0
1.54068 0
0.689234 0
0.0255282 0
1.23451 0
0.073008 0
0.265557 0
0.438664 0
0.225773 0
0.208783 0
0.0679656 0
0.138407 0
1.37432 0
0.743951 0
0.22665 0
0.0771189 0
0.0443735 0
0.204588 0
0.481012 0
0.253031 0
0.108862 0
0.681056 0
0.709682 0
0.675441 0
1.86168 0
0.675426 0
0.223716 0
3.06512 0
0.258225 0
0.38193 0
0.52044 0
0.954831 0
1.23068 0
0.063446 0
0.00399415 0
0.041901 0
1.56212 0
0.0406439 0
5.45712 0
0.228458 0
1.42371 0
1.91038 0
0.843924 0
0.213039 0
0.0799767 0
0.168995 0
0.180702 0
1.91392 0
0.339118 0
0.193903 0
0.0409391 0
1.13745 0
1.65858 0
0.186558 0
0.121968 0
0.115299 0
0.174919 0
0.528115 0
1.14877 0
0.161933 0
0.38089 0
0.134706 0
0.107104 0
0.323409 0
0.215361 0
0.697225 0
0.276712 0
0.240807 0
0.988841 0
0.249955 0
0.253075 0
1.13952 0
0.36827 0
0.508143 0
0.441879 0
0.3206 0
0.153101 0
0.608844 0
0.0390127 0
0.136009 0
0.209041 0
1.5831 0
1.70048 0
0.992218 0
0.670163 0
0.668769 0
0.262035 0
4.30022 0
0.107977 0
3.08614 0
0.286069 0
0.148111 0
0.295436 0
0.153722 0
1.99617 0
0.422225 0
0.575281 0
0.535932 0
0.432204 0
1.19173 0
0.105746 0
0.190712 0
2.13642 0
0.517976 0
0.782311 0
0.135095 0
0.0249827 0
0.128463 0
0.147091 0
0.804066 0
0.492729 0
0.799072 0
0.213704 0
0.539959 0
1.12011 0
0.173854 0
0.356945 0
0.352371 0
0.994002 0
0.815321 0
0.707751 0
0.182677 0
0.105922 0
1.76439 0
0.269823 0
0.192168 0
2.3735 0
0.18415 0
0.744479 0
2.33079 0
0.205107 0
1.00794 0
0.474591 0
1.58114 0
0.71246 0
2.39527 0
0.465809 0
0.127545 0
0.106844 0
2.69083 0
0.100357 0
0.219085 0
0.831702 0
0.277468 0
0.270035 0
0.112458 0
0.627938 0
0.77122 0
0.146239 0
0.180636 0
1.54429 0
3.64044 0
0.157883 0
0.0817557 0
0.339258 0
0.123484 0
1.17157 0
0.652977 0
0.266899 0
0.134161 0
2.00828 0
0.408706 0
1.0178 0
0.51673 0
0.12797 0
2.52379 0
0.209981 0
1.23935 0
0.749718 0
2.03352 0
0.169471 0
0.666905 0
0.137066 0
0.383852 0
0.391315 0
0.352995 0
0.502244 0
1.90149 0
1.28049 0
0.658858 0
2.16452 0
0.349302 0
0.286128 0
0.0717589 0
0.45485 0
0.205868 0
0.511333 0
0.198993 0
0.359763 0
0.426807 0
1.99206 0
0.901775 0
0.26039 0
0.577785 0
0.0734925 0
0.366221 0
0.899666 0
1.68838 0
2.81042 0
0.933191 0
1.43718 0
0.223458 0
1.52711 0
1.68533 0
0.612855 0
0.540543 0
1.04494 0
0.949943 0
0.199764 0
0.558055 0
1.14473 0
0.476404 0
0.569001 0
1.71238 0
0.130583 0
1.16526 0
0.701548 0
0.0564685 0
2.38198 0
0.3404 0
2.62158 0
0.193371 0
0.938784 0
0.318012 0
1.17205 0
1.02916 0
2.98484 0
0.589759 0
0.44763 0
3.75852 0
3.64921 0
4.02913 0
0.421763 0
0.12908 0
0.0996313 0
0.398699 0
0.324239 0
0.82034 0
0.0992916 0
0.280073 0
0.117939 0
0.367722 0
0.0952531 0
0.889655 0
0.757626 0
0.0707351 0
0.560811 0
0.221979 0
0.198712 0
0.352054 0
3.45109 0
0.134965 0
0.181881 0
2.32143 0
0.257042 0
0.61824 0
0.378871 0
3.69514 0
0.312225 0
0.454914 0
0.126341 0
0.64887 0
0.306372 0
0.254097 0
0.12089 0
0.223568 0
0.141782 0
0.818928 0
0.403568 0
0.0752572 0
0.0654004 0
1.33896 0
0.251402 0
1.90313 0
0.189736 0
1.05533 0
0.642183 0
0.84642 0
2.75611 0
0.75171 0
0.202031 0
0.81095 0
0.70965 0
0.235919 0
0.222284 0
0.18831 0
0.0932778 0
1.39362 0
0.147735 0
0.219111 0
0.399675 0
0.108274 0
1.15808 0
2.52278 0
0.134348 0
0.0226023 0
0.298321 0
0.214476 0
1.57633 0
1.18912 0
0.141214 0
1.2585 0
0.938463 0
0.22475 0
0.153457 0
0.899267 0
0.342548 0
2.14229 0
0.438701 0
0.0630221 0
0.266242 0
0.318564 0
1.54204 0
0.309215 0
2.71051 0
1.09344 0
0.608052 0
0.297367 0
2.36122 0
1.11382 0
1.83701 0
6.04945 0
0.386647 0
0.994805 0
1.18228 0
0.107094 0
0.578705 0
3.9293 0
0.0845977 0
1.16723 0
0.21452 0
0.887076 0
1.63623 0
0.939274 0
0.0940921 0
1.06342 0
0.173084 0
1.22438 0
0.30989 0
3.90537 0
0.664568 0
2.40972 0
0.0476923 0
1.11999 0
0.554659 0
0.20118 0
2.41095 0
0.161861 0
0.592627 0
0.176259 0
1.2918 0
1.4579 0
0.211875 0
0.116961 0
0.282504 0
21.7731 0
2.18679 0
0.439688 0
0.0744962 0
0.172199 0
0.932828 0
0.512825 0
0.112649 0
4.13863 0
1.76184 0
0.403608 0
0.14744 0
3.24283 0
0.171387 0
0.0700946 0
0.360431 0
0.365821 0
0.227862 0
0.358277 0
0.3252 0
0.163065 0
0.195828 0
0.110782 0
1.58189 0
0.663525 0
2.46196 0
0.251358 0
0.0567483 0
0.41243 0
0.575346 0
1.39419 0
0.0752891 0
0.582234 0
0.711274 0
2.37291 0
0.342374 0
95.3375 0
0.148883 0
0.198737 0
0.0365804 0
1.24255 0
1.95013 0
0.0887951 0
0.524263 0
0.685983 0
0.219905 0
1.21384 0
0.152379 0
1.16638 0
0.399741 0
0.539511 0
0.372823 0
2.50583 0
0.071956 0
0.0841458 0
0.425953 0
0.4007 0
0.289792 0
0.932446 0
2.88825 0
0.11529 0
1.62591 0
0.656496 0
1.76647 0
0.82385 0
0.812317 0
0.661854 0
0.490081 0
0.110661 0
1.14284 0
0.774651 0
1.55957 0
2.58492 0
0.187946 0
0.945455 0
0.262043 0
0.377694 0
3.27635 0
0.643951 0
0.968543 0
0.109026 0
0.303016 0
0.174309 0
1.22294 0
1.07416 0
1.32612 0
0.317214 0
2.70013 0
1.78671 0
0.139858 0
0.274302 0
0.0762252 0
0.269818 0
0.242922 0
1.70519 0
0.0667995 0
0.0988902 0
1.75484 0
0.174965 0
2.14865 0
1.37033 0
0.754394 0
0.791207 0
0.841208 0
0.539759 0
0.117261 0
0.186507 0
7.42094 0
0.0877571 0
0.432339 0
0.683659 0
0.819751 0
2.35519 0
0.257095 0
0.23452 0
0.124154 0
0.501908 0
0.0925223 0
0.635894 0
0.30738 0
0.491366 0
0.220006 0
1.53848 0
0.121131 0
1.80324 0
0.150927 0
0.509954 0
0.213849 0
0.0213904 0
0.858194 0
0.853727 0
1.30703 0
1.08696 0
0.420461 0
1.48938 0
0.2467 0
0.0816385 0
0.516629 0
0.525469 0
0.0972692 0
0.444181 0
0.345298 0
0.43533 0
1.64503 0
1.19439 0
