0.478121 1
2.15411 1
0.895881 1
0.541062 1
0.0143646 1
0.100473 1
0.0445732 1
4.0512 1
5.2709 1
0.802248 1
0.0377858 1
0.0718754 1
0.274969 1
3.37395 1
3.57112 1
0.405364 1
0.616589 1
0.257778 1
1.8602 1
0.0911241 1
0.925344 1
0.570781 1
0.0845363 1
0.0534703 1
0.142121 1
0.00598495 1
3.08699 1
0.0405436 1
1.55638 1
0.0523098 1
0.0734459 1
4.55132 1
0.16443 1
6.98611 1
0.0255902 1
4.89151 1
0.917045 1
1.07907 1
1.2223 1
2.58745 1
3.46115 1
0.0949412 1
0.0623264 1
0.0938732 1
4.2228 1
20.5911 1
10.9706 1
0.0462159 1
0.0906879 1
3.6083 1
0.0346152 1
14.4314 1
0.0843364 1
0.171259 1
0.130853 1
0.168329 1
1.03699 1
0.933593 1
4.32287 1
3.1635 1
1.77505 1
3.00695 1
0.0605202 1
0.0542703 1
0.615434 1
0.528445 1
4.22208 1
0.126622 1
6.59176 1
0.102628 1
0.0458301 1
0.303604 1
3.1886 1
1.22412 1
0.423866 1
0.609313 1
0.0268886 1
0.112891 1
3.43218 1
1.74079 1
2.2264 1
1.90059 1
0.0918795 1
0.0818107 1
0.114996 1
11.0573 1
0.146627 1
1.64887 1
0.0537725 1
33.4993 1
0.0525507 1
0.00603177 1
0.0379984 1
0 1
0.948798 1
0.138603 1
0.203648 1
0.126617 1
0.0647313 1
1.00242 1
6.82541 1
0.0974908 1
0.522967 1
0.0298786 1
0.060184 1
3.03989 1
0.0619886 1
2.79114 1
2.16627 1
0.0994749 1
0.611296 1
0.0991232 1
0.670391 1
1.21943 1
0.829982 1
0.0560625 1
0.056197 1
0.238939 1
0.11612 1
10.6669 1
0.0436275 1
26.5114 1
1.17879 1
0.0922827 1
1.32829 1
0.980383 1
0.0382341 1
1.07883 1
0.149681 1
0.0724031 1
0.57522 1
1.40099 1
27.593 1
0.0044425 1
0.0629897 1
1.07727 1
0.0532214 1
3.00744 1
0.662322 1
0.0905119 1
0.612335 1
0.0325891 1
0.0475949 1
0.381552 1
1.32143 1
0.0732323 1
0.0483388 1
0.875 1
0.0136564 1
0.0254792 1
14.9343 1
0.0671079 1
0.00305752 1
0.785903 1
0.00970345 1
0.0354337 1
0.197889 1
0.272196 1
0.0563768 1
0.534785 1
3.93473 1
0.111847 1
4.34256 1
0.340165 1
0.124437 1
0.0473184 1
0.361991 1
0.50485 1
1.61711 1
2.59421 1
1.16263 1
0.0886482 1
0.521643 1
0.367096 1
0.0796442 1
0.551874 1
0.792946 1
0.101854 1
0.724626 1
0.55885 1
1.09625 1
0.023669 1
0.10291 1
0.0769785 1
0.0689351 1
2.10844 1
1.71018 1
0.074751 1
0.150213 1
0.0694259 1
0.0346366 1
0.0594219 1
0.831553 1
0.981712 1
0.0561915 1
0.106989 1
0.0487056 1
0.472491 1
0.0836562 1
0.143072 1
0.373834 1
0.781406 1
0.984864 1
0.0478962 1
0.013832 1
1.24605 1
0 1
0.134694 1
0.335291 1
0.031026 1
0.214065 1
0.25334 1
6.71747 1
0.0426942 1
0.123155 1
5.27822 1
0.107646 1
0.975849 1
0.0681218 1
0.562732 1
1.17105 1
2.19113 1
1.43031 1
0.110925 1
0.0553726 1
0.442592 1
0.0615112 1
0.658691 1
3.11736 1
0.04119 1
0.0710356 1
12.211 1
1.63915 1
0.0729554 1
0.0471178 1
0.0520707 1
0.110774 1
4.74488 1
0.113608 1
0.0536961 1
0.154262 1
0.0638077 1
0.197456 1
0.0713718 1
1.31643 1
7.83584 1
1.17104 1
0.988927 1
0.433289 1
2.38559 1
1.39957 1
0.744849 1
2.15649 1
1.00528 1
0.0238034 1
0.0383992 1
0.28843 1
0.0106583 1
4.486 1
14.6114 1
1.06783 1
0.310193 1
2.96656 1
3.54717 1
0.635829 1
3.73497 1
2.29444 1
0.0762073 1
0.0409591 1
1.60298 1
0.0106012 1
1.0807 1
0.00705712 1
0.69998 1
0.710077 1
2.51823 1
1.98206 1
0.820211 1
3.50562 1
1.51605 1
1.5695 1
0.2358 1
0.0682415 1
0.0313317 1
5.26202 1
0.24807 1
0.938145 1
0.438591 1
0.214625 1
0.100917 1
3.80708 1
0.693081 1
0.079208 1
0.352096 1
0.0295579 1
1.24844 1
0.543299 1
0.0711443 1
0.749661 1
3.06147 1
0.0543028 1
0.0186536 1
1.17526 1
3.02126 1
0.00564228 1
27.5142 1
0.0463155 1
0.713575 1
0.423462 1
0.776527 1
1.30626 1
0.131173 1
0.00294269 1
1.81381 1
0.442126 1
0.0505997 1
0.0561779 1
0.108097 1
0.702438 1
9.43894 1
0.819298 1
13.9526 1
0.235056 1
0.311942 1
0.0276495 1
6.3037 1
0.979365 1
20.7551 1
0.0630331 1
1.13108 1
0.0798947 1
0.647146 1
2.07394 1
0.0806864 1
0.042576 1
0.0837646 1
0.157733 1
0.0299275 1
0.0644908 1
5.49148 1
2.47989 1
0.0435931 1
0.375017 1
1.22293 1
0.1243 1
0.0966551 1
0.103082 1
0.0926957 1
0.0121137 1
0.106151 1
0.0551226 1
0.393504 1
0.982446 1
0.954963 1
0.367704 1
0.0292308 1
0.448799 1
1.03084 1
2.42523 1
0.0850408 1
0.0423468 1
0.538869 1
0.0178623 1
0.640891 1
0.202349 1
2.03179 1
0.0240155 1
3.76751 1
0.131155 1
0.0472587 1
1.12928 1
0.0655611 1
1.01699 1
0.0668256 1
0.0914868 1
3.58398 1
0.404678 1
0.0682752 1
8.83596 1
0.0835136 1
0.987438 1
0.371504 1
1.36747 1
0.112502 1
0.86259 1
0.0509942 1
0.0110792 1
0.0881142 1
0.807333 1
6.63546 1
7.69489 1
0.117855 1
0.0654478 1
0.616352 1
9.61883 1
0.117997 1
1.37034 1
0.084417 1
0.0727366 1
0.0934688 1
0.100132 1
2.46535 1
1.18902 1
1.92695 1
1.14709 1
0.926863 1
0.108032 1
3.12582 1
0.0807578 1
0.331366 1
0.649811 1
3.34726 1
1.23081 1
0.260325 1
0.171474 1
0.126636 1
0.328009 1
3.2125 1
0.0241772 1
0.386033 1
0.537669 1
3.90575 1
0.0221971 1
0.0292154 1
0.082957 1
0.276089 1
1.71578 1
0.535497 1
0.0693799 1
4.38119 1
0.0912809 1
2.01186 1
3.53138 1
2.77173 1
0.0264849 1
0.543775 1
2.64618 1
0.0729191 1
0.0286 1
10.7699 1
0.0595982 1
0.582172 1
3.58627 1
1.5141 1
1.51863 1
0.22172 1
1.48943 1
0.815599 1
0.117657 1
0.0676985 1
0.151733 1
2.09482 1
5.77003 1
10.3635 1
3.59089 1
4.22245 1
0.0658658 1
2.7002 1
0.0255993 1
2.11091 1
1.31487 1
0.12197 1
1.48602 1
0.0652314 1
2.51085 1
0.316457 1
1.86022 1
0.135928 1
0.0413375 1
1.08598 1
0.0587525 1
7.40287 1
2.28403 1
0.596684 1
0.905757 1
1.42536 1
4.91501 1
0.157533 1
0.0453183 1
0.614801 1
0.0755945 1
3.29818 1
0.066769 1
0.102439 1
2.48646 1
2.70204 1
0.0567502 1
0.0572375 1
0.105037 1
3.59082 1
0.17106 1
0.0352717 1
1.64382 1
0.0558076 1
1.33738 1
2.14604 1
1.85449 1
0.408434 1
0.0668353 1
0.175447 1
0.0808449 1
1.24371 1
3.12482 1
3.4708 1
1.35831 1
0.0961718 1
0.00339789 1
1.69877 1
3.26495 1
0.0454215 1
0.124572 1
0.0270935 1
0.622543 1
2.99314 1
0.0465542 1
0.087791 1
0.566693 1
3.07388 1
9.68603 1
1.46199 1
0.0891243 1
3.38962 1
2.82713 1
0.107883 1
0.158809 1
0.280862 1
0.261335 1
0.508249 1
0.615545 1
0.0521839 1
0.0837023 1
0.266205 1
1.09369 1
0.0747515 1
0.0392152 1
2.7285 1
4.74417 1
0.414691 1
73.9397 1
0.11537 1
0.101196 1
1.53736 1
0.920021 1
7.02708 1
15.803 1
2.15557 1
1.63283 1
2.49212 1
2.88961 1
0.128363 1
0.454813 1
0.0802221 1
0.111607 1
1.19002 1
4.01437 1
0.0721733 1
0.0898618 1
1.23026 1
2.48756 1
0.541085 1
5.04499 1
0.131065 1
0.0331398 1
7.32563 1
0.29165 1
0.986839 1
0.069239 1
0.0724341 1
0.0456354 1
0.264241 1
0.107188 1
0.100351 1
0.0740023 1
0.0769537 1
0.0549673 1
3.54316 1
2.83281 1
0.931018 1
0.0488521 1
0.310098 1
0.574137 1
0.631349 1
0.929884 1
0.641933 1
2.43957 1
0.608267 1
0.435527 1
0.0781904 1
2.29308 1
0.0647133 1
2.33516 1
1.28382 1
3.34719 1
0.239618 1
0.0502402 1
0.0208503 1
0.0627089 1
0.261587 1
0.870922 1
0.0681024 1
0.0413498 1
0.154295 1
0.021087 1
0.3647 1
0.0853209 1
6.21616 1
0.0117062 1
0.101662 1
4.91962 1
7.57796 1
0.202429 1
0.0591894 1
0.0740685 1
0.12512 1
2.35998 1
1.02116 1
0.0658689 1
0.72803 1
0.111674 1
0.046133 1
1.91121 1
0.817016 1
0.0703476 1
1.55054 1
0.862666 1
6.48744 1
2.55744 1
0.175057 1
0.590748 1
2.7655 1
8.12353 1
0.0532424 1
0.768661 1
0.141959 1
1.37198 1
1.47253 1
0.0488376 1
0.292775 1
0.605134 1
0.055423 1
0.108454 1
0.973045 1
3.32465 1
0.65982 1
0.720704 1
0.263903 1
5.95069 1
0.319239 1
0.0372266 1
0.431202 1
0.122746 1
0.450683 1
0.0442863 1
15.5432 1
1.01822 1
0.506108 1
17.0621 1
0.742549 1
0.0659908 1
0.0973591 1
1.73393 1
0.0957967 1
1.62766 1
0.0864952 1
0.0327281 1
0.0146083 1
0.0908164 1
0.493802 1
0.0858124 1
0.485206 1
0.954125 1
0.463642 1
1.12079 1
0.0670883 1
1.12095 1
0.00876773 0
0.0422127 0
0.134629 0
0.0959621 0
0.241517 0
0.0845975 0
0.0782356 0
0.338443 0
0.111688 0
0.059811 0
0.0173193 0
0.0481492 0
0.0035501 0
1.84947 0
0.113427 0
0.0209593 0
0.0888434 0
0.0736667 0
0.102479 0
0.191319 0
0.863341 0
0.659694 0
0.0754855 0
0.0576115 0
0.0717434 0
0.0567443 0
0.0620019 0
0.0243485 0
0.0673939 0
0.0229943 0
0.672077 0
0.0598574 0
0.0421122 0
0.0834434 0
0.0780229 0
0.0725747 0
0.0373763 0
0.0383212 0
0.0801553 0
10.2016 0
2.33393 0
0.0179632 0
0.0374947 0
0.0194858 0
0.242396 0
0.473063 0
0.451871 0
0.458497 0
0.181308 0
0.141835 0
0.139597 0
0.766865 0
0.0599612 0
0.0611307 0
0.0408812 0
0.0451583 0
0.229988 0
0.0584306 0
0.06382 0
0.0732001 0
0.403977 0
0.0737512 0
0.0969282 0
0.303635 0
0.0423348 0
0.331035 0
0.512881 0
0.0154258 0
0.0316436 0
0.0468301 0
0.0780669 0
0.0875938 0
0.0968405 0
0.03903 0
0.0780285 0
0.0859871 0
0.0919474 0
0.223677 0
0.0753814 0
1.68796 0
0.142773 0
1.73699 0
0.104876 0
0.10381 0
0.851789 0
0.165287 0
0.0657463 0
0.0160657 0
0.0830216 0
0.0452374 0
0.0215879 0
0.0728992 0
0.673029 0
0.0567528 0
0.444618 0
0.199736 0
0.0570648 0
0.391618 0
0.0393397 0
0.141197 0
0.0471136 0
0.0408714 0
0 0
0.0207602 0
0.32972 0
0.0142455 0
0.0969945 0
0.833143 0
0.119499 0
0.00806175 0
0.0895281 0
0.106005 0
0.0960008 0
0.0470889 0
0.279849 0
1.79876 0
0.105059 0
0.0280468 0
0.0796652 0
0.0593519 0
0.0969161 0
0.101607 0
0.155062 0
0.13379 0
0.120559 0
0.082512 0
0.0419218 0
0.0780517 0
0.0424237 0
0.0861341 0
0.562483 0
0.0866583 0
0.103481 0
0.898104 0
0.947704 0
0.0717834 0
0.20936 0
0.0487826 0
0.00565464 0
0.054836 0
0.0125661 0
0.28179 0
0.102234 0
0.0482827 0
0.424 0
0.0883925 0
0.118265 0
0.0354444 0
0.112124 0
0.0600269 0
0.0153576 0
0.108945 0
0.0669859 0
0.085932 0
0.110075 0
0.0156724 0
0.159889 0
0.347125 0
0.0468958 0
3.4448 0
0.0564799 0
0.00392921 0
0.467806 0
0.00706899 0
0.0463672 0
0.180818 0
0.082889 0
0.0653533 0
0.0834187 0
0.139108 0
0.031099 0
0.0959366 0
0.199511 0
0.067156 0
0.0523013 0
0.0276889 0
0.103467 0
0.0858054 0
0.105195 0
0 0
0.0312799 0
0.0760299 0
0.185749 0
0.0598032 0
0.182422 0
0.0521816 0
0.353456 0
16.4783 0
0.0716506 0
0.180019 0
0.0473421 0
0.106998 0
0.0922286 0
0.0192146 0
0.13257 0
0.00569767 0
0.0968725 0
0.107147 0
0.0420282 0
0.00837767 0
0.482428 0
0.0774524 0
0.106328 0
0.0340485 0
0.092737 0
0.12594 0
0.0910607 0
0.0441919 0
0.094519 0
0.0309806 0
0.0538172 0
2.04053 0
0.0935757 0
0 0
0.167072 0
0.102799 0
0.0272718 0
0.0323423 0
0.111522 0
0.0538733 0
0.0680273 0
0.0589875 0
0.93509 0
0.0947517 0
0.050117 0
1.38385 0
0.0901189 0
0.0929298 0
0.0462204 0
0.0881055 0
0.0860549 0
0.10097 0
0.128911 0
0.075721 0
0.0807767 0
0.0515508 0
0.114891 0
0.0887051 0
0.0844445 0
0.0545061 0
0.13114 0
0.0861644 0
0.107341 0
0.0623753 0
0.0913293 0
0.340204 0
0.0549985 0
0.056252 0
0.0777848 0
0.0216834 0
0.0969378 0
0.035506 0
0.513374 0
0.0365887 0
0.0842307 0
0.0528229 0
0.13852 0
0.0832761 0
0.0593243 0
0.0934598 0
0.0673075 0
0.101476 0
0.100351 0
0.0583759 0
0.0937387 0
0.112356 0
0.0961434 0
0.0672161 0
0.0720319 0
0.0762689 0
0.129326 0
0.100293 0
0.0385778 0
0.0677708 0
0.0517369 0
0.199256 0
0.671638 0
0.0915587 0
0.0732849 0
0.10111 0
0.0207426 0
0.0543632 0
0.0254275 0
0.0671407 0
3.70761 0
0 0
0.091359 0
0.0894424 0
0.0343749 0
0.0503498 0
1.53626 0
0.0778253 0
0.312487 0
0.0536153 0
0.0783866 0
0.0829664 0
0.151037 0
0.00422403 0
0.425533 0
0.0242518 0
0.723504 0
0.452737 0
1.67258 0
0.0988838 0
0.0173019 0
0.061028 0
0.0859348 0
0.147822 0
0.116024 0
0.0824031 0
0.338399 0
0.0606966 0
0.00384778 0
0.122387 0
0.152492 0
5.3575 0
0.030308 0
0.0377515 0
0.0921228 0
0.0614384 0
0.0677987 0
0.172075 0
0.0527204 0
0.0766941 0
0.104182 0
0.183801 0
0.118389 0
0.0506049 0
0.17677 0
0.0452597 0
0.030849 0
0.0372919 0
0.0956241 0
0.0723101 0
0.130735 0
0.0915826 0
0.0874594 0
0.0135593 0
0.0380179 0
0.0455512 0
0.0171802 0
0.0895593 0
0.151244 0
0.0290073 0
0.102376 0
0.0631305 0
0.212184 0
0.0429958 0
0.0551566 0
0.0490223 0
0.0286195 0
0.0908122 0
1.10361 0
0.019104 0
0.150888 0
0.105381 0
0.0625277 0
0.0652789 0
0.0346429 0
0.320612 0
0.119523 0
0.060327 0
0.0498776 0
0.02187 0
0.0499269 0
0.13656 0
0.0980337 0
0.121806 0
0.0415005 0
0.123717 0
0.0359794 0
0.0387964 0
0.0817864 0
0.0984893 0
0.032492 0
0.150291 0
0.134931 0
0.0253623 0
0.0720899 0
0.0531265 0
0.243294 0
0.0130235 0
0.0525745 0
0.0818494 0
0.0718325 0
0.0991942 0
0.0522236 0
0.130192 0
0.0940845 0
0.0920135 0
0.0354622 0
0.0538033 0
0.0794655 0
0.354104 0
0.0965192 0
0.0768927 0
0.0762002 0
0.230848 0
0.0906682 0
0.0897131 0
0.0700199 0
0.017314 0
0.0645183 0
0.0389548 0
0.0789674 0
0.396271 0
0.0708514 0
0.0401529 0
0.0644431 0
0.0742852 0
0.449493 0
0.120989 0
0 0
1.99127 0
0.0220351 0
0.081833 0
0.0531799 0
0.138707 0
0.0421456 0
0.474671 0
0.0746865 0
0.0812895 0
0.108296 0
0.0669964 0
1.21761 0
10.6845 0
0.0787131 0
0.0894578 0
0.0729928 0
0.140801 0
0.104197 0
0.0928503 0
0.127762 0
0.0221133 0
0.138808 0
0.00946531 0
0.0335718 0
0.0798644 0
0.740241 0
0.160146 0
0.23888 0
0.664146 0
0.0815507 0
0.0574801 0
0.0669138 0
0.0462833 0
0.0731259 0
0.346058 0
0.0286017 0
0.0516977 0
0.14896 0
0.00469484 0
0.0468902 0
0.0283337 0
0.0266273 0
0.135668 0
0.104329 0
0.0711383 0
0.0947239 0
0.654803 0
0.0451268 0
1.60949 0
0 0
0.0259764 0
0.0906391 0
0.0530708 0
0.048644 0
0.045544 0
0.0583159 0
0.021799 0
0.0698824 0
0.0167053 0
0.0470921 0
0.052389 0
0.0751192 0
0.0825428 0
0.100413 0
0.0249665 0
0.0452657 0
0.0713262 0
0.0473536 0
0.0253237 0
0.0198027 0
0.0547149 0
0.080151 0
0.0594623 0
0.0111543 0
0.956154 0
0.328261 0
0.0282261 0
0.0679771 0
0.0849537 0
0.115762 0
0.0951451 0
0.101328 0
0.0250254 0
0.0180967 0
0.0768551 0
0.0137792 0
0.0606135 0
0.0808677 0
0.0589965 0
0.0653197 0
0.074198 0
0.0411502 0
0.158091 0
0.0432328 0
0.046713 0
0.0590382 0
0 0
0.0711871 0
0.0757998 0
0.114905 0
0.0859696 0
0.0532415 0
0.0632772 0
0.120924 0
0.172077 0
0.0309672 0
0.130473 0
0.0895891 0
0.0916033 0
0.0430296 0
0.0476743 0
0.0822834 0
0.0228125 0
0.0302763 0
0.221991 0
0.339547 0
0.0606293 0
0.0325001 0
0.0574016 0
0.497978 0
0.0169091 0
0.0994036 0
0.0821699 0
0.0792944 0
0.0952223 0
0.0164414 0
2.11607 0
0.0821717 0
0.0267829 0
0.0457662 0
0.0201342 0
0.0764917 0
0.0276673 0
0.0437395 0
0.0839114 0
0.0575147 0
0.450953 0
0.0294946 0
0.039262 0
0.191131 0
0.0308804 0
0.0741665 0
0.0632944 0
0.126205 0
0.0637116 0
0.0680218 0
0.482512 0
0.0873555 0
0.0402646 0
1.59454 0
0.0749072 0
0.0581307 0
0.406597 0
0.0685669 0
0.747193 0
0.00607428 0
0.0382129 0
0.0633172 0
0.131791 0
0.0639274 0
0.499426 0
0.0874754 0
0.0403083 0
0.667246 0
0.0313964 0
0.0497732 0
0.0104167 0
0.399391 0
0.0520433 0
0.0627634 0
0.130793 0
0.0704812 0
0.11563 0
0.090712 0
0.0986705 0
0.106399 0
1.62789 0
0.0714317 0
0.0934408 0
0.0543967 0
0.058609 0
0.387854 0
0.0430507 0
0.0146841 0
0.0433877 0
0.0878783 0
0.0751128 0
0.0328406 0
0.09151 0
0.264592 0
2.71302 0
0.105605 0
0.154895 0
0.0454514 0
1.03148 0
0.0566197 0
1.0672 0
0.0239116 0
0.256037 0
0.114605 0
0.0885012 0
0.171779 0
0.55166 0
0.0602686 0
0.0514674 0
0.0407284 0
0.0552873 0
0.0899117 0
0.115699 0
0.0651978 0
0.039156 0
0.0462774 0
0.0954609 0
0.119186 0
0.00828253 0
0.0970539 0
0.0161732 0
0.0883799 0
0.107852 0
0.00373774 0
0.0661858 0
0.0260569 0
0.059969 0
0.069921 0
0.110303 0
0.0699904 0
0.0254282 0
0.120469 0
0.0695944 0
0.0475541 0
0.12414 0
0.849307 0
0.0999393 0
0.301693 0
0.0763683 0
0.0939619 0
0.11133 0
0.162721 0
0.0497908 0
0.0738372 0
0.086281 0
0.0344992 0
0.0600381 0
0.065192 0
0.126371 0
0.051553 0
0.0405073 0
0.0620343 0
0.44068 0
0.0656086 0
0.0533604 0
0.0903005 0
0.0675414 0
1.06885 0
0.115215 0
0.0876934 0
0.0607864 0
0.0507103 0
0.0484978 0
0.0789183 0
0.195484 0
0.158168 0
0.0870099 0
0.0631453 0
0.072105 0
0.0861478 0
