1.42262 1
3.11897 1
0.067985 1
0.0472461 1
0.0195649 1
0.978097 1
0.0690048 1
0.639509 1
0.0586714 1
0.158471 1
1.82988 1
0.128019 1
1.50375 1
5.58262 1
2.15248 1
0.41394 1
0.0827998 1
0.0515268 1
15.2205 1
2.10043 1
0.0582 1
0.733624 1
2.05589 1
0.0735986 1
1.07664 1
0.0609122 1
0.0730892 1
0.136493 1
8.9856 1
0.0741726 1
0.122591 1
0.0887047 1
0.0488973 1
1.27145 1
0.0664415 1
0.0809164 1
0.281035 1
0.170538 1
33.0848 1
8.34183 1
1.91902 1
8.89185 1
0.129926 1
2.45907 1
4.86523 1
1.81412 1
2.30417 1
0.00412815 1
0.0818898 1
0.434199 1
0.0759369 1
1.40438 1
2.01099 1
0.0400617 1
0.305975 1
0.316808 1
0.0396656 1
0.452683 1
1.53831 1
1.50754 1
0.0919578 1
1.99428 1
0.153005 1
0.508369 1
0.972639 1
0.0591519 1
0.0962062 1
0.322815 1
0.132068 1
0.0329323 1
2.96877 1
2.05953 1
1.76713 1
3.91762 1
0.0458351 1
0.0848726 1
4.1713 1
10.346 1
1.78628 1
0.0362148 1
1.41956 1
0.428843 1
0.779948 1
0.847246 1
0.0479856 1
0.756163 1
0.0215859 1
0.0928619 1
0.998683 1
0.434051 1
1.63786 1
5.31468 1
0.124263 1
0.15747 1
0.106387 1
0.0526613 1
0.0460113 1
0.688889 1
0.0789972 1
0.757496 1
2.05213 1
0.0344815 1
2.13682 1
2.14346 1
8.71191 1
0.1572 1
0.672618 1
2.81398 1
0.0551295 1
0.0615806 1
2.78974 1
0.0468802 1
0.344123 1
0.0820453 1
0.463031 1
1.09555 1
0.078716 1
0.0878402 1
2.4668 1
22.247 1
0.0701434 1
0.0783173 1
0.514357 1
0.828597 1
0.325079 1
10.9913 1
1.27577 1
0.0331327 1
2.30003 1
0.0411738 1
0.161197 1
0.0247414 1
0.429987 1
0.0989013 1
1.32053 1
0.0890253 1
0.538331 1
4.07988 1
0.175685 1
0.0805599 1
21.3693 1
0.082972 1
0.612523 1
4.2653 1
2.18197 1
0.73239 1
0.134806 1
0.058256 1
0.22085 1
0.0606727 1
0.753374 1
0.231512 1
0.0616137 1
9.13391 1
0.0871137 1
0.0533992 1
0.0619408 1
7.83407 1
0.0473485 1
0.392316 1
0.126119 1
1.16029 1
0.0223434 1
19.4023 1
0.0340264 1
0.0943717 1
0.136321 1
0.0269442 1
1.2808 1
0.433068 1
0.635701 1
0.0604368 1
0.034349 1
1.24662 1
1.19914 1
0.0180983 1
2.14915 1
0.397036 1
0.0636623 1
1.74627 1
4.2349 1
0.446088 1
0.207347 1
1.15532 1
1.19581 1
0.0635865 1
0.0804382 1
2.06631 1
0.0515157 1
0.0783569 1
0.112922 1
1.01546 1
1.09182 1
0.0698737 1
1.19242 1
0.0902446 1
0.312483 1
2.98566 1
0.0731159 1
0.104276 1
0.186618 1
0.389487 1
0.0179893 1
0.0746967 1
1.70978 1
0.0440626 1
3.24448 1
0.48512 1
0.00894211 1
0.590999 1
0.130062 1
1.00591 1
1.37322 1
1.09216 1
0.0719454 1
1.9765 1
0.0835125 1
1.02642 1
2.03089 1
14.1353 1
5.09053 1
0.407338 1
0.80779 1
0.0863001 1
0 1
1.42975 1
3.31407 1
2.75234 1
0.151602 1
0.791572 1
1.37378 1
0.109503 1
0.550632 1
0.208745 1
0.014761 1
0.516013 1
1.10474 1
0.160121 1
2.85943 1
2.21487 1
0.744803 1
0.0390124 1
0.155731 1
0.674455 1
2.54944 1
33.2987 1
1.4681 1
0.0800772 1
1.67926 1
2.12673 1
0.0490621 1
0.798929 1
0.0209083 1
2.39273 1
0.063762 1
2.00094 1
0.973788 1
0.46655 1
0.00734475 1
0.143721 1
0.0457868 1
2.91161 1
1.48654 1
1.93325 1
0.1466 1
0.0492392 1
0.0530569 1
0.364607 1
0.0640143 1
1.40977 1
0.0781452 1
0.265996 1
0.0267391 1
0.0105545 1
0.0433961 1
0.284014 1
0.694711 1
0.0429125 1
0.0573932 1
0.402197 1
0.450333 1
0.107893 1
0.0501603 1
20.5046 1
0.887615 1
0.197857 1
0.40402 1
0.219142 1
2.49798 1
0.0024022 1
0.0571642 1
0.0340134 1
0.0543947 1
0.0293598 1
0.084996 1
0.0123102 1
2.36221 1
0.953831 1
0.079432 1
1.29793 1
0.106592 1
0.841257 1
6.71747 1
0.115484 1
0.0714878 1
0.340234 1
0.000750256 1
0.0723459 1
2.25289 1
1.30221 1
1.01618 1
0.12221 1
0.206786 1
0.350177 1
14.9369 1
0.494191 1
0.0243496 1
1.631 1
0.339784 1
1.90146 1
0.0221832 1
0.288572 1
2.12113 1
3.56407 1
0.239806 1
2.70685 1
1.96738 1
0.0561643 1
0.0470935 1
0.106224 1
1.91747 1
0.0539678 1
1.01818 1
4.02032 1
0.582816 1
0.0584842 1
9.43956 1
1.53074 1
0.0718983 1
0.565939 1
0.038169 1
0.0706215 1
0.889133 1
12.6107 1
1.41068 1
0.20858 1
12.3694 1
0.0776875 1
0.098499 1
0.183014 1
0.11045 1
0.075173 1
0.0351728 1
0.212838 1
0.0236256 1
1.84403 1
5.00262 1
0.0749548 1
0.0704289 1
0.0388536 1
0.51848 1
0.0293097 1
1.08015 1
0.0353161 1
0.311898 1
0.840119 1
3.6011 1
0.0608624 1
0.112963 1
0.289405 1
3.34684 1
1.93446 1
5.59193 1
0.0440994 1
3.27919 1
0.0202413 1
0.484097 1
0.125779 1
0.0602202 1
3.6183 1
1.89633 1
0.0730518 1
0.472136 1
0.124473 1
0.0836763 1
0.969644 1
0.051632 1
0.641073 1
3.56864 1
0.0632236 1
0.0815745 1
25.7995 1
2.64803 1
0.162907 1
3.03318 1
0.361874 1
0.161474 1
0.135577 1
2.40982 1
0.0562618 1
0.379569 1
2.58735 1
0.0868158 1
0.523458 1
0.0482991 1
14.8336 1
0.0720668 1
0.173341 1
0.407943 1
0.416668 1
0.42062 1
1.16107 1
0.807672 1
0.33863 1
2.09325 1
0.0812994 1
0.721885 1
1.66334 1
0.00531248 1
1.4308 1
0.88144 1
0.323245 1
6.66929 1
0.0945266 1
0.00349272 1
0.026153 1
0.207276 1
2.12586 1
0.0270232 1
0.246063 1
23.0294 1
3.82293 1
0.121342 1
0.0782595 1
1.17707 1
2.44017 1
0.716573 1
1.18168 1
10.3882 1
0.0613394 1
1.00905 1
0.303157 1
0.113884 1
0.10663 1
2.36058 1
0.092486 1
1.64871 1
1.88364 1
0.740052 1
1.62235 1
0.0600298 1
0.885241 1
0.433825 1
8.49782 1
1.65587 1
0.0898396 1
2.65649 1
2.89065 1
0.110985 1
9.04363 1
2.58241 1
0.422576 1
0.126323 1
1.58283 1
0.0421049 1
0.0625225 1
0.159681 1
0.540551 1
1.29478 1
2.2702 1
2.28279 1
1.13067 1
0.0970464 1
1.07193 1
3.01416 1
4.13563 1
0.294408 1
1.51939 1
0.113438 1
5.04996 1
0.328123 1
0.0499013 1
1.22894 1
1.30749 1
0.071174 1
2.2946 1
0.0582373 1
0.53868 1
2.89423 1
0.365718 1
0.0532201 1
0.0639856 1
0.0326264 1
0.101775 1
3.39114 1
1.6358 1
0.0602909 1
0.0180147 1
0.0713809 1
0.0982136 1
0.064732 1
0.338904 1
0.0167744 1
0.015758 1
0.0560443 1
0.0989183 1
5.76083 1
2.88112 1
1.24193 1
0.214076 1
37.1079 1
6.89493 1
0.618235 1
0.880221 1
0.0489426 1
4.07069 1
0.0608705 1
0.352895 1
0.0197831 1
0.0598126 1
1.58638 1
31.069 1
0.387938 1
0.116153 1
0.162102 1
0.039107 1
4.7213 1
0.0843266 1
3.88039 1
11.9881 1
0.11482 1
0.152145 1
0.0748486 1
3.02025 1
1.02448 1
0.0752031 1
1.282 1
0.00154769 1
3.8957 1
0.0464084 1
0.0138242 1
8.45203 1
1.722 1
4.71663 1
0.38919 1
0.0521839 1
2.70347 1
3.877 1
0.0659537 1
0.0580101 1
2.44156 1
0.170089 1
0.0805763 1
0.116566 1
0.689555 1
3.60696 1
0.0689179 1
1.75959 1
1.09494 1
0.105505 1
0.0699816 1
0.0191742 1
0.978483 1
3.1767 1
0.0504618 1
8.19532 1
0.00824087 1
0.0276494 1
1.34605 1
2.89874 1
0.0703067 1
0.658185 1
0.30175 1
0.0700291 1
1.72396 1
0.0415069 1
0.0515709 1
0.61956 1
0.129616 1
0.694301 1
0.093413 1
1.34517 1
0.0574069 1
34.1576 1
3.65745 1
6.5993 1
0.129983 1
0.380794 1
0.0102328 1
0.122685 1
0.603744 1
0.0686856 1
0.0439174 1
2.61318 1
0.730708 1
0.0972767 1
2.0828 1
2.25445 1
7.33427 1
0.00956486 1
0.0875304 1
9.07071 1
0.0355595 1
0.0595183 1
0.537349 1
1.58862 1
0.660873 1
0.543353 1
0.0508842 1
0.0490196 1
0.326262 1
29.2664 1
10.3895 1
2.25517 1
0.0995641 1
0.524789 1
0.857822 1
2.28065 1
0.138018 1
0.806887 1
0.069666 1
1.56564 1
1.97227 1
1.38147 1
0.0803825 1
1.30721 1
4.41905 1
0.0917948 1
0.102005 1
4.23044 1
0.142294 1
0.0737989 1
0.0383936 1
0.424606 1
0.876697 1
1.64448 1
1.61039 1
0.0399036 1
0.805301 1
3.35337 1
0.818429 1
0.877604 1
0.032624 1
1.60722 1
0.109706 1
0.111064 1
0.100765 1
0.565563 1
0.027899 1
0.0135598 1
4.79392 1
0.0407526 1
1.93498 1
1.39275 1
4.52388 1
0.228095 1
0.644815 1
0.370816 1
11.4461 1
0.0318791 1
0.911212 1
0.117687 0
0.386614 0
0.225804 0
0.0765423 0
0.128887 0
0.493984 0
0.122547 0
0.140626 0
0.242399 0
0.0987313 0
0.0920472 0
0.0679771 0
0.693885 0
0.0186565 0
0.43281 0
0.313048 0
0.0724422 0
0.0600337 0
0.0882044 0
1.27454 0
5.25905 0
0.171857 0
0.0724514 0
0.0553631 0
0.0499297 0
0.0630377 0
0.102924 0
0.0349415 0
0.059909 0
0.0540785 0
0.0413301 0
0.665207 0
0.501317 0
0.0708787 0
0.628438 0
0.0747764 0
0.0949465 0
0.091341 0
0.0810751 0
0.034783 0
0.519806 0
0.260216 0
0.0526357 0
0.0762891 0
0.0818259 0
0.766063 0
1.50471 0
0.0841219 0
0.0312841 0
0.0112654 0
0.128738 0
0.0866313 0
0.0494275 0
0.069547 0
0.164671 0
0.102234 0
0.044858 0
0.420791 0
0.0968354 0
0.0703157 0
0.71217 0
0.134414 0
0.0540034 0
0.0418791 0
0.127802 0
2.86293 0
0.0841131 0
0.511716 0
0.00759013 0
0.0396421 0
0.0335308 0
0.0628244 0
5.28535 0
0.0613681 0
0.0281404 0
0.0857948 0
0.506738 0
0.0960133 0
0.0638579 0
0.0565435 0
0.00385341 0
0.119415 0
0.053487 0
0.0627231 0
0.0478629 0
1.67713 0
0.0430849 0
0.107396 0
0.297524 0
0.0105713 0
1.36171 0
0.0622774 0
0.0604558 0
0.0591195 0
0.0706307 0
0.101883 0
0.0529629 0
0.242117 0
0.0604982 0
0.478163 0
0.0261703 0
0.0810811 0
0.0566838 0
2.34682 0
1.80256 0
0.359654 0
0.104625 0
0.0402829 0
0.0592135 0
0.0858183 0
0.0805634 0
0.0695401 0
0.0642964 0
0.0656508 0
0.148404 0
0.720847 0
0.224065 0
0.0272107 0
0.0653559 0
1.01863 0
0.0893878 0
0.0568398 0
0.0254189 0
0.0610142 0
0.0554462 0
0.0865091 0
0.0407527 0
0.0499716 0
0.0415431 0
0.0469456 0
0.201322 0
0.0939414 0
0.0446074 0
0.128107 0
0.044887 0
0.124004 0
0.0745841 0
0.130113 0
0.0307148 0
0.0578968 0
0.728014 0
0.0596663 0
0.0262079 0
0.564842 0
0.0901397 0
0.296712 0
0.188622 0
0.0575191 0
0.0585761 0
0.135875 0
0.0907787 0
0.0291942 0
0.0440376 0
0.115974 0
0.749388 0
0.0577565 0
0.0411531 0
0.531912 0
0.0380234 0
0.0668723 0
0.0560842 0
0 0
0.105654 0
0.0487527 0
0.0647901 0
0.104486 0
0.0850837 0
0.0170497 0
0.111356 0
0.275281 0
0.116389 0
0.0414247 0
0.0286592 0
0.0366178 0
0.0113764 0
0.0741306 0
0.0571677 0
2.22166 0
0.0833489 0
0.0645659 0
0.0608256 0
0.45035 0
0.383682 0
0.0400215 0
0.0505372 0
0.0828126 0
0.05893 0
0.00647668 0
1.01481 0
0.0732662 0
0.965697 0
0.0192876 0
0.333851 0
0.040112 0
0.0805684 0
0.0239116 0
0.654142 0
0.185795 0
0.0720908 0
0.0709415 0
0.0460815 0
0.11054 0
0.0577984 0
0.0768301 0
0.065823 0
0.319027 0
0.0297583 0
0.0417092 0
0.0679044 0
0.512196 0
0.0696606 0
0.0699022 0
0.116188 0
0.215677 0
0.336554 0
0.293012 0
0.0368406 0
0.0755893 0
0.0256532 0
0.0648817 0
0.0489378 0
0.0111393 0
0.1116 0
0.0352252 0
0.0969138 0
0.0354046 0
0.00633026 0
0.097409 0
0.0419617 0
0.103151 0
0.0693861 0
0.183191 0
0.0460654 0
0.0710709 0
0.0217388 0
0.0653504 0
0.0431795 0
0.0699915 0
0.0215357 0
0.0699621 0
0.0346825 0
0.0749584 0
0.0523672 0
0.0646207 0
0.0375362 0
0.0351628 0
0.100052 0
0.0297111 0
0.0724202 0
0.034845 0
0.0390885 0
0.0367052 0
0.0288377 0
0.183863 0
2.80839 0
0.0543979 0
0.0682955 0
0.042815 0
0.0148817 0
0.0485426 0
0.0470205 0
0.0798873 0
0.13308 0
0.0555847 0
0.0714528 0
0.0173019 0
0.0794077 0
0.0692873 0
0.118219 0
0.0786563 0
0.0393673 0
0.0689664 0
0.0646854 0
0.0311495 0
0.0885727 0
0.0704106 0
3.44762 0
0.0238189 0
0.0674875 0
0.0868476 0
0.0513265 0
0.0766162 0
0.0815401 0
0.0114094 0
0.0404961 0
0.107023 0
0.0499203 0
0.0818003 0
0.0589303 0
0.0457754 0
2.40347 0
0.116038 0
0.0137637 0
0.0393323 0
0.0656825 0
0.0454459 0
0.848509 0
0.0828933 0
0.789674 0
0.0161678 0
0.0551773 0
0.116952 0
0.0351864 0
0.0847731 0
4.70739 0
0.941865 0
0.056419 0
0.363294 0
0.0373501 0
0.0808305 0
0.130835 0
4.26576 0
0.0353959 0
1.86863 0
0.0507629 0
0.216801 0
0.07275 0
0.116765 0
0.05959 0
0.0639383 0
0.0050093 0
0.0715349 0
0.0548964 0
0.633934 0
0.0351142 0
0.116852 0
0.0561368 0
0.041256 0
0.079824 0
0.0410564 0
0.0164115 0
0.0654498 0
0.0337223 0
0.0706292 0
0.0900979 0
0.0387104 0
0.31928 0
0.0405963 0
0.0480432 0
0.0714872 0
0.0121355 0
0.0304379 0
0.11418 0
0.377212 0
0.0547447 0
0.0515485 0
0.380839 0
0.0845166 0
0.0229939 0
0.0201259 0
0.0656163 0
1.50145 0
0.0390921 0
0.0834135 0
0.154781 0
0.102425 0
0.0760526 0
4.13675 0
0.0791882 0
0.0961174 0
0.060241 0
0.118625 0
0.0458286 0
0.0696347 0
0.0185568 0
0.0774934 0
0.0780914 0
0.084566 0
1.36856 0
0.0876705 0
0.0341751 0
0.0378698 0
0.033363 0
0.471792 0
0.0788313 0
0.0250294 0
0.0368421 0
0.544333 0
0.0388699 0
0.0212202 0
0.54878 0
0.10771 0
0.0728679 0
0.135013 0
0.111883 0
0.0548272 0
0.0304774 0
0.680158 0
0.0866167 0
0.104709 0
0.0514233 0
0.059539 0
0.0885658 0
0.0220963 0
0.102395 0
0.0487094 0
0.0363783 0
0.0910862 0
0.122465 0
0.0687067 0
0.102257 0
0.0945397 0
0.0403508 0
1.72901 0
0.0200799 0
0.13411 0
0.0464451 0
0.0751806 0
0.0537414 0
0.220563 0
0.119773 0
0.0605075 0
0.0420687 0
0.0484895 0
0.0631956 0
0.05217 0
0.0225681 0
2.52184 0
0.0551373 0
0.0990689 0
0.0806701 0
0.0542552 0
0.121764 0
0.0660087 0
0.00355831 0
0.032958 0
0.0737814 0
0.0577968 0
0.102538 0
0.105415 0
5.51502 0
0.155303 0
0.049092 0
0.0482874 0
0.469269 0
0.023277 0
0.0461695 0
0.181078 0
0.080945 0
0.0424615 0
0.0969527 0
0.0524234 0
0.0852362 0
0.068515 0
0.0719895 0
0.0628922 0
0.04994 0
0.0918024 0
0.112127 0
0.0216613 0
0.00789474 0
0.488513 0
0.0327758 0
0.062984 0
1.8798 0
0.0130314 0
0 0
0.0262869 0
0.0541345 0
0.202238 0
0.0863448 0
0.0254037 0
0.145977 0
0.0622799 0
0.112387 0
0.870915 0
0.170527 0
0.0188199 0
1.21627 0
0.14366 0
0.035531 0
0.0616797 0
0.0120399 0
0.036172 0
0.190996 0
0.0328461 0
0.358447 0
1.00132 0
0.0495182 0
0.0238923 0
0.0829129 0
0.110076 0
0.0642534 0
0.0351917 0
0.118197 0
0 0
0.175765 0
0.0690193 0
0.0495836 0
0.0592778 0
0.114162 0
0.0494409 0
0.0197594 0
0.0281685 0
0.0462185 0
0.0674557 0
0.0241489 0
1.08495 0
0.067343 0
0.18032 0
0.0802355 0
0.0654961 0
0.0373352 0
0.0290356 0
0.102587 0
0.00373774 0
0.0355682 0
0.0499773 0
0.0480121 0
0.0349992 0
0.0458203 0
0.0836557 0
0.04232 0
0.0543256 0
0.036046 0
0.0757789 0
0.815486 0
0.121972 0
0.164573 0
0.116144 0
0.325942 0
0 0
0.0484421 0
0.0412391 0
0.641946 0
0.0656022 0
0.0628384 0
0.320781 0
0.00768344 0
0.0492774 0
0.0793263 0
0.492527 0
0.0740651 0
0.0663189 0
0.0712372 0
0.0824946 0
0.0919806 0
0.446991 0
0.0879566 0
0.0476377 0
0.0614919 0
0.114102 0
0.114211 0
0.0856956 0
0.0443946 0
1.60706 0
2.55812 0
0.0556807 0
0.116436 0
0.0188129 0
0.432159 0
0.0674042 0
0.0911363 0
0.288035 0
0.0308904 0
0.0327009 0
2.26019 0
0.0318074 0
0.147268 0
0.0479906 0
0.122881 0
0.0707203 0
0.0492165 0
0.894247 0
0.663878 0
0.107421 0
0.0798381 0
0.123158 0
0.0754661 0
0.105851 0
0.327398 0
0.0267335 0
0.0736476 0
0.0401117 0
0.0784409 0
0.0982068 0
1.4047 0
0.0744797 0
0 0
0.0572056 0
0.105605 0
0.116506 0
0.0203948 0
0.0554757 0
0.048963 0
0.170478 0
0.0775715 0
0.0393817 0
0.327657 0
0.0315617 0
0.0566213 0
0.0802934 0
0.157642 0
0.0387815 0
0.0561301 0
0.153635 0
0.0362973 0
0.0487076 0
0.145317 0
0.000972581 0
0.0754451 0
1.28107 0
0.0870097 0
0.0469737 0
0.0404694 0
0.0659407 0
0.0117937 0
0.0442572 0
1.33461 0
0.0186596 0
0.0936133 0
0.105718 0
0 0
0.127035 0
0.0589953 0
0.0211799 0
0.0336522 0
0.103946 0
0.0386247 0
0.0414072 0
0.0708495 0
0.040409 0
0.0722594 0
0.314283 0
0.0483628 0
0.0144323 0
0.455399 0
0.0621151 0
4.6088 0
0.125939 0
0.0430059 0
0.0874408 0
0.0804367 0
0.0814567 0
0.0465933 0
0.0477914 0
0.0562093 0
0.0536302 0
0.0208204 0
1.36259 0
0.504854 0
0.0783397 0
0.0513016 0
0.0455446 0
0.560883 0
0.0527191 0
0.138314 0
0.0199878 0
0.0765578 0
0.692013 0
0.00837767 0
0.0554603 0
0.0254576 0
0.0236931 0
0.115708 0
0.0861 0
0.0792513 0
0.0589679 0
0.073151 0
0.0539383 0
0.0759671 0
0.0677381 0
0.0396363 0
0.0514881 0
0.10883 0
0.0324274 0
