0.0968074 1
0.277011 1
0.0693708 1
1.58287 1
0.0386676 1
2.60069 1
0.678168 1
0.590427 1
4.32554 1
0.548004 1
0.59065 1
0.207413 1
0.103007 1
3.57343 1
0.179292 1
1.17182 1
3.31529 1
6.54334 1
0.238707 1
0.0511719 1
3.05636 1
0.410564 1
0.486176 1
0.982688 1
0.0688935 1
0.0856541 1
0.103046 1
1.23978 1
0.367347 1
0.0749238 1
0.0727467 1
0 1
1.80785 1
0.914963 1
0.138724 1
0.277148 1
0.900974 1
0.0420812 1
0.109182 1
0.658815 1
0.927347 1
2.42327 1
7.41885 1
0.0935411 1
6.97564 1
0.0367391 1
1.00855 1
0.0800846 1
0.0644692 1
0.437346 1
1.67538 1
2.66067 1
3.15804 1
0.963492 1
0.0373517 1
0.0692581 1
0.0648123 1
0.040453 1
0.889684 1
27.5105 1
1.39834 1
0.0240292 1
0.705398 1
0.0891124 1
0.537774 1
0.780991 1
0.213387 1
0.0470679 1
0.267961 1
0.0396534 1
0.430538 1
0.205841 1
0.376732 1
2.50118 1
0.0682968 1
0.630361 1
1.48631 1
1.49922 1
0.0752745 1
1.20187 1
1.8882 1
0.0152672 1
0.0805207 1
0.331977 1
4.98777 1
0.0344591 1
5.5568 1
0.170643 1
0.0230791 1
0.31759 1
1.26117 1
0.0997429 1
10.7953 1
0.648878 1
0.0374563 1
0.194995 1
2.56556 1
0.0682545 1
0.785501 1
0.333206 1
0.282546 1
26.9387 1
1.32264 1
1.00235 1
0.0403639 1
2.5017 1
24.4082 1
0.0735937 1
1.35793 1
0.0341573 1
1.07239 1
1.59064 1
7.27985 1
1.03779 1
0.0322632 1
0.306898 1
0.0558523 1
2.06767 1
2.09711 1
0.300441 1
0.107918 1
0.708686 1
1.91762 1
0.0402813 1
2.36162 1
0.0806648 1
5.02868 1
0.330974 1
0.042064 1
0.265974 1
0.032638 1
1.27174 1
5.94615 1
0.0516519 1
0.064919 1
4.19324 1
0.535945 1
0.293828 1
0.0413477 1
4.9535 1
1.08571 1
1.37098 1
0.0739852 1
0.632539 1
2.24148 1
0.127002 1
3.40431 1
0.0435733 1
0.0552281 1
0.466963 1
4.45946 1
0.603797 1
9.27028 1
0.0782325 1
0.0553488 1
0.0599903 1
4.92455 1
1.68491 1
0.154347 1
0.311842 1
0.110025 1
0.0301404 1
0.820363 1
0.0482015 1
0.0175467 1
0.038941 1
3.10778 1
0.0601601 1
0.138546 1
2.00041 1
0.18493 1
0.0796908 1
5.61928 1
1.66471 1
0.0187732 1
2.27155 1
1.17131 1
2.83023 1
0.441822 1
1.16171 1
15.7654 1
0.0674435 1
0.0648029 1
0.0563481 1
0.354113 1
0.0693647 1
1.75871 1
0.0613804 1
0.0967674 1
0.716425 1
1.76588 1
0.0721842 1
0.0660313 1
0.0226677 1
2.3203 1
0.0431326 1
3.31 1
0.348836 1
0.967986 1
0.707165 1
0.117195 1
3.0186 1
0.0589309 1
0.710301 1
0.0552389 1
0.0701636 1
0.0285636 1
3.00173 1
0.0189034 1
0.0697917 1
0.0494362 1
0.0861395 1
0.129335 1
0.0766946 1
0.0460453 1
0.628813 1
0.117955 1
0.16332 1
0.182172 1
1.85786 1
1.46861 1
0.618137 1
0.254676 1
5.20154 1
0.338992 1
0.0568419 1
9.66237 1
29.2739 1
2.73931 1
1.97316 1
0.294956 1
0.0283136 1
0.106912 1
0.0659105 1
2.17175 1
0.107968 1
16.3622 1
0 1
1.37013 1
1.55813 1
0.413623 1
2.82251 1
0.147316 1
0.0412274 1
0 1
0.0431703 1
2.4085 1
4.17269 1
1.32269 1
0.0820009 1
1.22322 1
0.366787 1
0.0650961 1
2.6439 1
0.113389 1
3.57365 1
0.0944449 1
0.576326 1
0.881211 1
1.59324 1
0.102312 1
0 1
0.123745 1
2.82066 1
0.015568 1
0.0268886 1
0.425225 1
12.3529 1
0.0777627 1
0.0643348 1
0.953465 1
0.0424045 1
0.136834 1
0.152835 1
3.05337 1
4.36697 1
43.1473 1
1.22984 1
0.132927 1
0.940397 1
0.0448403 1
0.0452354 1
0.0668353 1
0.0427931 1
0.0217889 1
0.080814 1
0.510958 1
0 1
6.87634 1
2.47768 1
0.129098 1
2.8909 1
0.0558138 1
0.350333 1
0.145706 1
0.0693663 1
0.115643 1
0.85146 1
0.381548 1
0.895609 1
0.209504 1
0.0504606 1
1.49476 1
0.770996 1
0.0678424 1
0.0847797 1
0.05813 1
0.096583 1
0.0590843 1
0.0399634 1
0.0508315 1
0.0991765 1
0.085953 1
0.0381944 1
0.202196 1
2.38227 1
1.09323 1
2.91074 1
3.83059 1
0.074058 1
0.109556 1
3.75432 1
0.659751 1
0.396106 1
1.12831 1
0.162424 1
20.5929 1
0.104259 1
0.0697766 1
0.52876 1
1.03219 1
4.00108 1
0.0299211 1
0.0786913 1
0.319231 1
0.0698131 1
0.0358017 1
0.368157 1
0.679949 1
0.0564529 1
0.504288 1
0.686133 1
0.0396726 1
0.0658708 1
0.0595975 1
0.313728 1
0.944549 1
0.0624394 1
0.638006 1
8.27377 1
0.011887 1
0.0852602 1
0.0816212 1
0.405775 1
0.0799787 1
0.0339085 1
0.0596811 1
0.21347 1
1.54618 1
0.311341 1
0.101585 1
2.38977 1
0 1
1.17332 1
0.0358831 1
0.0857111 1
0.0794493 1
0.233093 1
0.467593 1
0.0655276 1
0.81573 1
0.0450361 1
0.263115 1
0.0484102 1
0.847661 1
2.63883 1
1.31731 1
1.13415 1
1.03278 1
2.86582 1
0.384953 1
0.498967 1
1.47799 1
5.2 1
0.0114311 1
0.110935 1
0.878533 1
1.77514 1
1.34388 1
0.0754513 1
3.21447 1
1.96152 1
0.039755 1
0.0614772 1
0.0566367 1
0.0405797 1
0.170775 1
0.0631978 1
0.988222 1
1.00052 1
0.574416 1
0.0194241 1
0.0516317 1
0.0607461 1
0.0697283 1
31.7646 1
0.107185 1
0.600847 1
0.0439065 1
0.0670328 1
0.0476298 1
3.77726 1
0.0728071 1
16.8209 1
0.67577 1
8.44484 1
0.0672574 1
0.469561 1
4.20277 1
0.955986 1
1.12524 1
0.0546197 1
2.29459 1
2.97551 1
0.0087987 1
0.918246 1
0.0609058 1
0.964922 1
0.0323285 1
0.133591 1
0.38003 1
0.0310411 1
1.91706 1
0.0349093 1
0.431797 1
0.622282 1
0.0687604 1
0.322482 1
0.259942 1
8.59276 1
3.40634 1
0.0286297 1
0.367806 1
0.3806 1
1.91769 1
0.0942936 1
0.62902 1
0.106751 1
0.734289 1
0.0429056 1
1.09594 1
0.119776 1
0.125185 1
0.0379203 1
1.16711 1
0.223873 1
0.085005 1
0.0109931 1
0.0817649 1
0.0270979 1
0.304948 1
3.84409 1
0.548012 1
0.110493 1
0.0687528 1
0.0848208 1
0.0107164 1
2.0237 1
39.7644 1
0.0528314 1
0.7354 1
3.38495 1
0.0658805 1
0.0425413 1
1.06355 1
9.21086 1
0.105026 1
1.45761 1
33.0976 1
0.22855 1
0.0595865 1
0.423268 1
0.540085 1
0.0903216 1
0.0492521 1
10.3353 1
0.229107 1
0.0346218 1
1.51439 1
3.21049 1
0.033892 1
2.49809 1
1.38007 1
0.0555419 1
0.537168 1
1.19734 1
0.0822607 1
0.546977 1
0.252602 1
0.0852059 1
1.78118 1
1.18173 1
17.9553 1
10.2946 1
0.0350906 1
0.0649064 1
0.0955467 1
0.0810878 1
0.10116 1
0.033845 1
0.511064 1
0.0636574 1
0.0760755 1
2.05418 1
0.275624 1
4.73892 1
0.0877972 1
0.0345274 1
0.0540636 1
0.116553 1
0.137667 1
0.068805 1
0.110558 1
0.0566735 1
0.117423 1
0.0282428 1
0.378546 1
0.118751 1
0.110492 1
0.0555135 1
0.0900335 1
0.198378 1
0.685685 1
0.941123 1
0.0723768 1
0.0249564 1
0.765741 1
0.293104 1
0.731969 1
0.0384778 1
8.39886 1
0.47628 1
12.0548 1
0.0634682 1
1.82247 1
0.469886 1
1.17667 1
0.686773 1
0.0727465 1
0.769866 1
0.0481446 1
0.0758689 1
0.111166 1
0.442942 1
2.72902 1
0.534698 1
0.036735 1
0.361485 1
1.63614 1
1.55165 1
4.11056 1
0.0838821 1
6.57035 1
0.995476 1
0.353857 1
0.831725 1
0.753749 1
0.0106607 1
3.33883 1
0.384831 1
1.25752 1
0.262072 1
7.3336 1
0.0771211 1
0.0992328 1
0.503246 1
0.377142 1
0.58253 1
0.0237538 1
0.0997778 1
0.341133 1
0.0686172 1
8.51671 1
0.120291 1
0.0662113 1
0.185214 1
0.0525962 1
0.157478 1
0.0257211 1
0.0559845 1
0.14513 1
1.17587 1
0.145628 1
0.0473469 1
0.0446915 1
1.52215 1
0.0404149 1
0.0621049 1
1.4728 1
11.1028 1
0.0298413 1
0.0535336 1
4.42115 1
0.0902156 1
0.0511752 1
0.128463 1
0.114418 1
3.86971 1
0.0788008 1
8.15662 1
15.1169 1
0.0934453 1
0.0971112 1
0 1
0.206742 1
3.313 1
2.31503 1
0.0438609 1
3.49956 1
0.172017 1
4.47441 1
0.0389171 1
2.28203 1
0.138313 1
0.294992 1
0.965337 1
1.42823 1
0.653439 1
0.26248 1
1.33792 1
0.056392 1
4.61479 1
1.97583 1
1.00435 1
0.228253 1
0.34842 1
0.0781833 1
0.061744 1
0.115584 1
2.28331 1
0.0189766 1
0.0726025 1
4.09313 1
0.0630669 1
1.46792 1
0.470794 1
0.075951 1
3.38224 1
0.045367 1
0.321987 1
0.0278421 1
0.105895 1
0.0202541 1
1.39726 1
0.0868291 1
0.373984 1
1.46263 1
4.48756 1
5.29092 1
0.499813 0
0.0840939 0
0.0523909 0
0.0387728 0
0.0818146 0
0.0327852 0
0.0690745 0
0.0243408 0
0.0797394 0
0.0530268 0
0.158648 0
0.0904709 0
0.14917 0
0.524137 0
0.101318 0
0.117727 0
0.461462 0
1.52729 0
2.00852 0
0.10318 0
0.130995 0
0.852947 0
0.0924685 0
0.11148 0
0.0847355 0
0.373532 0
1.30618 0
0.0554957 0
0.0266632 0
0.132032 0
0.0258148 0
0.116536 0
0.0369392 0
0.041576 0
0.0530553 0
0.138167 0
0.0500491 0
0.0833743 0
0.12963 0
0.05948 0
0.0869647 0
0.00759013 0
0.0334328 0
0.144047 0
0.255325 0
0.0173114 0
0.0262596 0
0.075058 0
1.35855 0
0.085666 0
0.0376892 0
0.0459387 0
0.0203244 0
0.0437819 0
0.0702066 0
0.086643 0
0.0485455 0
0.060858 0
0.193587 0
0.100964 0
0.0381179 0
0.0107487 0
0.108367 0
0.330727 0
1.79663 0
0.303042 0
0.229085 0
0.106929 0
0.553301 0
0.0294946 0
0.455454 0
0.0864999 0
0.0512022 0
0.0517863 0
0.0584897 0
0.110338 0
0.0810722 0
0.333456 0
0.867943 0
0.20731 0
0.0199042 0
4.69891 0
1.44208 0
0.0183471 0
2.62695 0
0.089721 0
0.0321719 0
0.06787 0
0.0672579 0
0.0911786 0
0.0603062 0
0.0287801 0
0.0993263 0
0.0125661 0
0.0627484 0
0.077785 0
0.0612777 0
0.136069 0
0.0947707 0
0.0971674 0
0.376142 0
8.09129 0
0.927584 0
0.0134074 0
0.0654013 0
0.138562 0
0.0622752 0
0.765007 0
0.120475 0
0.0681391 0
0.0647048 0
0.127457 0
0.0922526 0
1.68226 0
0.0561793 0
0.0941342 0
0.116426 0
0.0403737 0
0.113795 0
0.0873528 0
0.0628299 0
0.0623224 0
0.0816802 0
0.106924 0
0.275806 0
0.0289907 0
0.475903 0
0 0
0.32215 0
0.0897997 0
0.355294 0
0.0743549 0
0.844477 0
0.0436397 0
0.0428331 0
0.0810341 0
0.0586673 0
0.321742 0
0.0630735 0
0.0672524 0
0.171512 0
0.0622315 0
0.586964 0
0.0878996 0
0.0472559 0
0.315992 0
0.302808 0
2.71654 0
0.0637087 0
1.24117 0
0.0572303 0
0.0894891 0
0.0851487 0
0.0540166 0
0.0872609 0
0.0590929 0
0.0613089 0
0.016955 0
0.573638 0
2.33472 0
0.107969 0
0.0882425 0
0.0556501 0
0.0805278 0
0.390466 0
0.012921 0
0.0224118 0
0.431418 0
0.0735384 0
0.0520725 0
0.0440681 0
0.104394 0
0.0386809 0
0.080085 0
1.50609 0
0.0841774 0
0.410598 0
0.0561227 0
0.325706 0
0.0503961 0
0.121216 0
0.0568661 0
0.19182 0
0.0653031 0
0.530809 0
0.112946 0
0.0855515 0
0.348606 0
0.0201915 0
0.00183233 0
0.125522 0
0.0984448 0
0.0642084 0
3.11125 0
0.0667883 0
0.151989 0
0.0520368 0
0.0269542 0
0.0433667 0
0 0
0.0389946 0
6.56452 0
0.0711055 0
0.135273 0
0.109442 0
0.0309971 0
0.568715 0
0.0233474 0
1.0159 0
0.07531 0
0.36924 0
0.0473573 0
0.0586913 0
0.0346659 0
0.0642198 0
0 0
0.0999128 0
0.0104051 0
0.0755809 0
0.0247894 0
0.053246 0
1.1098 0
0.114458 0
0.0470347 0
0.0500551 0
0.131248 0
0.0844355 0
0.103415 0
0.0364502 0
0.062962 0
0.0597474 0
0.0296121 0
0.040349 0
0.0844473 0
0.267431 0
0.0669221 0
0.0672226 0
0.0421716 0
0.101469 0
0.0802924 0
0.0617626 0
0.117723 0
0.473075 0
0.151792 0
0.0271685 0
0.0912667 0
0.0731135 0
0.0994992 0
0.0216732 0
0.1183 0
0.0360247 0
0.0223406 0
0.087122 0
0.0919823 0
0.610414 0
0.4283 0
0.0958393 0
0.0359136 0
0.0559233 0
0.063278 0
0.290525 0
0.168217 0
0 0
0.0873892 0
0.11354 0
0.00888087 0
0.0388167 0
0.0805196 0
0.064809 0
0.0198061 0
0.0421985 0
0.0631308 0
0.0188831 0
0 0
0.375774 0
0.781465 0
0.651692 0
0.0262391 0
0.0552342 0
0.0855297 0
0.841628 0
2.79388 0
0.0794861 0
0.0499773 0
0.765729 0
0.0602981 0
0.0346426 0
0.0674899 0
0.0881562 0
0.0705633 0
0.0843409 0
0.0298905 0
0.0750595 0
0.0850056 0
0.288813 0
0.0786735 0
0.0116519 0
0.10226 0
0.0349791 0
0.366607 0
1.80282 0
0.0427748 0
0.0301514 0
0.116972 0
0.0810726 0
0.0635778 0
0.052419 0
0.0863076 0
0.0407619 0
0.0520756 0
0.535146 0
0.0758734 0
0.0442684 0
0.342912 0
0.0316017 0
0.0178128 0
0.361002 0
0.0635429 0
0.0550214 0
1.10687 0
0.0951151 0
0.0685674 0
0.0858879 0
0.098858 0
0.0755959 0
0.0122854 0
0.0297475 0
0.0880463 0
0.0822843 0
0.0534578 0
0.0675028 0
0.10368 0
0.0158141 0
2.86549 0
0.079204 0
0.0129848 0
0.0213664 0
0.112001 0
0.0402142 0
0.0984002 0
0.0429736 0
0.105766 0
0.00252332 0
0.0853875 0
0.0499194 0
0.0665331 0
0.068149 0
0.0336126 0
0.00569767 0
0.93154 0
0.0231674 0
0.084127 0
0.0594466 0
0.129635 0
0.0109252 0
0.0906095 0
0.00180437 0
0.0323979 0
0.0702269 0
3.87857 0
0.125897 0
0.0294431 0
0.0439044 0
0.0558729 0
0.0714096 0
0.0143985 0
0.064242 0
0.108548 0
0.0589487 0
0.05426 0
0.0617433 0
0.126607 0
0.180823 0
0.0224126 0
0.113515 0
4.63961 0
0.0828499 0
0.0463071 0
0.0823779 0
0.0674648 0
0.07401 0
0.117074 0
0.263644 0
0.0114167 0
0.0657819 0
0.791827 0
0.0282481 0
1.61388 0
0.0430845 0
0.0126263 0
0.0412718 0
0.0223631 0
0.417684 0
0.0637661 0
0.0768975 0
0.0569828 0
0.095523 0
0.112015 0
0.166502 0
0.158661 0
0.90985 0
0.114101 0
0.164331 0
0.0296413 0
1.87768 0
0.0725152 0
0.083184 0
0.791309 0
0.0693909 0
0.102064 0
0.183279 0
0.0695356 0
0.0344487 0
0.0723561 0
0.0161978 0
0.0946602 0
0.0489432 0
0.0762034 0
0.0630002 0
0.107202 0
0.0870103 0
0.0371234 0
0.151334 0
0.0180761 0
2.61722 0
0.359919 0
0.0749975 0
0.0690808 0
0.076241 0
0.0833333 0
0.12018 0
0.0600596 0
0.353682 0
0.392201 0
0.0410161 0
0.0308399 0
0.294641 0
0.112604 0
0.0653657 0
0.987631 0
0.0463003 0
0.0731343 0
0.0433422 0
0.129723 0
0.037582 0
0.773313 0
0.150739 0
0.0272927 0
0.0559821 0
0.0631342 0
0.0789413 0
0.121783 0
0.0029656 0
0.0662905 0
1.78465 0
0.0628375 0
0.144764 0
0.077295 0
0.143465 0
0.00776578 0
0.0361737 0
0.0482595 0
0.0830227 0
0.0564318 0
0.0651905 0
0.0500453 0
0.0479588 0
0.101807 0
0 0
0.0443189 0
0.0630962 0
0.0467687 0
0.09506 0
0.0853067 0
0.0925252 0
0.558579 0
0.512672 0
0.0385076 0
0.130727 0
0.0628922 0
6.24356 0
0.111147 0
0.356926 0
0.0831916 0
0.0100321 0
0.0522263 0
0.0805928 0
0.723711 0
4.16319 0
0.0404754 0
0.888508 0
0.140301 0
0.073595 0
0.113178 0
0.142722 0
0.046946 0
0.0693131 0
0.108537 0
0.0617701 0
0.0623539 0
0.0568732 0
0.0432378 0
0.239684 0
0.046768 0
0.0856817 0
0.0313332 0
0.0467617 0
0.0719294 0
0.0974728 0
0.0984483 0
0.0391339 0
0.0367756 0
0.0631597 0
0.0678216 0
0.0943695 0
0.0429427 0
0.432705 0
0.127205 0
0.0225093 0
0.269633 0
0.128548 0
0.238202 0
0.124455 0
0.0546895 0
0.0590848 0
0.0665063 0
0.05162 0
0.0445825 0
0.0755304 0
0.0727354 0
0.0711347 0
0.0344632 0
0.0479505 0
0.00840336 0
0.0552675 0
0.0615873 0
0.0483577 0
0.337478 0
0.039587 0
0.0467791 0
0.112442 0
0.0778592 0
0.0850119 0
0.0722222 0
0.0661786 0
0.098509 0
0.408844 0
0.0151924 0
0.0548723 0
0.134878 0
0.0794933 0
0.0258202 0
0.0848627 0
0.0503671 0
0.164458 0
0.060687 0
0.0667385 0
0.308471 0
0.0444316 0
0.13307 0
0.0355357 0
0.108164 0
0.0452138 0
0.0889602 0
0.0597451 0
0.0287724 0
0.0747014 0
0.542796 0
0.562276 0
0.0375366 0
0.0454788 0
0 0
0.0796892 0
0.0758538 0
0.0666154 0
0.079439 0
0.783262 0
0.0445372 0
0.0456617 0
0.0884446 0
0.0751662 0
0.719787 0
0 0
0.0870839 0
0.0572979 0
0.0556522 0
0.0716898 0
0.729227 0
0.0548754 0
0.00623836 0
1.79965 0
0.0714906 0
0.0755154 0
0.0849697 0
0.113192 0
0.074904 0
0.0775729 0
0.0363444 0
0.592367 0
0.0696194 0
0.0915729 0
0.028924 0
0.0640354 0
0.124763 0
0.162542 0
0.0430474 0
0.0195855 0
0.00809062 0
0.0767436 0
0.0493538 0
0.0441613 0
0.0485864 0
0.0308065 0
0.0131818 0
0.1198 0
0.35953 0
0.0628892 0
0.0620392 0
0.125144 0
1.48147 0
0.0520581 0
0.076976 0
0.322241 0
0.0777878 0
0.0400074 0
0.0646399 0
0.18624 0
0.797664 0
0.0375148 0
0.0680954 0
0.104124 0
0.069652 0
1.38334 0
0.00365312 0
1.04237 0
0.0611686 0
0.0391274 0
0.077602 0
0.0787638 0
0.878952 0
0.0442765 0
2.0067 0
0.501241 0
0.044091 0
0.469164 0
0.0606392 0
0.0862329 0
0.0809481 0
0.950202 0
0.0917341 0
0.102075 0
0.080218 0
0 0
0.0571249 0
0.038023 0
0.0764584 0
0.0605274 0
0.116015 0
0.0340164 0
0.0405538 0
0.15282 0
0.0842703 0
1.8496 0
