1.75357 1
0.0787921 1
0.220769 1
0.180928 1
1.25093 1
0.035499 1
0.0413052 1
0.409074 1
1.23967 1
0.76958 1
0.248695 1
3.42694 1
1.30686 1
0.0552635 1
2.32716 1
3.30536 1
0.50777 1
0.591868 1
1.34171 1
1.3962 1
0.0535179 1
1.49299 1
0.825203 1
0.0940433 1
0.134137 1
0.038169 1
6.59597 1
0.0771407 1
0.0864148 1
0.696825 1
0.041226 1
3.68736 1
0.0194711 1
2.10757 1
1.39581 1
0.0534234 1
0.0527071 1
0.164375 1
2.22863 1
2.00144 1
0.0752285 1
0.0292108 1
0.0186493 1
2.91036 1
0.0377993 1
0.19838 1
0.0426093 1
0.0340441 1
0.207532 1
0.0877248 1
0.0870219 1
1.52298 1
0.533698 1
0.0841351 1
0.157425 1
0.096647 1
0.594863 1
0.098128 1
3.98561 1
0.89555 1
0.0475658 1
0.0757436 1
0.0513972 1
0.501504 1
3.94958 1
1.11766 1
0.539494 1
0.768711 1
0.156647 1
0.575073 1
0.213854 1
5.34422 1
4.48369 1
0.381628 1
0.0304848 1
0.0508439 1
2.79765 1
2.77202 1
16.009 1
0.0667354 1
1.37033 1
1.36597 1
3.50181 1
0.533537 1
0.486008 1
0.0751188 1
0.0890109 1
0.143165 1
0.847916 1
0.455922 1
5.78255 1
4.6039 1
0.872148 1
0.0811418 1
2.25928 1
0.726023 1
7.35723 1
0.318083 1
0.0247414 1
2.26896 1
0.0594256 1
4.21157 1
0.0460711 1
2.67089 1
2.26476 1
0.0954287 1
0.887011 1
0.663647 1
0.967486 1
0.725712 1
0.130717 1
1.22361 1
2.02903 1
0.109459 1
2.55049 1
10.2904 1
3.33852 1
0.122237 1
26.9723 1
0.0149942 1
1.32451 1
10.346 1
0.109861 1
0.925549 1
0.53985 1
0.0315812 1
0.286743 1
0.11025 1
0.442122 1
0.0536487 1
0.0955484 1
0.0792866 1
0.12083 1
4.51161 1
2.83128 1
0.0589454 1
0.243185 1
0.772898 1
0.703636 1
0.34536 1
0.0944318 1
4.09504 1
0.0339617 1
3.19635 1
0.0554155 1
0.087093 1
0.0926554 1
0.161273 1
8.20752 1
0.10072 1
0.357449 1
0.533318 1
0.128067 1
0.0469092 1
0.262338 1
0.905043 1
0.083094 1
0.703229 1
0.0387707 1
0.0134394 1
0.0969548 1
0.0554889 1
0.429007 1
0.294197 1
19.8151 1
2.30213 1
0.163684 1
3.41952 1
0.642505 1
0.386162 1
3.57679 1
0.0184003 1
0.419006 1
0.0918392 1
4.80335 1
0.097827 1
2.277 1
5.77359 1
0.026136 1
0.055419 1
0.0381282 1
2.17783 1
0.0648387 1
0.0330272 1
0.174173 1
0.620357 1
0.148018 1
0.0517779 1
5.70473 1
1.77312 1
0.776982 1
9.97101 1
0.0521839 1
0.603777 1
2.47318 1
0.0603571 1
3.38479 1
0.0347432 1
1.30101 1
0.42108 1
3.11487 1
3.03136 1
0.828316 1
0.091778 1
1.56339 1
1.58818 1
1.74482 1
2.44272 1
3.35426 1
1.57473 1
1.06144 1
0.0353611 1
0.524491 1
1.83781 1
2.11153 1
2.27357 1
0.119824 1
0 1
0.320383 1
0.0368114 1
0.0924753 1
0.85631 1
0.976046 1
0.0787556 1
0.338807 1
0.385023 1
3.36183 1
2.40425 1
1.23717 1
0.206278 1
0.0594536 1
0.116068 1
0.211146 1
0.0513793 1
0.0408425 1
0.921644 1
0.0201108 1
1.4143 1
0.106372 1
0.995922 1
0.164305 1
1.247 1
0.047722 1
0.0914369 1
4.54984 1
2.10841 1
1.09272 1
2.78963 1
0.044074 1
0.635226 1
0.0649193 1
0.427986 1
0.801031 1
1.06718 1
9.06258 1
2.44196 1
0.885119 1
0.432198 1
1.51139 1
0.808267 1
6.24436 1
0.536645 1
0.131362 1
0.201697 1
0.188349 1
0.0529893 1
0.0606922 1
0.648204 1
1.08756 1
0.167689 1
0.368878 1
0.202549 1
1.83853 1
0.0789298 1
0.0821369 1
0.44223 1
0.142363 1
2.45866 1
0.973586 1
0.798897 1
0.682966 1
0.078289 1
0.102179 1
1.20631 1
0.0682661 1
1.18577 1
0.064164 1
2.85401 1
28.3305 1
0.171995 1
0.0932427 1
0.0677174 1
0.648387 1
5.22636 1
0.0178623 1
0.398147 1
2.53619 1
22.251 1
0.0535324 1
0.268984 1
0.10969 1
0.273207 1
0.0975841 1
0.149542 1
0 1
0.0818391 1
1.11683 1
1.10983 1
0.389236 1
0.258255 1
5.36749 1
4.16238 1
0 1
0.187129 1
0.0850097 1
0.0862803 1
1.16752 1
0.308722 1
0.0429597 1
0.449822 1
0.0514067 1
1.73474 1
0.112876 1
0.595118 1
0.101719 1
1.35482 1
0.0531732 1
4.08011 1
3.29635 1
3.39287 1
0.114626 1
0.51662 1
0.0825648 1
0.32662 1
0.560279 1
2.16477 1
10.2153 1
2.74249 1
5.70018 1
0.101751 1
0.645671 1
1.92286 1
0.119883 1
0.105748 1
1.52285 1
0.515733 1
0.0746267 1
3.6218 1
1.34642 1
0.075194 1
1.68438 1
10.6097 1
0.912789 1
0.101614 1
0.0467123 1
1.19344 1
0.430645 1
0.83651 1
6.70077 1
0.0809414 1
1.10527 1
0.0735982 1
1.01263 1
0.0704506 1
0.28651 1
0.099095 1
0.0506401 1
1.5579 1
0.354838 1
0.0493632 1
0.99403 1
0.337904 1
0.0829739 1
0.146977 1
0.0381175 1
0.00956486 1
0.025463 1
0.128258 1
0.465859 1
0.90917 1
0.0416232 1
0.0189907 1
0.897611 1
0.227629 1
13.7189 1
0.509117 1
0.700576 1
0.0500374 1
0.399149 1
30.5217 1
1.68245 1
0.553084 1
1.23361 1
0.8241 1
0.1315 1
3.55286 1
0.86392 1
0 1
6.23959 1
0.929381 1
0.335374 1
0.0630365 1
5.35401 1
0.37705 1
6.02042 1
1.28543 1
0.0298525 1
0.0555556 1
0.523074 1
2.12336 1
0.0647716 1
2.49531 1
0.0476881 1
0.113041 1
0.0331779 1
0.0188967 1
0.142625 1
1.54996 1
16.0324 1
1.63561 1
0.211228 1
0.110035 1
0.0807782 1
4.40465 1
0.216452 1
10.3566 1
0.161518 1
0.0414935 1
0.13366 1
0.0727204 1
0.0338753 1
0.0335055 1
0.0641926 1
33.3071 1
1.54698 1
0.564342 1
1.57124 1
0.0234596 1
0.176609 1
0.0397673 1
1.08076 1
0.0784648 1
0.358243 1
1.24859 1
7.84915 1
0.310155 1
0.0471153 1
0.898998 1
0.61685 1
2.27199 1
0.16818 1
0.884948 1
1.6344 1
0.0572907 1
0.782223 1
2.821 1
0.0723009 1
4.2297 1
0.0754751 1
0.0592045 1
0.484014 1
0.265562 1
0.772326 1
0.0157025 1
0.661999 1
0.229111 1
1.12143 1
0.956171 1
1.25426 1
0.362649 1
47.7507 1
0.891319 1
0.543189 1
2.28789 1
0.357447 1
0.0409705 1
0.0476837 1
0.0318953 1
0.47292 1
0.071058 1
0.0936363 1
0.119487 1
0.117123 1
0.681161 1
0.0428369 1
2.12757 1
0.0329268 1
0.141464 1
1.95839 1
1.76978 1
0.0824427 1
0.133578 1
0.0679383 1
3.97003 1
0.0755435 1
0.319695 1
0.0924939 1
6.95891 1
1.38271 1
2.8005 1
0.268783 1
0.129065 1
4.26325 1
1.07241 1
0.0720755 1
0.216862 1
0.403299 1
1.56128 1
0.0327485 1
0.123457 1
0.0305841 1
0.907389 1
1.51633 1
3.18999 1
0.0202541 1
8.03006 1
3.89766 1
0.0256138 1
0.503813 1
1.92494 1
0.0735491 1
0.0319264 1
2.66286 1
0.0718475 1
0.972648 1
4.11766 1
6.56386 1
0.0430901 1
0.0664681 1
0.0450787 1
0.0643064 1
0.526307 1
0.0918738 1
0.839328 1
0.0650648 1
0.83825 1
0.0671363 1
0.132776 1
0.348674 1
0.0744603 1
0.0572039 1
8.4281 1
0.0909154 1
0.0222382 1
0.15838 1
0.134458 1
2.62586 1
1.58331 1
0.460272 1
0.0506755 1
3.27455 1
1.26764 1
0.0367248 1
0.635253 1
0.0332198 1
1.73262 1
0.0665858 1
0.0792084 1
0.802781 1
1.23654 1
0.556313 1
0.88411 1
0.99053 1
9.05628 1
11.1204 1
0.0668789 1
1.42441 1
0.0333743 1
1.375 1
0.146616 1
3.58388 1
0.0273405 1
2.15017 1
0.507806 1
0.0792991 1
0.0134221 1
12.6824 1
0.0597785 1
0.0468974 1
0.112708 1
0.127387 1
0.624844 1
0.0997764 1
0.119306 1
1.3015 1
0.0487612 1
0.119628 1
2.28405 1
0.871898 1
9.35419 1
30.0192 1
0.61568 1
6.45617 1
0.0604647 1
4.53903 1
0.0633745 1
0.0943859 1
0.0183814 1
0.831419 1
0.263957 1
0.218693 1
0.988175 1
0.039495 1
1.08758 1
0.547105 1
0.0342387 1
0.320263 1
0.0355581 1
0.970041 1
0.783859 1
0.062147 1
0.0479047 1
0.00827588 1
2.20795 1
8.0493 1
0.0690338 1
1.09848 1
0.0910974 1
0.0729961 1
0.0248325 1
0.804396 1
0.0736894 1
0.0425683 1
0.0843197 1
0.0738462 1
1.04023 1
1.5952 1
0.0214123 1
0.0825436 1
0.581598 1
0.0296321 1
0.102619 1
0.603307 1
0.38105 1
0.0889733 1
2.58285 1
0.0947953 1
2.2755 1
2.32674 1
0.0215024 1
0.130463 1
0.507262 1
0.387437 1
0.0220822 1
1.30268 1
2.52385 1
0.0809217 1
1.29768 1
0.0274133 1
0.105043 1
2.65943 1
0.760577 1
0.0534539 1
0.0375401 1
0.0609698 1
1.32663 1
0.0435357 1
0.379553 1
0.0845999 1
0.0134825 1
0.0127448 1
0.140711 1
0.829147 1
1.15562 1
2.09817 1
0.0879261 1
0.0985952 1
0.0724152 1
0.0832437 1
3.81877 1
0.0952164 1
0.0738723 1
2.80537 1
0.0818964 1
0.846431 1
2.93894 1
0.492857 1
0.0958718 1
1.19736 1
0.0567369 1
0.218394 1
6.09134 1
1.52204 1
0.0163908 0
1.91361 0
0.108422 0
0.107686 0
0.115298 0
0.0425484 0
0.585231 0
0.00753338 0
0.0641068 0
0.020125 0
0.391582 0
0.416879 0
0.154112 0
0.145803 0
0.0295047 0
0.0860721 0
0.077499 0
0.08389 0
0.0410606 0
0.426594 0
0.315545 0
0.0421436 0
0.0631391 0
0.0415081 0
0.0407493 0
0.0451059 0
0.0940566 0
0.00516753 0
0 0
0.0593309 0
0.0669659 0
0.0368368 0
0.0588477 0
0.13246 0
0.0281247 0
0.101664 0
0.0496055 0
0.0659882 0
0.0368186 0
0.0823243 0
0.0636791 0
0.0698573 0
0.916436 0
0.0166183 0
0.0885324 0
0.07497 0
5.63228 0
0.125614 0
0.354345 0
0.051023 0
0.0271404 0
0.0161754 0
1.97982 0
0.0448918 0
0.116947 0
0.0640985 0
0.118475 0
0.109342 0
0.0991333 0
0.0476272 0
0.0578074 0
0.0738218 0
0.185394 0
0.0430579 0
0.149855 0
0.08114 0
0.0783051 0
0.0332415 0
0.104098 0
0.0333525 0
0.0174072 0
0.100386 0
0.0387401 0
0.0392254 0
0.0202453 0
0.752922 0
0.0933302 0
0.776148 0
0.0346294 0
0.04645 0
0.02792 0
0.104475 0
0.0711567 0
0.0474898 0
0.0386247 0
0.0401621 0
0.115979 0
0.051332 0
0.278468 0
0.067441 0
0.0545355 0
0.0599363 0
0.0363444 0
0.0837262 0
0.109124 0
1.1069 0
0.0347158 0
0.00698122 0
0.0458401 0
0.149887 0
0.0757916 0
0.129845 0
1.66855 0
0.106403 0
0.0558241 0
0.10799 0
0.0517791 0
0.0345004 0
0.0599336 0
0.0489989 0
0.0344373 0
0.0384519 0
0.0553329 0
0.270898 0
0.0790983 0
0.0777421 0
1.88898 0
0.0505915 0
0.0507311 0
0.0590591 0
0.0763656 0
0.0756103 0
1.55923 0
0.0454487 0
0.0481738 0
0.0510816 0
0.0626544 0
0 0
0.082903 0
0.0568934 0
0.0211057 0
0.174967 0
0.0492023 0
0.0366018 0
0.0153487 0
0.0833796 0
0.0263327 0
0.015145 0
0.0683466 0
0.154854 0
0.0898634 0
0.0559909 0
0.121214 0
0 0
0.0467723 0
0.0443472 0
0.134052 0
1.88327 0
0.0653695 0
0.0927973 0
0.0469598 0
0.048846 0
0.345431 0
0.0734265 0
0.074564 0
0.0581776 0
0.104671 0
1.61455 0
0.604804 0
0.0556088 0
0.743159 0
0.0739394 0
0.0417548 0
0.0137792 0
0.0774505 0
0.00260388 0
0.0365419 0
0.0355491 0
0.340284 0
0.0496054 0
0.0534403 0
0.0380791 0
0.0703603 0
0.0534313 0
0.0998718 0
0.044143 0
0.0389787 0
0.262842 0
0.123974 0
0.0906611 0
0.0606645 0
0.0426747 0
0.0554917 0
0.158407 0
0.0567534 0
0.138322 0
0.0263678 0
0.628221 0
0.0552109 0
0.0409087 0
6.553 0
0.177777 0
0.199239 0
0.0332548 0
0.0957447 0
0.245675 0
0.102028 0
0.0776397 0
0.43667 0
0.0669199 0
0.0762092 0
0.115492 0
0.310144 0
0.0182323 0
0.939955 0
0.111745 0
0.183954 0
0.0761588 0
0.0572583 0
0.126846 0
0.0265555 0
0.0802417 0
0.105832 0
0.10242 0
0.0531129 0
0.0860061 0
0.0607987 0
0.076407 0
0.0674031 0
0.0177547 0
1.75499 0
0.147881 0
0.0207093 0
1.2106 0
0.97385 0
0.0731199 0
0.0722738 0
0.0553573 0
0.100529 0
0.0612508 0
0.111703 0
0.0327766 0
0.0917837 0
0.0395062 0
0.0752378 0
0.77165 0
0.00937031 0
0.0846597 0
0.0412049 0
0.0575314 0
0.14988 0
0.746366 0
0.055104 0
0.0401433 0
0.152558 0
0.0888619 0
0.0447266 0
0.0350159 0
0.132242 0
0.17827 0
0.19182 0
0.0254477 0
0.0239946 0
0.0344589 0
2.87204 0
0.0299187 0
0.128203 0
0.105779 0
0.358943 0
0.123249 0
0.0552001 0
1.77425 0
0.0307148 0
0.0221942 0
0.130644 0
0.752424 0
0.0511213 0
0.30797 0
0.13905 0
0.0911871 0
0.0477845 0
0.0832582 0
0.162473 0
0.0301914 0
0.0331597 0
1.6994 0
0.0952933 0
0.372396 0
0.104535 0
0.277856 0
0.122981 0
0.106535 0
0.0912501 0
0.0659481 0
0.0239808 0
0.102286 0
0.0765323 0
0.402645 0
0.122061 0
0.0830598 0
0.106838 0
0.0876418 0
0.0585206 0
0.0481183 0
2.99759 0
0.0498745 0
0.0285254 0
0 0
0.0558859 0
0.034661 0
0.0220963 0
0.0404539 0
0.124968 0
0.889464 0
0.0460271 0
0.0443179 0
0.0749758 0
0.0545164 0
0.0566972 0
1.33591 0
0.0445906 0
0.046255 0
0.0621421 0
0.047937 0
0.0438517 0
0.0585414 0
0.0797004 0
0.0629701 0
0.470905 0
0.0050093 0
0.0698568 0
0.0436914 0
0.0724865 0
0.0419619 0
0.0103153 0
0.0658375 0
0.223358 0
0.0738286 0
2.45616 0
0.103835 0
0.0674689 0
0.133159 0
0.0973426 0
0.0685763 0
0.0901123 0
0.0680262 0
0.0957704 0
0.0158029 0
0.067136 0
0.0607981 0
0.65508 0
0.0606075 0
0.402353 0
0.0842444 0
1.67709 0
0.0309806 0
0.0448403 0
0.0661255 0
0.065443 0
0.0737609 0
1.69518 0
0.00946238 0
0.195635 0
0.253572 0
0.0209235 0
1.45437 0
0.0874448 0
0.177225 0
0.0261111 0
0.0272431 0
0.0353123 0
0.096225 0
0.102437 0
0.15776 0
0.0477373 0
0.0576182 0
0.12678 0
0.0823059 0
0.050669 0
0.0746468 0
0.107138 0
0.0385676 0
0.142081 0
0.0285172 0
0.057451 0
0.111915 0
0.0580761 0
0.0695405 0
0.138474 0
0.200998 0
1.5878 0
0.0539423 0
0.133966 0
0.0581493 0
0.154475 0
0.0578866 0
0.0621247 0
0.0672725 0
0.066688 0
0.222803 0
0.0458511 0
0.130746 0
0.342542 0
0.0368529 0
0.333417 0
0.124701 0
0.0993935 0
0.0953858 0
0.083963 0
0.100475 0
0.114787 0
0.22963 0
0.0691123 0
0.0997219 0
0.147661 0
0.0418963 0
0.0821807 0
0.252529 0
0.10299 0
0.0277799 0
0.130436 0
1.98141 0
0.0298867 0
0.00740424 0
0.0551058 0
0.057131 0
0.0557199 0
0.0832764 0
0.0630986 0
0.0972343 0
0.100353 0
0.107204 0
0.0559065 0
0.146321 0
0.448679 0
0.131014 0
0.0197273 0
0.0298103 0
0.655689 0
0.0586468 0
0.0946358 0
1.10575 0
0.0999843 0
0.0218258 0
0.0306462 0
0.0247789 0
0.022269 0
0.055953 0
0.0806725 0
0.0468508 0
0.0434869 0
0.072575 0
0.0405848 0
1.19715 0
0.360584 0
0.044188 0
0.122607 0
0.077308 0
0.0297707 0
0.136399 0
3.02166 0
0.156161 0
0.272682 0
0.0826774 0
0.0841014 0
0.0425058 0
6.24125 0
0.141346 0
0.0163177 0
0.0253842 0
0.106423 0
0.0373878 0
0.124412 0
0.0190424 0
0.0578145 0
0.796246 0
0.0331187 0
0.11236 0
0.0798888 0
0.118448 0
0.0699496 0
0.0268436 0
0.0587486 0
0.0190067 0
0.949827 0
0.0636774 0
0.0305785 0
0.0742327 0
0.304595 0
0.146042 0
0.048279 0
0.180651 0
0.0522998 0
0.0762685 0
0.111269 0
0.0682712 0
5.59187 0
1.33916 0
0.295652 0
0.089337 0
0.0715526 0
1.36654 0
0.0130314 0
1.06886 0
0.0675653 0
0.147549 0
0.070993 0
0.0390921 0
0.0650419 0
0.0644764 0
0.0637268 0
0.0788082 0
0.0691547 0
0.0242927 0
0.127367 0
0.0552134 0
0.515167 0
0.0147595 0
0.0237152 0
0.958111 0
0.0243983 0
0.120417 0
0.0976266 0
0.0353758 0
0.0676465 0
0.0682443 0
0.104628 0
0.0777289 0
0.0769972 0
0.0372778 0
1.68035 0
0.0603138 0
0.0701995 0
0.0518899 0
0.0151468 0
0.00760197 0
0.0923265 0
0.0367092 0
0.0639622 0
0.081397 0
0.0559539 0
0.0470495 0
0.0712104 0
0.0809036 0
0.106037 0
0.0704262 0
0.0760915 0
0.0906459 0
0.0361902 0
0.869749 0
0.23044 0
0.0893338 0
0.0642424 0
0.0983115 0
0.0709465 0
0.168793 0
15.0152 0
0.0874014 0
0.0619464 0
0.0103891 0
0.0701301 0
0.0847543 0
0.0733549 0
0.41214 0
0.0382846 0
0.155192 0
0.0790988 0
0.0418315 0
0.0901372 0
0.115804 0
0.704624 0
1.8637 0
0.00248252 0
0.0569083 0
0.0752549 0
0.0699727 0
0.0728059 0
0.0412951 0
0.0890013 0
0.0892017 0
0.183558 0
0.0867693 0
2.32534 0
0.0364157 0
0.0260825 0
0.0601862 0
0.0920149 0
0.105258 0
0.053631 0
0.0670876 0
0.077571 0
0.128182 0
0.0603441 0
0.0349071 0
0.0722574 0
0.923532 0
0.0469707 0
0.0215359 0
0.0354361 0
1.1718 0
0.150448 0
0.0882785 0
0.148411 0
0.0696154 0
0.086324 0
0.0759931 0
0.0410824 0
0.0774083 0
0.325514 0
0.0384529 0
0 0
0.881642 0
0.329052 0
0.063354 0
0.302838 0
0.224397 0
0.0518747 0
0.0305094 0
0.271141 0
0.0825052 0
0.789808 0
0.08374 0
0.101993 0
0.0603907 0
0 0
1.15063 0
0.420392 0
0.33093 0
0.0941303 0
0.0442069 0
0.0618151 0
0.0508712 0
0.0974296 0
0.04895 0
0.027255 0
0.231716 0
0.476086 0
0.0170298 0
0.0874115 0
0.0806207 0
0.0598261 0
0.516061 0
0.0678932 0
0.0664249 0
0.139289 0
0.157869 0
0.0320431 0
0.196757 0
0.152443 0
0.125809 0
0.285675 0
0.0352603 0
0.0808783 0
0.170451 0
0.038268 0
0.0899437 0
1.37194 0
0.0891327 0
0.114978 0
0.0563113 0
0.0959395 0
0.0826917 0
0.0679846 0
0.0473074 0
0.0602785 0
0.0510261 0
0.0671677 0
0.0250867 0
0.0564836 0
0.0773574 0
0.0224506 0
0.0662942 0
0.0529697 0
0.0472973 0
0.0313234 0
0.0924211 0
0.0436776 0
0.0755603 0
0.101028 0
0.116463 0
0.218592 0
0.0783129 0
0.0613409 0
0.342106 0
0.107032 0
0.0450088 0
0.38215 0
0.0482908 0
0.065441 0
0.0384398 0
0.0924196 0
0.10166 0
0.043205 0
0.0749187 0
0.0534235 0
