0.0712975 1
1.00644 1
0.633152 1
2.03899 1
0.313812 1
0.789052 1
0.389886 1
0.930136 1
0.653462 1
0.505348 1
0.796568 1
0.192097 1
0.331477 1
0.855652 1
0.0853349 1
0.494523 1
0.408468 1
2.70308 1
1.54445 1
0.185469 1
1.11169 1
1.50316 1
0.165045 1
1.54543 1
0.794736 1
2.09397 1
1.60493 1
2.00663 1
0.363274 1
0.622228 1
0.168844 1
0.33632 1
0.443542 1
0.351236 1
0.087129 1
0.447465 1
0.950071 1
0.120533 1
0.435132 1
2.12573 1
83.6056 1
0.7082 1
1.58872 1
0.901555 1
1.3547 1
0.168899 1
0.455294 1
10.6239 1
0.531813 1
3.67721 1
0.752685 1
0.942877 1
5.94493 1
0.538619 1
3.04057 1
4.16617 1
0.172522 1
2.85512 1
0.392854 1
0.316805 1
0.763108 1
0.77366 1
1.18313 1
1.70793 1
0.214296 1
0.40106 1
2.87774 1
0.4637 1
1.06034 1
1.56974 1
1.61273 1
0.0815929 1
0.180939 1
0.329446 1
0.902607 1
0.923252 1
0.192685 1
1.243 1
1.05573 1
0.441684 1
1.39585 1
1.51357 1
1.3137 1
0.133548 1
0.577518 1
0.123882 1
0.983532 1
0.131165 1
0.316461 1
4.91749 1
1.70386 1
2.45876 1
2.33866 1
2.25584 1
2.1141 1
2.45743 1
2.12618 1
0.349965 1
0.975595 1
0.0247642 1
4.41184 1
2.60138 1
0.539538 1
1.19791 1
0.829287 1
0.37842 1
0.21961 1
0.590887 1
1.43463 1
2.46853 1
1.38739 1
1.16986 1
2.27645 1
0.793486 1
0.192567 1
4.24798 1
2.78931 1
0.782075 1
0.640619 1
1.37758 1
0.201519 1
0.591611 1
2.1207 1
0.243199 1
0.301836 1
0.403023 1
1.47856 1
1.79664 1
0.301565 1
0.737405 1
0.9916 1
1.82047 1
0.130368 1
0.26693 1
5.83442 1
0.702903 1
0.447861 1
0.89521 1
2.65906 1
1.87738 1
1.74001 1
0.106672 1
2.1574 1
3.94674 1
0.827437 1
0.205065 1
0.0217524 1
0.797193 1
0.782949 1
0.941373 1
0.387128 1
0.595733 1
0.634821 1
1.36828 1
1.24407 1
0.638435 1
2.15071 1
0.321092 1
0.178122 1
1.99142 1
0.150168 1
0.891649 1
1.19797 1
0.350279 1
0.454929 1
0.450242 1
2.07582 1
0.156743 1
1.41029 1
1.77094 1
3.96306 1
3.27031 1
1.70387 1
0.34987 1
0.248446 1
3.49298 1
0.680439 1
0.00855492 1
1.69465 1
0.802901 1
0.666085 1
2.75627 1
2.06234 1
0.20872 1
0.118321 1
0.0959153 1
0.559776 1
0.207905 1
1.26616 1
0.450628 1
0.506912 1
0.25892 1
1.17023 1
0.202775 1
0.140996 1
0.513308 1
0.536801 1
5.77757 1
1.59376 1
5.96248 1
3.17363 1
0.491789 1
1.16766 1
0.567607 1
2.33789 1
1.3132 1
1.4384 1
2.82882 1
1.16767 1
0.25823 1
1.67065 1
4.80153 1
1.88459 1
0.48315 1
1.61446 1
1.03866 1
1.54175 1
1.85407 1
0.594306 1
0.346723 1
0.395705 1
3.2886 1
0.561903 1
4.65637 1
0.743331 1
1.10408 1
0.129537 1
1.08357 1
8.38521 1
0.12937 1
0.232818 1
1.64035 1
0.0788152 1
2.16588 1
7.5011 1
2.44937 1
0.793628 1
0.568837 1
1.95741 1
3.65241 1
1.91156 1
0.877368 1
0.189094 1
0.0801513 1
0.228075 1
0.887478 1
0.36137 1
2.1352 1
0.910283 1
1.54448 1
0.161896 1
0.306148 1
0.128095 1
0.815713 1
0.848032 1
0.108691 1
0.0340426 1
1.33524 1
1.38802 1
0.23403 1
1.07871 1
10.6817 1
0.243412 1
1.54573 1
1.37346 1
1.16237 1
0.363224 1
1.43625 1
1.19981 1
0.733869 1
0.435175 1
1.01749 1
0.378797 1
2.6368 1
1.41363 1
0.224709 1
1.3129 1
3.19801 1
0.150628 1
0.411736 1
1.23022 1
0.760753 1
0.499397 1
0.94334 1
0.18555 1
1.42954 1
1.73314 1
0.273095 1
64.5816 1
3.70928 1
1.31381 1
0.357166 1
1.00732 1
0.294339 1
1.02585 1
4.86481 1
3.76345 1
0.0935892 1
2.37336 1
1.40844 1
0.760882 1
2.06826 1
0.823421 1
2.151 1
0.6776 1
0.555065 1
0.307476 1
1.15053 1
1.00632 1
0.0373348 1
1.48103 1
0.395493 1
2.15006 1
0.0504508 1
2.22679 1
1.26389 1
0.238344 1
1.58292 1
0.697101 1
0.734166 1
2.46238 1
0.609603 1
2.42097 1
2.39613 1
3.67226 1
0.184668 1
0.958678 1
0.135774 1
1.65258 1
0.179473 1
0.164483 1
2.2695 1
1.46862 1
1.27326 1
2.02937 1
0.135981 1
0.626819 1
7.92994 1
0.412952 1
1.54657 1
0.449575 1
1.62963 1
0.364842 1
2.14992 1
0.872999 1
3.40987 1
1.26525 1
3.64085 1
0.327121 1
1.40266 1
0.587763 1
0.0945256 1
0.647726 1
0.123274 1
0.900171 1
1.57342 1
2.03543 1
0.474497 1
0.751486 1
0.166317 1
0.16536 1
0.294959 1
2.47763 1
5.56023 1
0.654987 1
1.2297 1
1.63387 1
1.79962 1
0.745852 1
1.88406 1
0.614462 1
1.19729 1
1.43973 1
0.423692 1
0.209973 1
2.43778 1
2.21884 1
1.19924 1
0.901459 1
2.43421 1
0.378112 1
1.18527 1
0.460931 1
1.79536 1
0.330533 1
0.882025 1
0.25451 1
6.10313 1
0.973231 1
0.21424 1
3.14232 1
0.818432 1
0.271316 1
2.91164 1
0.667021 1
0.248202 1
4.47816 1
0.630174 1
0.631624 1
0.484789 1
0.361673 1
0.34063 1
1.39228 1
1.38308 1
1.85328 1
0.283888 1
1.04984 1
1.8087 1
0.0793376 1
0.527801 1
0.371486 1
2.49385 1
1.67085 1
4.2777 1
59.2988 1
0.258855 1
0.535045 1
0.428161 1
3.40584 1
2.93159 1
0.431422 1
1.82551 1
0.222636 1
2.67616 1
0.170807 1
1.2032 1
1.02938 1
1.08051 1
0.270345 1
2.47177 1
1.4722 1
1.28064 1
1.91396 1
0.245065 1
0.67399 1
0.719553 1
2.58432 1
0.0945692 1
2.04598 1
1.42727 1
0.675781 1
1.36507 1
0.181663 1
70.2243 1
2.02907 1
1.5113 1
0.148363 1
1.38114 1
0.736595 1
2.83435 1
1.79761 1
0.666718 1
0.288866 1
2.54469 1
2.69326 1
0.285492 1
1.5438 1
1.08244 1
0.483474 1
1.26135 1
0.258133 1
0.125191 1
2.22969 1
0.0625256 1
0.55637 1
1.59404 1
4.03119 1
3.75172 1
0.551807 1
0.0622866 1
0.245688 1
2.29841 1
0.088843 1
1.05338 1
1.18991 1
0.859263 1
0.0810218 1
0.421586 1
1.92414 1
0.294165 1
0.553729 1
2.72391 1
1.12209 1
1.02252 1
1.17955 1
0.252165 1
0.270285 1
0.0750978 1
0.882897 1
0.504687 1
0.147327 1
0.403309 1
1.02861 1
1.22897 1
1.00789 1
1.05954 1
0.665738 1
0.262119 1
1.59199 1
0.940226 1
0.836592 1
0.854088 1
0.207023 1
0.6171 1
0.440417 1
0.432374 1
0.824467 1
0.0583781 1
2.30759 1
0.433406 1
0.118401 1
0.147728 1
1.2999 1
2.6878 1
1.02861 1
0.0512452 1
0.483473 1
3.89286 1
2.76936 1
0.265719 1
0.875462 1
0.438713 1
0.582603 1
2.69376 1
0.690027 1
0.175385 1
1.71644 1
0.142051 1
1.07037 1
0.236991 1
0.748924 1
0.443884 1
2.90944 1
0.233987 1
1.689 1
0.856509 1
1.03077 1
0.255588 1
0.660425 1
1.15174 1
0.837654 1
0.109372 1
0.252875 1
0.714202 1
0.952089 1
3.95002 1
0.138425 1
1.62931 1
0.74026 1
0.174308 1
6.67561 1
0.838106 1
1.27068 1
0.614883 1
3.96533 1
2.19422 1
0.784622 1
1.238 1
1.10691 1
0.162333 1
2.23756 1
0.192103 1
0.391361 1
0.222128 1
5.5151 1
1.36388 1
0.957357 1
0.658511 1
2.08058 1
1.57293 1
0.533595 1
0.625691 1
1.84933 1
0.270015 1
1.22433 1
0.604578 1
4.39592 1
0.180446 1
0.441582 1
0.417344 1
1.57459 1
0.564236 1
0.642434 1
0.235335 1
1.58001 1
0.405517 1
2.68097 1
0.481908 1
1.56109 1
2.22308 1
0.204555 1
1.50289 1
3.33862 1
0.229832 1
0.889883 1
1.78058 1
0.216605 1
0.501204 1
0.290285 1
0.410381 1
0.16107 1
1.40743 1
1.62703 1
0.267909 1
0.330163 1
6.17958 1
2.45235 1
2.08416 1
0.66773 1
2.17384 1
0.0206215 1
1.84348 1
0.00802669 1
3.49786 1
1.17381 1
1.30518 1
0.252697 1
1.72063 1
0.202877 1
1.67577 1
0.341104 1
1.10403 1
6.72159 1
1.69334 1
1.62634 1
1.15689 1
1.87412 1
0.512951 1
1.18308 1
1.77192 1
2.82759 1
0.345556 1
0.255699 1
5.4524 1
0.95246 1
0.724018 1
0.958209 1
0.559228 1
2.17764 1
1.06089 1
0.840518 1
0.629988 1
1.53416 1
2.9511 1
1.81982 1
2.15204 1
1.46429 1
3.77934 1
2.5398 1
0.211083 1
0.413732 1
0.115679 1
0.176357 1
2.78811 1
1.01995 1
1.83082 1
4.12854 1
0.187693 1
0.969759 1
1.75302 1
0.726106 1
0.151607 1
2.80386 1
0.483903 1
0.718765 1
0.137781 1
0.398268 1
1.04091 1
0.294015 1
3.4183 1
0.302048 1
1.02157 1
0.20443 1
0.155573 1
1.21354 1
0.648454 1
0.67221 1
1.49699 1
0.15755 1
3.52235 1
0.530128 1
1.78765 1
0.257549 1
2.62171 1
1.30818 1
1.16568 1
2.13614 1
0.235726 1
1.69496 1
4.57561 1
2.07419 1
2.09014 1
0.677887 1
0.403192 1
0.768162 1
0.35037 1
0.483127 1
1.50625 1
0.367304 1
1.38392 1
0.152581 1
1.62403 1
2.85874 1
0.0625224 1
0.106393 1
3.82036 1
1.1748 1
2.3418 1
2.31953 1
0.444321 1
1.22848 1
14.0472 1
4.02761 1
0.268376 1
0.658088 1
2.17797 1
0.265913 1
1.23213 1
0.86442 1
0.7708 1
1.1827 1
0.424241 1
2.32633 1
0.817968 1
1.2139 1
0.89164 1
2.12226 1
1.96634 1
0.109041 1
55.7733 1
0.062441 1
5.67218 1
1.51882 1
0.835226 1
0.614712 1
0.833965 1
0.937604 1
2.21316 1
3.83263 1
2.26684 1
8.50113 1
3.44358 1
0.623619 1
0.872607 1
0.278118 1
0.965766 1
0.372825 1
0.903744 1
0.958635 1
1.45852 1
0.119415 1
0.479053 1
0.162789 1
0.705167 1
0.542894 1
0.443824 1
2.16483 1
0.0645893 1
4.66733 1
0.528764 1
0.84285 1
1.52799 1
1.45104 1
0.228458 1
1.37099 1
0.00976168 1
0.0822167 1
1.45162 1
0.14961 1
0.936462 1
0.812801 1
1.67629 1
1.44893 1
1.8855 1
1.15617 1
0.031246 1
0.0808167 1
1.30143 1
1.1769 1
0.693942 1
1.26471 1
0.160999 1
0.653428 1
0.14961 1
0.672508 1
20.2402 1
2.65901 1
0.0613924 1
3.98265 1
1.67353 1
0.222412 1
1.91636 1
0.251291 1
0.296558 1
2.53609 1
0.869607 1
0.533454 1
0.170686 1
0.343321 1
0.27993 1
0.577685 1
0.631286 1
0.616714 1
4.04616 1
1.28896 1
1.87371 1
2.06052 1
0.387327 1
0.702987 1
0.80136 1
0.368775 1
0.739692 1
2.12517 1
0.526449 1
0.114879 1
0.931564 1
0.21262 1
5.77553 1
0.139943 1
2.44596 1
0.757454 1
0.207036 1
28.1616 1
0.566874 1
0.91429 1
1.57789 1
0.441762 1
0.992742 1
1.74666 1
0.249119 1
0.0820542 1
3.19862 1
2.18201 1
0.284958 1
1.07006 1
0.59384 1
14.818 1
1.3585 1
1.66528 1
0.187831 1
1.0151 1
1.97419 1
1.8885 1
0.961783 1
4.24301 1
2.20757 1
1.88673 1
4.17969 1
1.30953 1
1.56794 1
2.41118 1
0.685021 1
0.0317197 1
0.0983536 1
3.04273 1
1.23268 1
0.419627 1
0.130887 1
8.1699 1
1.47628 1
2.60646 1
1.58962 1
2.07719 1
0.360086 1
0.60335 1
11.8067 1
0.148263 1
0.300638 1
0.975506 1
0.210046 1
0.227435 1
0.0898356 1
2.43513 1
0.524797 1
2.18954 1
1.74893 1
0.169243 1
0.242581 1
3.54909 1
2.26096 1
0.21432 1
0.753004 1
0.411766 1
2.07712 1
1.87874 1
0.0890642 1
1.02637 1
3.26501 1
2.50641 1
1.74568 1
0.302914 1
1.12675 1
0.777982 1
4.88347 1
3.02864 1
0.637024 1
0.127953 1
0.659811 1
0.0829669 1
0.190737 1
1.1578 1
0.384204 1
0.877873 1
0.648934 1
0.0566637 1
0.216057 1
1.12627 1
1.96404 1
2.38107 1
0.170412 1
1.80377 1
1.2535 1
4.47437 1
0.51676 1
1.1191 1
1.04389 1
8.22023 1
3.31124 1
2.23978 1
0.165007 1
0.329094 1
1.92002 1
1.2583 1
0.263157 1
4.81956 1
0.688494 1
5.79991 1
0.482272 1
1.80942 1
0.495307 1
4.11185 1
0.471112 1
1.99194 1
1.18213 1
0.39497 1
1.1256 1
2.49768 1
0.0763901 1
0.936935 1
1.56016 1
0.857676 1
0.873828 1
1.35887 1
1.57779 1
0.952271 1
1.11361 1
0.514755 1
0.942058 1
1.89207 1
1.8272 1
0.393329 1
0.599364 1
0.951581 1
0.381704 1
0.45616 1
0.301391 1
0.459208 1
0.384 1
1.07275 1
1.47559 1
0.0592033 1
0.278125 1
1.08083 1
1.65207 1
2.52512 1
0.342075 1
0.945887 1
0.575582 1
1.71213 1
0.104966 1
1.22343 1
0.588892 1
3.22487 1
2.20264 1
1.48971 1
0.812999 1
1.14714 1
1.74682 1
0.51685 1
0.62358 1
0.136787 1
4.39876 1
1.05042 1
3.53446 1
0.26017 1
0.967082 1
0.517688 1
0.691552 1
0.272534 1
0.945089 1
0.407733 1
2.27634 1
1.87073 1
0.549167 1
1.61871 1
2.30009 1
1.86569 1
0.221038 1
1.26255 1
1.0879 1
0.237609 1
1.00438 1
0.18649 1
1.90491 1
2.44822 1
0.0493505 1
3.88042 1
0.993605 1
0.632317 1
1.90595 1
0.123038 1
3.28643 1
0.774929 1
5.42619 1
3.20956 1
1.01304 1
2.42702 1
1.88506 1
1.60895 1
0.213567 1
0.42034 1
0.271169 1
1.20331 1
1.23204 1
1.56561 1
2.26004 1
0.963216 1
0.847222 1
0.782534 1
1.87964 1
0.207197 1
0.368974 1
0.62544 1
1.10343 1
0.430385 1
1.89041 1
0.784393 1
0.208714 1
2.40058 1
2.0052 1
1.86094 1
0.136408 1
0.175543 1
0.165211 1
1.91112 1
0.336624 1
0.343746 1
0.198538 1
1.84155 1
0.772331 1
0.355835 1
0.326151 1
0.30342 1
0.623862 1
0.154087 1
1.15229 1
0.011901 1
1.12098 1
2.72564 1
0.358017 1
0.768149 1
0.300502 1
0.211293 1
0.732604 1
0.807009 1
2.50725 1
0.286812 1
1.32505 1
0.592183 1
1.34906 1
3.70378 1
0.573728 1
2.34152 1
0.47454 1
1.29095 1
0.610886 1
0.113255 1
0.803685 1
0.931419 1
0.017866 1
2.67689 1
0.622746 1
0.119515 1
0.172163 1
11.8598 1
3.30545 1
2.14913 1
1.38052 1
0.44288 1
0.408176 1
2.47744 1
0.158334 1
0.0971109 1
0.724849 1
0.251038 1
3.23863 1
0.175864 1
0.821571 1
0.200029 1
0.575923 1
0.278282 1
0.111252 1
0.10436 1
2.98978 1
0.595544 1
2.16812 1
0.335431 1
1.98333 1
3.1825 1
2.56212 1
1.92248 1
1.05717 1
0.0608908 1
1.13623 1
0.169166 1
0.648855 1
1.71423 1
0.303486 1
0.329974 1
1.14536 1
1.84824 1
1.90561 1
0.436312 1
5.30081 1
0.405355 1
0.230484 1
0.638578 1
0.427657 1
2.53914 1
0.883094 1
1.46032 1
1.0172 1
0.181341 1
0.03268 1
0.370158 1
1.12763 1
1.01026 1
0.232706 1
0.0560008 1
1.99151 1
5.33263 1
0.0756668 1
0.443 1
1.06483 1
1.60136 1
1.091 1
0.1923 1
2.42782 1
1.21021 1
0.605643 1
0.207187 1
0.672926 1
0.503588 1
0.239856 1
1.70023 1
0.171884 1
3.09565 1
1.57534 1
3.03779 1
1.27298 0
0.395009 0
0.1128 0
0.42344 0
1.30131 0
0.7845 0
1.24762 0
1.36633 0
0.33812 0
0.192954 0
1.09604 0
1.65657 0
1.59726 0
0.761411 0
0.42632 0
0.21956 0
0.514683 0
0.943884 0
0.121931 0
0.455984 0
0.0995737 0
0.191161 0
0.480012 0
0.585667 0
1.11361 0
0.408806 0
0.343798 0
1.35789 0
0.232085 0
0.135815 0
0.609545 0
17.729 0
1.59434 0
0.564877 0
0.438094 0
0.266623 0
1.82348 0
0.205272 0
0.297344 0
1.88647 0
0.150963 0
0.135538 0
0.563338 0
0.121038 0
0.169315 0
0.0926733 0
0.571328 0
3.62195 0
0.452522 0
0.981935 0
0.292968 0
0.451503 0
0.75931 0
1.85554 0
0.0668244 0
1.3133 0
0.182123 0
2.39564 0
0.50661 0
0.346716 0
0.565764 0
0.0406439 0
10.2246 0
0.860592 0
0.208465 0
0.128983 0
1.25134 0
0 0
0.68857 0
0.0581168 0
0.140666 0
0.155638 0
0.179108 0
0.275596 0
1.22096 0
1.90053 0
0.190038 0
0.345242 0
0.195943 0
0.107437 0
0.218319 0
0.139248 0
1.40958 0
0.105451 0
4.27147 0
0.376897 0
0.895481 0
0.135861 0
0.801415 0
0.731339 0
0.0858952 0
0.312925 0
0.996408 0
0.179229 0
0.210294 0
0.284678 0
0.0906067 0
0.113058 0
0.255686 0
0.101894 0
1.19188 0
0.851341 0
2.14877 0
0.898494 0
0.505381 0
1.77856 0
0.705608 0
0.358465 0
4.22496 0
2.54277 0
0.295009 0
0.525337 0
0.204629 0
0.543007 0
2.18849 0
2.79803 0
0.375735 0
1.77757 0
0.390839 0
0.171227 0
1.68851 0
0.863787 0
0.607881 0
0.889535 0
2.15652 0
0.300008 0
0.337628 0
0.503196 0
0.408453 0
1.53558 0
1.16085 0
0.426762 0
0.358191 0
0.185545 0
2.23128 0
0.110286 0
0.0972634 0
0.0766641 0
0.371478 0
0.0998035 0
1.3193 0
0.569058 0
0.0719084 0
0.816137 0
0.706789 0
0.353603 0
0.112285 0
2.41697 0
0.694645 0
7.87116 0
0.153823 0
0.189812 0
0.871648 0
2.7197 0
0.253037 0
0.58923 0
0.575861 0
0.112527 0
0.0923991 0
0.673996 0
0.125745 0
0.30716 0
0.563688 0
0.116952 0
0.290774 0
2.02537 0
1.88397 0
0.240244 0
0.185827 0
0.014965 0
0.459973 0
0.143184 0
1.6661 0
0.829009 0
0.783708 0
0.7536 0
0.126033 0
0.401416 0
2.47378 0
0.0555178 0
0.268955 0
0.38458 0
0.13849 0
0.233443 0
0.0778913 0
0.0406114 0
0.595917 0
1.57448 0
2.78309 0
1.10977 0
0.129679 0
6.29729 0
1.29723 0
4.95193 0
0.166242 0
0.739167 0
1.06414 0
0.237876 0
0.210383 0
8.63902 0
0.703003 0
0.533264 0
1.48308 0
1.07821 0
0.128987 0
0.151494 0
1.27801 0
1.15574 0
1.26828 0
0.29587 0
0.963177 0
0.206574 0
0.990966 0
0.866748 0
0.235048 0
3.03878 0
0.143591 0
0.0138608 0
0.653489 0
0.836455 0
0.362623 0
0.114244 0
3.70622 0
0.324207 0
1.08187 0
0.669864 0
0.283139 0
0.0780251 0
0.837227 0
0.393804 0
0.105809 0
0.506026 0
1.08695 0
0.464407 0
0.0632516 0
2.84321 0
0.357286 0
2.80133 0
0.357817 0
0.475517 0
0.883662 0
2.17573 0
0.935457 0
0.381582 0
0.263964 0
1.65892 0
1.2598 0
1.50617 0
2.57201 0
0.4256 0
0.570623 0
0.47607 0
0.872842 0
0.193557 0
0.121027 0
0.832167 0
0.167094 0
2.85857 0
0.175449 0
0.311137 0
1.82934 0
0.591687 0
0.514519 0
0.154163 0
0.126533 0
0.119518 0
1.28772 0
0.110621 0
0.410243 0
0.0910648 0
0.746119 0
1.19377 0
0.339539 0
1.3276 0
0.140365 0
1.13688 0
0.372452 0
0.748709 0
1.42204 0
0.716819 0
0.746586 0
0.1579 0
0.146945 0
0.0967329 0
0.302764 0
0.580904 0
1.73492 0
0.0556517 0
0.329683 0
0.191135 0
0.0815116 0
0.165958 0
0.124558 0
1.36831 0
0.0213904 0
0.537821 0
2.56231 0
0.150267 0
0.56467 0
0.555852 0
0.581657 0
0.448077 0
0.0740436 0
0.327733 0
0.888028 0
0.512648 0
1.7653 0
0.217277 0
0.292652 0
1.27884 0
2.93548 0
1.98324 0
0.996611 0
0.901457 0
0.277549 0
0.692147 0
0.634205 0
2.85978 0
1.02255 0
0.134151 0
0.812226 0
0.147855 0
0.440095 0
2.11956 0
1.06998 0
0.193568 0
0.180638 0
0.204055 0
0.367775 0
2.50447 0
2.28554 0
0.796259 0
0.808913 0
2.83746 0
2.4309 0
1.48107 0
1.75486 0
0.337027 0
0.646161 0
0.499379 0
1.252 0
0.571594 0
0.282801 0
0.1587 0
0.612953 0
0.16239 0
0.119391 0
0.905489 0
0.247056 0
0.121741 0
3.09697 0
0.132058 0
3.63755 0
0.986941 0
0.299094 0
2.48596 0
0.0327343 0
1.30726 0
0.200099 0
4.83057 0
0.252589 0
0.208154 0
0.76635 0
0.27055 0
0.0879721 0
1.0614 0
0.904428 0
3.55851 0
1.35867 0
0.238023 0
0.154306 0
0.19061 0
1.18552 0
0.804833 0
0.0171109 0
0.124417 0
0.420246 0
0.632544 0
1.05701 0
0.112622 0
3.09986 0
0.383018 0
0.39933 0
0.0613162 0
0.0317043 0
0.515633 0
0.134931 0
0.106289 0
0.0586488 0
0.30782 0
0.0908426 0
0.120793 0
0.0635473 0
1.15236 0
0.0528091 0
0.183421 0
0.361159 0
1.56064 0
0.969335 0
1.3793 0
0.808644 0
0.111983 0
2.26831 0
0.493409 0
0.879109 0
0.0427068 0
0.904855 0
0.348002 0
0.309511 0
4.85589 0
1.36945 0
0.671348 0
0.372513 0
0.28481 0
0.902556 0
0.583623 0
0.304335 0
1.90579 0
0.324117 0
0.562087 0
0.611604 0
0.245889 0
0.635183 0
0.137256 0
0.0746007 0
0.416811 0
0.145933 0
0.185149 0
0.482998 0
0.57705 0
0.357263 0
3.52021 0
0.205449 0
0.227865 0
1.64332 0
2.56214 0
0.0866755 0
0.901278 0
0.0434461 0
0.569799 0
0.398047 0
1.1435 0
0.488383 0
0.0911284 0
1.59361 0
0.0893563 0
0.42839 0
0.0101661 0
1.48125 0
0.248047 0
0.0941767 0
2.4504 0
0.381968 0
0.174213 0
0.098631 0
0.368533 0
0.361053 0
0.058875 0
0.19559 0
0.067448 0
1.09975 0
0.459122 0
0.262342 0
0.687751 0
0.640513 0
0.543799 0
0.459048 0
1.24868 0
0.122827 0
1.5859 0
0.283167 0
0.241631 0
0.117232 0
0.49796 0
0.166481 0
2.54734 0
0.308924 0
0.250436 0
0.838749 0
0.140044 0
2.36909 0
0.113469 0
0.455004 0
0.350886 0
0.472635 0
0.399082 0
0.118125 0
0.748699 0
0.309897 0
3.19754 0
0.205812 0
0.934582 0
0.289697 0
1.42086 0
0.737576 0
0.268092 0
0.203053 0
0.496385 0
0.233923 0
3.23833 0
4.06269 0
0.243256 0
3.00921 0
0.789676 0
1.03696 0
0.227124 0
0.758181 0
0.107575 0
1.05015 0
0.22127 0
0.179807 0
0.213466 0
0.0334854 0
0.755067 0
0.258848 0
0.752398 0
0.230968 0
0.801915 0
0.0739485 0
0.345946 0
0.342655 0
0.324379 0
0.868476 0
0.561827 0
0.483595 0
1.67671 0
0.247432 0
0.373499 0
1.97361 0
0.0337086 0
0.0861594 0
0.143872 0
0.31759 0
1.26988 0
1.73804 0
0.432514 0
0.288039 0
0.136858 0
1.36663 0
1.05935 0
0.610466 0
0.127663 0
0.144996 0
0.187591 0
0.815222 0
0.0963124 0
2.29208 0
0.918529 0
0.276352 0
0.464079 0
0.316247 0
0.248378 0
0.253506 0
2.0534 0
0.56746 0
0.594582 0
0.158842 0
0.164111 0
0.0296 0
0.421667 0
0.22962 0
0.463203 0
0.199128 0
0.186521 0
0.200974 0
0.574685 0
0.206923 0
0.520235 0
0.923681 0
0.512692 0
0.593949 0
0.732614 0
0.38002 0
2.20435 0
0.358676 0
0.308116 0
0.437385 0
0.186457 0
0.380105 0
0.20832 0
1.01687 0
0.757996 0
0.227741 0
0.161167 0
4.22939 0
1.62686 0
0.186862 0
0.122787 0
0.409428 0
1.19602 0
0.311288 0
0.0784185 0
0.837776 0
0.350087 0
1.13464 0
0.239309 0
3.84131 0
0.486448 0
0.471975 0
0.847543 0
0.175317 0
0.581812 0
1.43055 0
0.981952 0
0.0934212 0
0.225101 0
3.87196 0
0.433895 0
1.11301 0
0.699155 0
0.103447 0
0.120586 0
0.292987 0
1.52836 0
0.636096 0
0.258973 0
0.149535 0
1.07632 0
0.778336 0
0.278161 0
0.566086 0
0.154668 0
0.493901 0
0.305924 0
0.00187598 0
0.189308 0
2.57298 0
1.93715 0
0.112076 0
0.413516 0
1.60204 0
0.213042 0
5.39966 0
0.302277 0
0.285282 0
0.321454 0
0.899287 0
0.978954 0
0.200352 0
0.212623 0
1.62932 0
1.15151 0
0.141698 0
0.605269 0
0.885648 0
1.11759 0
0.449612 0
0.407529 0
0.836005 0
0.218568 0
0.371259 0
2.53139 0
0.580032 0
0.220853 0
0.476787 0
0.22524 0
2.65953 0
0.0749497 0
0.208812 0
0.715095 0
0.279447 0
0.195689 0
2.10416 0
1.24422 0
0.156674 0
0.0307155 0
0.21182 0
0.557812 0
0.112335 0
0.19242 0
0.455417 0
0.113631 0
0.715782 0
0.906693 0
0.176623 0
0.269792 0
0.996906 0
0.107863 0
1.26262 0
3.31823 0
1.55641 0
2.06307 0
0.395579 0
0.336256 0
1.54464 0
0.134504 0
0.197872 0
0.131114 0
0.941226 0
1.40732 0
1.82242 0
0.557149 0
0.620836 0
0.0390805 0
0.263582 0
0.0293636 0
0.193899 0
0.34944 0
0.376726 0
0.0426191 0
0.227543 0
0.362652 0
0.578643 0
0.578162 0
0.102933 0
0.400281 0
2.07266 0
0.232143 0
0.193914 0
1.6692 0
1.04578 0
0.175312 0
1.36941 0
1.21568 0
0.487397 0
0.561603 0
0.133422 0
0.685634 0
0.945437 0
0.0523024 0
1.52536 0
0.386497 0
0.237314 0
1.13906 0
0.955157 0
3.67484 0
0.941538 0
2.39377 0
2.79192 0
4.08056 0
1.15387 0
0.298981 0
0.346009 0
0.323536 0
0.240972 0
0.718489 0
2.80997 0
2.15191 0
0.881688 0
0.336643 0
0.321287 0
5.79331 0
0.280553 0
0.835495 0
0.662613 0
0.184976 0
1.0169 0
0.669695 0
0.161356 0
1.07178 0
1.13452 0
0.161327 0
0.13794 0
2.00437 0
0.442844 0
0.240723 0
0.280491 0
0.773397 0
0.997255 0
0.172833 0
0.297012 0
0.5407 0
5.19849 0
1.09085 0
0.113656 0
0.551769 0
0.649348 0
0.524267 0
1.01591 0
0.276544 0
0.304773 0
2.99902 0
0.706857 0
0.726024 0
1.21406 0
0.766605 0
0.68602 0
0.248062 0
0.181063 0
0.218142 0
1.16827 0
1.22402 0
0.73013 0
0.29653 0
0.217735 0
2.70005 0
1.42553 0
0.0327881 0
0.779515 0
0.170047 0
0.246698 0
0.867387 0
0.164128 0
0.311648 0
0.124774 0
0.508543 0
0.293466 0
0.0896975 0
0.829724 0
1.39786 0
1.29656 0
0.136579 0
0.902438 0
0.184865 0
1.92116 0
0.676181 0
0.170108 0
0.151392 0
0.370159 0
1.7264 0
1.43966 0
0.380163 0
0.0899806 0
0.573167 0
0.908345 0
0.678402 0
0.180683 0
1.89799 0
0.62712 0
0.221362 0
0.826279 0
0.388914 0
0.151451 0
0.317267 0
0.946581 0
1.17815 0
0.278493 0
0.192687 0
0.313618 0
0.898597 0
0.499559 0
0.460994 0
0.150423 0
1.29797 0
3.04845 0
1.06828 0
0.0596792 0
0.227438 0
0.256144 0
1.53874 0
1.39322 0
0.422484 0
0.184825 0
0.0333831 0
0.823012 0
1.21282 0
0.393491 0
0.0734706 0
0.807534 0
1.10194 0
0.1019 0
0.177406 0
0.657066 0
0.102284 0
1.02697 0
4.12899 0
1.25941 0
0.617543 0
1.3842 0
0.211828 0
3.1535 0
0.329784 0
1.9694 0
0.287564 0
0.365125 0
1.99224 0
2.14831 0
0.507625 0
0.936311 0
0.102727 0
0.279871 0
0.808776 0
0.16606 0
2.92763 0
0.526408 0
0.487027 0
0.1332 0
0.830677 0
1.73394 0
1.29549 0
0.391241 0
1.71501 0
0.921077 0
0.324221 0
0.0769267 0
0.303626 0
0.538711 0
0.679874 0
1.05439 0
0.275415 0
1.04545 0
0.260229 0
0.285388 0
2.36984 0
0.259069 0
0.984313 0
0.194926 0
0.510798 0
3.70567 0
0.661088 0
0.158313 0
0.520881 0
0.0932902 0
0.168341 0
1.53352 0
0.185539 0
0.467458 0
0.800168 0
0.302618 0
0.202103 0
1.3317 0
0.81259 0
0.37236 0
0.11774 0
0.233227 0
0.374041 0
0.365808 0
0.311446 0
1.03568 0
1.44063 0
0.828798 0
0.137392 0
0.179522 0
0.510887 0
0.164729 0
3.41357 0
1.84009 0
1.81091 0
1.95126 0
0.189157 0
0.149148 0
1.59578 0
0.590938 0
0.154045 0
2.71063 0
1.85059 0
0.0824349 0
0.150799 0
2.24268 0
0.0522324 0
0.603211 0
0.0484259 0
2.12622 0
0.147444 0
0.824531 0
0.382123 0
1.08501 0
0.35967 0
2.48766 0
0.28155 0
0.719781 0
0.7353 0
0.607211 0
0.450382 0
0.907483 0
0.084588 0
0.272239 0
0.812649 0
0.235427 0
0.145462 0
0.916886 0
0.669493 0
0.283992 0
0.695096 0
1.02232 0
0.427327 0
3.36735 0
0.672719 0
0.334727 0
1.52026 0
0.253029 0
1.66031 0
0.232547 0
2.47122 0
0.310077 0
0.166229 0
1.67549 0
0.151831 0
0.472648 0
0.912815 0
0.263877 0
0.121932 0
0.108087 0
0.485072 0
0.127607 0
1.25959 0
2.54449 0
1.50719 0
1.29133 0
0.936257 0
1.16898 0
0.621676 0
0.241528 0
2.76229 0
0.162751 0
0.362821 0
0.141118 0
0.0269127 0
0.113093 0
1.53792 0
3.57327 0
0.314751 0
0.215695 0
0.220365 0
0.124159 0
0.611572 0
0.38518 0
0.336196 0
0.64879 0
0.283216 0
0.33513 0
0.203059 0
0.277683 0
0.195532 0
0.189053 0
1.13712 0
0.0778961 0
0.430049 0
3.32782 0
0.215545 0
0.592221 0
1.76227 0
2.61673 0
1.79949 0
0.189665 0
1.43333 0
0.117229 0
0.220234 0
0.17359 0
3.20502 0
0.972215 0
0.427587 0
0.183632 0
0.0391263 0
0.094856 0
0.0689782 0
0.802851 0
1.53288 0
0.994506 0
0.318002 0
0.948215 0
0.0777448 0
0.0836067 0
1.59575 0
0.271101 0
1.67099 0
0.353282 0
0.20702 0
1.44548 0
4.10793 0
0.829292 0
0.114871 0
0.373812 0
0.759161 0
0.614979 0
0.705618 0
0.168447 0
0.680444 0
0.362538 0
0.246062 0
3.00683 0
0.461992 0
0.20334 0
0.151329 0
2.02575 0
0.866027 0
1.44438 0
0.0712997 0
0.187771 0
0.190715 0
0.32495 0
0.577497 0
0.541466 0
0.995426 0
1.28234 0
1.09573 0
0.940648 0
0.293714 0
0.106575 0
0.231749 0
2.0361 0
0.234432 0
0.452707 0
0.647223 0
0.474099 0
0.378431 0
0.189526 0
0.966531 0
0.850634 0
1.71195 0
0.13761 0
0.906049 0
1.19485 0
0.455783 0
2.4558 0
0.839128 0
1.09344 0
0.250632 0
0.862383 0
0.167005 0
0.44499 0
0.00849742 0
0.106752 0
3.05868 0
1.69236 0
0.342625 0
0.166122 0
0.353358 0
0.78074 0
0.415797 0
0.0195599 0
3.07711 0
0.124488 0
0.0980483 0
0.114477 0
3.25898 0
1.35169 0
0.0398927 0
1.87069 0
1.18233 0
1.29902 0
0.192926 0
0.261633 0
1.19068 0
5.74321 0
30.2901 0
0.574853 0
0.499597 0
2.31406 0
0.992303 0
0.529133 0
0.148105 0
0.125715 0
0.984086 0
1.86573 0
0.223321 0
0.511424 0
0.161118 0
0.560248 0
3.50613 0
0.242819 0
0.346516 0
0.206382 0
0.185088 0
0.869097 0
0.0653029 0
0.75101 0
0.113514 0
1.72107 0
0.946435 0
0.144378 0
0.405262 0
0.103723 0
2.72848 0
0.98333 0
2.81268 0
0.102831 0
