2.50796 1
0.691759 1
0.314595 1
1.00498 1
0.688718 1
1.47315 1
0.56281 1
2.39428 1
1.06444 1
1.28967 1
0.250266 1
3.87884 1
0.749933 1
1.02877 1
35.9319 1
1.07856 1
0.531233 1
0.253607 1
0.64879 1
0.212216 1
0.621726 1
0.0774304 1
0.130165 1
1.1945 1
3.30417 1
3.96198 1
0.164133 1
4.29033 1
0.423745 1
0.255573 1
6.12491 1
0.264085 1
0.877335 1
1.49161 1
0.102927 1
1.94871 1
1.06731 1
0.843149 1
0.431768 1
0.463801 1
1.46018 1
0.229581 1
0.00999222 1
0.53992 1
0.221212 1
6.92872 1
0.743984 1
1.29313 1
0.829524 1
0.78207 1
1.17635 1
4.28114 1
0.536544 1
3.60797 1
0.887927 1
5.13342 1
1.94546 1
0.193416 1
0.930263 1
0.771517 1
0.207768 1
0.707232 1
0.916172 1
2.36898 1
1.69024 1
3.1974 1
1.28634 1
1.41321 1
0.993443 1
0.742307 1
0.734116 1
0.937243 1
0.0609887 1
1.57935 1
3.03012 1
0.0557076 1
2.91654 1
0.217983 1
38.3182 1
0.0953677 1
0.814679 1
0.639459 1
1.76771 1
0.878971 1
0.111178 1
4.08358 1
0.834082 1
0.875342 1
3.1893 1
0.10546 1
0.078783 1
2.35166 1
0.907653 1
0.190935 1
1.08565 1
2.00149 1
0.931304 1
1.27167 1
0.205755 1
0.499049 1
1.54609 1
1.51443 1
1.32711 1
1.01646 1
0.75367 1
0.378244 1
0.993907 1
2.99755 1
0.173715 1
0.660424 1
1.24433 1
0.868395 1
2.24197 1
0.888001 1
0.179168 1
3.2383 1
0.184077 1
0.0596756 1
0.887234 1
0.180673 1
2.59258 1
10.5979 1
2.25594 1
0.0363783 1
0.208614 1
0.0625093 1
0.424335 1
1.52967 1
2.00275 1
0.694754 1
0.280435 1
0.260031 1
0.164528 1
3.63904 1
0.637328 1
0.989248 1
0.367493 1
0.43794 1
0.430243 1
0.722372 1
3.36041 1
2.24411 1
0.0674321 1
1.3519 1
1.04992 1
0.268162 1
0.235248 1
2.18701 1
0.246832 1
0.170962 1
0.716018 1
1.71548 1
1.15395 1
1.35283 1
0.364725 1
0.167963 1
1.25644 1
0.379259 1
0.677383 1
0.959224 1
0.394435 1
0.00241377 1
0.865374 1
1.92497 1
0.389524 1
1.33428 1
0.779766 1
1.8258 1
1.24687 1
0.51518 1
0.160845 1
2.07449 1
0.155459 1
0.486317 1
0.0600177 1
0.132183 1
0.930147 1
1.61861 1
2.71242 1
3.69382 1
0.226975 1
1.64031 1
1.70648 1
0.185159 1
0.357835 1
1.42921 1
0.28391 1
6.25088 1
0.812113 1
0.575013 1
0.406175 1
25.5422 1
1.29787 1
0.129573 1
2.40173 1
0.82112 1
2.39317 1
1.24823 1
1.47827 1
0.773771 1
6.85444 1
0.80945 1
0.204593 1
1.43814 1
0.199396 1
0.528117 1
0.698537 1
1.15513 1
1.35424 1
0.316761 1
0.984807 1
0.019324 1
2.22003 1
0.32686 1
0.152785 1
0.285245 1
0.638563 1
1.16851 1
2.4207 1
1.19773 1
0.989132 1
0.203982 1
0.417531 1
0.0857383 1
0.396227 1
1.86234 1
0.392093 1
0.504094 1
2.13243 1
0.359695 1
1.50853 1
3.28889 1
0.536024 1
0.645076 1
1.08122 1
1.15294 1
1.18144 1
2.0617 1
0.316055 1
5.45036 1
2.86973 1
2.08253 1
0.340684 1
1.74662 1
1.97604 1
1.17062 1
0.616663 1
3.89307 1
1.29386 1
1.3197 1
1.23449 1
1.96149 1
2.69396 1
0.494013 1
0.0142722 1
0.237149 1
0.685962 1
1.76458 1
0.713525 1
0.529365 1
0.248094 1
2.8782 1
1.06811 1
0.875144 1
2.91478 1
0.322537 1
1.10997 1
1.68494 1
3.01555 1
0.422917 1
0.997111 1
0.184705 1
0.716191 1
0.772055 1
1.71549 1
0.861909 1
0.406866 1
0.373365 1
3.26077 1
0.403312 1
0.192857 1
1.48453 1
0.224907 1
0.381436 1
1.67213 1
2.96459 1
0.117842 1
0.789424 1
0.0517059 1
0.111725 1
0.711374 1
3.44418 1
2.51285 1
1.00615 1
0.300835 1
0.38184 1
1.18848 1
0.235061 1
0.800112 1
2.58203 1
0.572546 1
1.34749 1
0.975972 1
1.69914 1
0.472211 1
0.208651 1
0.453156 1
0.864622 1
0.155769 1
0.478165 1
1.02751 1
3.78629 1
1.29392 1
5.75036 1
0.183037 1
2.66402 1
3.40949 1
0.400472 1
0.518161 1
1.4575 1
0.542793 1
0.133743 1
0.372054 1
1.13803 1
1.0681 1
0.555574 1
3.3264 1
0.199275 1
0.0938238 1
0.767659 1
0.186805 1
0.249444 1
0.618492 1
0.862851 1
1.3203 1
0.18359 1
0.532082 1
4.13697 1
1.01508 1
1.01621 1
3.22426 1
0.122284 1
0.115691 1
0.566498 1
0.307617 1
0.809601 1
0.402835 1
0.288422 1
2.10131 1
2.84205 1
0.134328 1
0.325665 1
0.368357 1
1.97675 1
1.03247 1
2.23465 1
0.116495 1
0.217387 1
3.17299 1
0.609116 1
0.373473 1
1.04979 1
1.30846 1
1.89285 1
0.384134 1
1.35944 1
0.110634 1
2.11061 1
0.817847 1
0.249114 1
0.247038 1
0.411395 1
1.23482 1
0.327254 1
0.889419 1
2.24405 1
1.6716 1
0.105629 1
1.22847 1
0.474772 1
0.96014 1
0.545387 1
1.29799 1
0.473574 1
2.28674 1
1.10195 1
2.27398 1
1.88302 1
0.609523 1
8.34307 1
0.50587 1
0.461292 1
6.23836 1
0.929188 1
0.809212 1
0.913003 1
1.55557 1
3.79559 1
0.0121298 1
2.27507 1
1.62476 1
2.58754 1
0.903828 1
0.485514 1
0.252957 1
1.69593 1
1.23735 1
3.03715 1
1.28504 1
3.54643 1
0.233116 1
2.54361 1
0.903492 1
0.390568 1
0.141063 1
0.234186 1
0.551126 1
0.481466 1
1.25864 1
0.56952 1
0.553561 1
1.87942 1
0.344011 1
1.44848 1
0.179803 1
1.02354 1
0.217692 1
0.164974 1
0.481056 1
1.53414 1
1.6539 1
0.72554 1
1.58179 1
1.27293 1
4.01693 1
3.44475 1
0.111633 1
1.62957 1
1.6052 1
2.12037 1
0.940704 1
4.39026 1
1.70314 1
1.39077 1
1.52375 1
0.156518 1
0.0909613 1
0.765069 1
0.569159 1
0.969683 1
0.650362 1
1.67615 1
1.77228 1
0.413886 1
1.62418 1
0.725187 1
0.524723 1
1.02265 1
2.30845 1
0.316591 1
1.60908 1
0.838624 1
0.322082 1
0.17524 1
1.80541 1
1.65675 1
0.70377 1
1.77786 1
0.625492 1
0.337394 1
0.54741 1
1.79636 1
0.0579853 1
0.261148 1
3.6013 1
1.25405 1
0.142391 1
0.606513 1
1.43614 1
0.0893603 1
1.63044 1
1.04352 1
0.151843 1
2.79417 1
0.274899 1
0.697401 1
1.98779 1
1.51144 1
0.138389 1
1.52905 1
3.45252 1
0.128968 1
1.21202 1
3.16247 1
0.798452 1
0.734289 1
0.716918 1
0.99392 1
2.63582 1
0.961114 1
0.873917 1
2.5366 1
0.317573 1
0.834721 1
1.93573 1
0.263134 1
0.371021 1
0.810212 1
1.14281 1
1.31662 1
1.7729 1
1.23991 1
0.116208 1
2.93823 1
0.848056 1
1.10679 1
0.0839947 1
0.873622 1
1.94404 1
1.28592 1
2.16087 1
0.101727 1
0.192595 1
1.08076 1
0.339012 1
0.133589 1
0.0948804 1
5.05643 1
0.569537 1
0.430047 1
0.0997458 1
1.38531 1
5.97533 1
0.44028 1
2.24324 1
2.53855 1
0.920831 1
0.0323627 1
0.538319 1
2.42849 1
0.712516 1
1.40967 1
3.53906 1
0.205713 1
0.348814 1
0.428079 1
0.405608 1
0.401 1
0.328228 1
0.598645 1
0.968879 1
2.17355 1
1.34061 1
1.61951 1
1.24631 1
0.986383 1
0.0939883 1
1.50619 1
0.776471 1
0.631723 1
0.195047 1
0.314122 1
11.837 1
1.34631 1
2.29656 1
0.0894309 1
0.5329 1
0.317325 1
0.276816 1
0.681024 1
1.59456 1
0.710509 1
1.22036 1
2.19798 1
0.235327 1
1.57594 1
1.81618 1
0.113956 1
4.9106 1
1.88173 1
0.752655 1
0.718174 1
2.25755 1
0.733361 1
1.03065 1
0.335576 1
3.3982 1
1.49216 1
0.211786 1
1.10614 1
0.739593 1
0.943171 1
0.895152 1
1.50338 1
0.81042 1
5.07606 1
2.59549 1
0.429944 1
1.52916 1
0.7247 1
0.0713334 1
1.24016 1
0.140685 1
0.583274 1
0.408883 1
0.493566 1
2.01963 1
2.28886 1
3.81747 1
6.85155 1
1.28859 1
1.11182 1
2.64871 1
0.202683 1
2.09598 1
1.52856 1
0.381723 1
0.269352 1
3.73214 1
2.0918 1
1.07619 1
0.216569 1
0.49058 1
3.5015 1
0.366033 1
0.142867 1
0.216008 1
0.568842 1
0.191346 1
0.435351 1
2.06702 1
0.140025 1
3.05955 1
0.275341 1
0.414099 1
1.34729 1
2.41716 1
0.649039 1
0.229725 1
1.64939 1
0.0710175 1
0.325266 1
4.38466 1
2.25618 1
1.43338 1
0.483544 1
1.35604 1
0.330505 1
1.82636 1
0.67594 1
2.56476 1
0.704201 1
0.742063 1
0.0316631 1
0.886123 1
2.42919 1
1.27172 1
0.133113 1
1.50615 1
1.74317 1
0.382187 1
0.601009 1
1.33022 1
1.12644 1
0.234175 1
0.372822 1
0.967967 1
3.2337 1
0.465588 1
0.416686 1
2.26267 1
1.04487 1
2.04021 1
1.18348 1
0.515781 1
0.233154 1
0.154216 1
5.16085 1
1.77242 1
3.55472 1
0.447243 1
2.21513 1
2.23807 1
0.423525 1
0.431047 1
1.00068 1
4.82679 1
0.499652 1
0.539193 1
0.564642 1
1.92399 1
3.92825 1
0.501002 1
0.180895 1
0.404999 1
3.62214 1
1.84929 1
1.80237 1
0.835356 1
1.08514 1
0.0739846 1
1.96151 1
1.3521 1
0.865814 1
0.11661 1
3.65608 1
0.200057 1
1.84646 1
0.131121 1
0.68803 1
0.259533 1
0.273368 1
0.395466 1
0.390265 1
0.677225 1
1.46229 1
1.75403 1
0.694955 1
0.396501 1
1.15588 1
1.39568 1
1.94167 1
0.975184 1
0.645284 1
0.476937 1
1.26943 1
0.133296 1
0.697199 1
0.697111 1
0.276957 1
3.899 1
1.14216 1
0.604971 1
4.92872 1
0.723363 1
2.96578 1
2.32127 1
0.146832 1
3.28057 1
0.240851 1
0.717203 1
0.369301 1
0.479196 1
0.190238 1
2.08166 1
0.309982 1
1.68116 1
0.866331 1
1.46049 1
0.496674 1
2.66387 1
0.706235 1
1.18186 1
0.777819 1
0.750224 1
0.512425 1
0.645487 1
1.6641 1
0.82121 1
2.77814 1
0.403651 1
1.32565 1
0.470061 1
0.486174 1
1.83704 1
0.556651 1
0.448389 1
0.316834 1
0.0936231 1
0.607826 1
1.60722 1
70.8876 1
2.41152 1
4.85881 1
3.05544 1
0.535221 1
0.787143 1
1.59713 1
1.26904 1
0.822101 1
0.802284 1
0.383902 1
0.132826 1
1.84719 1
0.453809 1
0.392347 1
1.11603 1
0.88693 1
1.53009 1
0.373155 1
0.178581 1
0.29743 1
1.1587 1
2.14817 1
1.08588 1
0.125449 1
0.227855 1
0.813359 1
0.210702 1
1.99215 1
3.31255 1
0.189054 1
0.557064 1
0.775781 1
0.230009 1
0.655131 1
1.11708 1
0.302014 1
0.366626 1
0.204441 1
0.597877 1
0.357334 1
1.63101 1
0.32285 1
0.550944 1
1.68104 1
0.0868716 1
0.847971 1
0.484028 1
1.82962 1
0.589924 1
0.323558 1
0.402017 1
0.886363 1
3.89191 1
0.305254 1
0.144644 1
0.148615 1
0.237344 1
2.69387 1
0.646493 1
2.35884 1
0.306025 1
0.823966 1
0.321327 1
1.33106 1
0.371013 1
0.819913 1
1.24219 1
0.11442 1
0.22366 1
2.90358 1
0.704793 1
0.569223 1
1.60657 1
0.338129 1
0.756843 1
0.162133 1
0.205349 1
0.908406 1
2.43868 1
1.77436 1
1.69004 1
3.13572 1
0.695449 1
0.162234 1
0.239933 1
1.39479 1
0.196831 1
0.316717 1
0.725596 1
1.72843 1
1.10554 1
0.510216 1
0.919203 1
0.103853 1
0.553754 1
0.279184 1
0.872097 1
2.32625 1
4.4156 1
2.1771 1
0.873577 1
0.705277 1
0.32251 1
1.11488 1
0.331623 1
2.86134 1
1.08582 1
1.39229 1
0.334061 1
0.357466 1
1.44814 1
1.39128 1
1.78172 1
1.87785 1
2.36537 1
0.129098 1
0.855523 1
2.88765 1
0.180094 1
1.49644 1
1.31313 1
0.757518 1
0.44434 1
1.79147 1
0.418806 1
0.17451 1
3.39677 1
0.640024 1
2.60659 1
1.10381 1
0.578088 1
1.43081 1
0.829977 1
1.69361 1
0.51941 1
0.47664 1
0.758799 1
0.166034 1
1.36492 1
0.264772 1
0.437278 1
1.10699 1
0.609685 1
0.63452 1
0.605748 1
0.381579 1
0.0592938 1
0.265208 1
0.833294 1
0.181462 1
0.862856 1
0.201939 1
0.802195 1
0.551363 1
1.30413 1
0.997191 1
0.922962 1
0.465227 1
0.0974907 1
0.343742 1
0.134065 1
1.02031 1
1.40624 1
0.0989575 1
0.0748742 1
1.62909 1
1.44335 1
1.16373 1
2.90617 1
0.252536 1
0.195447 1
0.316512 1
0.472708 1
6.85254 1
0.91269 1
0.2413 1
0.641603 1
2.28954 1
0.517281 1
1.15194 1
0.18317 1
0.827926 1
1.37855 1
0.201681 1
2.50965 1
1.01557 1
2.08247 1
0.6542 1
0.254725 1
1.2839 1
0.0999734 1
0.353478 1
1.76659 1
4.27448 1
0.888592 1
0.108935 1
0.448818 1
1.27853 1
0.66237 1
3.25467 1
1.28262 1
0.487203 1
0.662531 1
1.95624 1
0.962844 1
2.25945 1
0.307861 1
0.284718 1
0.272229 1
0.169878 1
0.92036 1
0.563571 1
1.56191 1
0.893141 1
3.25264 1
0.0545492 1
2.03615 1
0.553385 1
3.74362 1
0.0740654 1
1.16617 1
0.0284181 1
0.995286 1
2.35347 1
0.804167 1
1.04663 1
0.08477 1
2.5207 1
0.777134 1
0.546605 1
1.35383 1
0.737583 1
7.87963 1
2.34986 1
0.399313 1
0.0346822 1
0.0837421 1
0.56167 1
0.75917 1
2.97801 1
1.52606 1
0.156252 1
0.7629 1
4.59639 1
1.47453 1
2.38998 1
2.03934 1
0.209596 1
0.706397 1
0.650946 1
0.382409 1
5.49508 1
0.907192 1
0.266704 1
0.487667 1
0.171479 1
0.251195 1
0.138092 1
3.57435 1
2.49571 1
1.55709 1
1.4199 1
1.21091 1
1.36197 1
0.582243 1
1.62539 1
0.526832 1
3.28798 1
0.630592 1
0.361942 1
0.722364 1
4.58377 1
1.21276 1
0.616832 1
0.948071 1
0.836845 1
2.95509 1
3.81499 1
3.37548 1
1.68456 1
0.301314 1
1.73519 1
1.95805 1
0.382604 1
0.727143 1
3.23048 1
7.62102 1
1.16284 1
0.595283 1
0.508872 1
0.394029 1
2.46691 1
0.316037 1
0.616964 1
0.811351 1
0.795958 1
0.959402 1
0.289319 1
0.19407 1
0.982762 1
0.562865 1
2.88122 1
115.781 1
1.51391 1
0.253873 1
3.37067 1
0.643023 1
2.15268 1
0.428979 1
0.43297 1
0.239993 1
0.864455 1
1.38219 1
2.47941 1
0.913737 1
2.3258 1
0.170012 1
0.732962 1
1.55127 1
3.13059 1
0.401894 1
3.12576 1
1.51684 1
0.143883 1
0.308321 1
1.62947 1
1.26695 1
0.0679961 1
3.31821 1
0.340733 1
1.74846 1
0.611013 1
5.65748 1
1.74668 1
0.294783 1
0.0434831 1
0.716559 1
1.25283 1
0.573846 1
0.717506 1
1.19591 1
1.17826 1
0.0962102 1
1.91011 1
0.957915 1
0.342136 1
0.439393 1
0.307321 1
0.743293 1
0.115494 1
1.13128 1
0.812235 1
1.7493 1
0.216849 1
1.06594 1
2.18213 1
1.40249 1
0.186794 1
2.45337 1
2.72213 1
0.187257 1
0.284849 1
1.66282 1
3.75615 1
6.78035 1
0.575116 1
1.47252 1
0.956387 1
0.600965 1
1.66973 1
0.350234 1
11.4737 1
0.937399 1
1.56745 1
0.657351 1
0.471119 1
0.290165 0
0.876396 0
0.405533 0
0.285965 0
1.20005 0
1.30318 0
5.67648 0
0.352228 0
0.0856586 0
0.469036 0
1.99738 0
0.630402 0
0.181545 0
0.00661998 0
4.53333 0
0.390053 0
0.0725705 0
0.179149 0
0.135702 0
1.29614 0
0.219799 0
0.666599 0
0.590471 0
0.164057 0
0.100873 0
0.880996 0
0.221601 0
1.96615 0
0.245499 0
0.210371 0
1.58718 0
0.175915 0
2.70859 0
0.177692 0
0.116007 0
1.74351 0
0.833988 0
0.339591 0
0.180251 0
1.93071 0
0.689052 0
0.440212 0
1.1412 0
0.149438 0
0.0813087 0
2.66814 0
0.605507 0
0.860133 0
0.292758 0
0.185141 0
1.56817 0
0.134596 0
5.68623 0
0.37829 0
0.157119 0
2.0745 0
0.987953 0
0.0434347 0
0.693307 0
1.03968 0
0.213224 0
0.21625 0
0.737577 0
0.066063 0
0.218566 0
0.245596 0
1.57577 0
0.337556 0
1.4249 0
2.37933 0
0.328358 0
0.162407 0
0.580056 0
0.356506 0
0.656071 0
0.326062 0
0.135944 0
0.115961 0
0.508306 0
5.27261 0
0.165276 0
0.925098 0
0.188026 0
0.426962 0
0.0909775 0
0.162972 0
0.978025 0
0.18642 0
0.238252 0
0.93672 0
0.31335 0
0.378987 0
0.640871 0
0.112413 0
0.255083 0
0.0745545 0
0.194847 0
1.46751 0
0.355506 0
2.51222 0
1.63117 0
0.0878122 0
1.91455 0
4.8001 0
1.90245 0
0.206004 0
0.331209 0
0.696921 0
0.511687 0
0.239897 0
0.393801 0
0.296594 0
0.0790008 0
0.575553 0
0.083303 0
0.825979 0
1.18171 0
2.2313 0
0.155523 0
0.290961 0
2.07867 0
1.45763 0
0.153047 0
3.27086 0
0.508878 0
0.989681 0
0.366162 0
3.65341 0
0.0872878 0
1.03192 0
0.0728506 0
0.342387 0
0.257013 0
0.0793103 0
0.0416788 0
0.77823 0
0.160681 0
0.448578 0
0.150234 0
0.799339 0
1.01623 0
0.535723 0
0.316853 0
0.820802 0
0.123952 0
1.24016 0
0.227001 0
0.276471 0
0.180483 0
0.0977374 0
0.31913 0
0.218597 0
0.265273 0
0.183047 0
0.417419 0
1.46448 0
0.212559 0
1.88458 0
0.279763 0
0.868409 0
1.06374 0
2.32331 0
0.727424 0
0.106432 0
0.976135 0
2.56816 0
0.191963 0
0.438554 0
0.992041 0
0.634007 0
0.769022 0
1.05895 0
2.79229 0
1.03023 0
0.311255 0
0.274588 0
2.60914 0
0.175424 0
0.94811 0
0.0829081 0
0.918058 0
0.629932 0
0.071457 0
0.114723 0
0.102185 0
0.0102616 0
1.17839 0
0.58213 0
0.0732319 0
0.262415 0
1.768 0
1.88199 0
0.026705 0
0.597197 0
0.196836 0
3.11915 0
1.06243 0
0.00812894 0
1.83883 0
0.0586666 0
1.10088 0
0.422127 0
0.20045 0
3.9921 0
0.33804 0
0.286395 0
0.360724 0
2.00028 0
0.166316 0
0.800715 0
0.111282 0
0.235686 0
0.133193 0
0.629649 0
0.945501 0
0.963226 0
0.685917 0
0.114055 0
0.00279218 0
0.456947 0
0.107728 0
0.348707 0
0.152889 0
0.608072 0
0.928944 0
0.184136 0
0.574471 0
0.686561 0
0.699714 0
0.0199861 0
0.287819 0
0.241595 0
1.30178 0
0.92342 0
0.0560783 0
0.609096 0
1.06164 0
0.0475259 0
0.718341 0
6.6462 0
0.763435 0
0.0872815 0
0.390835 0
0.506872 0
2.0392 0
0.414866 0
1.19408 0
0.441408 0
1.08501 0
0.0610439 0
0.0426191 0
1.13741 0
0.182707 0
0.491029 0
1.12944 0
5.43356 0
0.502127 0
0.112971 0
0.184371 0
0.147092 0
0.106503 0
3.18343 0
1.74577 0
0.454729 0
0.264199 0
1.04405 0
0.237578 0
0.111428 0
0.280986 0
0.123606 0
0.223268 0
2.74351 0
0.215262 0
0.114986 0
0.411684 0
0.529417 0
0.662768 0
0.254387 0
1.91892 0
0.235173 0
0.0836318 0
0.420433 0
1.89633 0
0.580406 0
0.295597 0
0.212425 0
0.0959509 0
0.666166 0
1.76467 0
0.0812925 0
0.882805 0
1.88851 0
0.43277 0
0.19869 0
0.216419 0
0.189979 0
1.34897 0
1.33658 0
0.0932782 0
3.39483 0
0.340208 0
1.09871 0
0.734093 0
0.218077 0
0.189908 0
1.92794 0
0.371009 0
0.127271 0
0.997675 0
0.920243 0
2.07179 0
1.58788 0
0.192275 0
0.172985 0
0.419793 0
0.458786 0
2.05095 0
0.193774 0
1.4897 0
0.879889 0
0.0874092 0
3.60352 0
0.0824523 0
0.818063 0
0.174161 0
2.13234 0
0.183091 0
0.107309 0
1.04183 0
0.178261 0
1.46247 0
0.899348 0
0.291132 0
0.470817 0
1.00314 0
0.59154 0
0.216839 0
0.257571 0
0.798545 0
2.08023 0
0.281622 0
0.426837 0
0.982627 0
0.168134 0
0.66813 0
0.213926 0
0.581805 0
1.37205 0
0.469298 0
0.072201 0
0.486004 0
0.0283576 0
0.166397 0
1.35367 0
0.0162797 0
0.576317 0
0.880301 0
0.101223 0
0.683995 0
2.47585 0
0.186452 0
2.9145 0
1.13233 0
0.287674 0
0.986777 0
0.264435 0
0.674036 0
1.40753 0
1.60285 0
0.186838 0
1.84574 0
1.17744 0
0.478486 0
0.0254984 0
0.651322 0
2.63124 0
0.251745 0
0.105918 0
0.336142 0
0.110481 0
0.63317 0
0.141758 0
0.634256 0
1.37363 0
0.728417 0
1.08509 0
0.367486 0
0.286036 0
0.500235 0
0.321523 0
0.682032 0
2.16968 0
0.275889 0
1.71087 0
0.140854 0
0.298873 0
0.959189 0
0.191866 0
1.10479 0
0 0
0.287734 0
0.159136 0
1.98654 0
0.658727 0
0.0495868 0
0.327117 0
0.247425 0
0.139958 0
1.20013 0
0.0950168 0
1.04749 0
0.35109 0
0.51339 0
4.06927 0
0.236903 0
1.54443 0
0.386931 0
0.411045 0
1.18324 0
0.419318 0
0.1531 0
0.131439 0
0.841182 0
0.152974 0
0.136174 0
0.216545 0
0.534669 0
0.319465 0
0.110236 0
0.657495 0
0.132719 0
0.895357 0
0.520022 0
1.46984 0
1.15335 0
1.84533 0
0.68358 0
0.298766 0
0.08948 0
0.249247 0
0.350136 0
0.386109 0
1.26166 0
0.326364 0
0.999984 0
0.290102 0
3.86639 0
0.271939 0
0.219164 0
0.593416 0
0.221792 0
0.588107 0
0.0618169 0
0.48847 0
0.931917 0
0.633443 0
1.44014 0
0.819336 0
0.336217 0
0.795373 0
1.66611 0
0.126539 0
0.142183 0
0.2486 0
2.15541 0
0.105027 0
1.09859 0
0.299667 0
0.194364 0
0.413013 0
0.961192 0
2.16133 0
0.520619 0
1.23719 0
0.416145 0
0.260266 0
0.379221 0
0.405759 0
0.193101 0
0.102548 0
1.59502 0
0.145229 0
2.1281 0
0.884099 0
0.115971 0
0.673418 0
0.866457 0
0.12157 0
0.563188 0
1.44831 0
0.396123 0
1.55017 0
0.358086 0
0.151365 0
0.413457 0
0.257504 0
1.76538 0
0.225281 0
0.637336 0
1.93119 0
0.105419 0
0.243192 0
0.433442 0
0.690376 0
2.20051 0
0.170461 0
2.99902 0
0.201786 0
0.478539 0
0.12485 0
0.811029 0
2.24607 0
0.114452 0
0.0256198 0
0.109256 0
0.342915 0
0.164208 0
0.736084 0
0.951009 0
0.128625 0
0.518783 0
1.17375 0
0.0985838 0
0.224326 0
0.136006 0
1.16751 0
0.438194 0
1.09476 0
0.139392 0
0.866408 0
0.166972 0
0.113721 0
0.358886 0
0.119251 0
0.19045 0
0.632746 0
0.417529 0
0.387539 0
0.240899 0
0.946202 0
1.35964 0
0.569039 0
0.379736 0
0.119508 0
1.63011 0
0.532552 0
1.39076 0
0.113684 0
1.1585 0
0.834413 0
0.225045 0
5.5897 0
0.317801 0
0.07054 0
0.0212125 0
0.21526 0
0.457856 0
0.104936 0
0.207144 0
0.569931 0
0.964303 0
2.82257 0
0.396347 0
2.17117 0
0.548737 0
0.314232 0
0.286809 0
0.338898 0
0.800785 0
1.63976 0
1.25512 0
1.32074 0
0.612148 0
0.0614318 0
0.121869 0
0.225973 0
0.213504 0
1.90175 0
0.4323 0
0.42112 0
0.402986 0
1.03716 0
0.319244 0
0.113589 0
0.128134 0
0.375456 0
0.908335 0
0.265729 0
0.0656367 0
0.257434 0
0.120582 0
0.799755 0
0.691557 0
0.231018 0
0.223253 0
0.780007 0
0.0461657 0
0.464187 0
0.135054 0
0.168605 0
0.60235 0
0.153737 0
1.15212 0
2.04786 0
0.458007 0
2.15911 0
0.63708 0
0.250883 0
0.393381 0
0.078125 0
1.44158 0
0.588122 0
0.209285 0
0.100982 0
1.22342 0
0.91279 0
1.17344 0
0.200776 0
0.999049 0
0.772794 0
0.56089 0
1.02515 0
1.17974 0
0.64575 0
1.06722 0
0.31981 0
0.612229 0
0.653894 0
0.123422 0
0.460187 0
0.462637 0
0.0650203 0
1.42247 0
0.131897 0
1.19094 0
0.202676 0
1.35018 0
0.30392 0
0.456626 0
1.33164 0
0.316988 0
0.929494 0
0.231623 0
0.202786 0
0.548039 0
0.251464 0
0.344103 0
1.46174 0
2.56583 0
0.141206 0
0.607336 0
0.252797 0
0.496587 0
0.10776 0
0.528689 0
1.03173 0
0.0931467 0
0.440823 0
4.30938 0
0.191702 0
0.650352 0
0.13736 0
0.229548 0
0.54931 0
0.126375 0
1.2431 0
1.82899 0
0.0739837 0
1.94095 0
0.267955 0
0.425877 0
0.567332 0
1.21938 0
0.0826578 0
0.163094 0
0.260948 0
1.25278 0
0.285128 0
0.0870143 0
0.633994 0
1.82103 0
0.0452315 0
0.332949 0
0.559783 0
0.528357 0
0.302676 0
1.28785 0
0.0964289 0
2.41021 0
0.384685 0
0.148791 0
0.155679 0
0.0530303 0
2.58043 0
0.42865 0
1.36241 0
0.82249 0
0.773615 0
1.41649 0
0.213358 0
0.587964 0
0.420686 0
0.760766 0
0.102871 0
0.462804 0
0.36688 0
0.375205 0
28.3124 0
1.27982 0
0.0975005 0
0.453201 0
0.630024 0
0.614724 0
0.966337 0
0.15162 0
0.0537761 0
1.50119 0
0.202532 0
0.921657 0
0.179219 0
3.12395 0
0.287067 0
0.0696694 0
1.21183 0
3.34132 0
0.349882 0
0.662147 0
1.01225 0
0.482205 0
3.95925 0
2.6624 0
0.664846 0
1.61293 0
1.84094 0
0.287867 0
0.195952 0
0.475184 0
0.821593 0
0.704074 0
0.296926 0
1.25428 0
1.16116 0
0.238995 0
0.135136 0
0.677787 0
0.122787 0
0.235409 0
0.222009 0
3.65725 0
0.161962 0
0.774025 0
0.213006 0
29.2389 0
0.368212 0
0.205857 0
0.118631 0
0.472943 0
0.38779 0
0.248984 0
1.40461 0
0.100329 0
0.370437 0
0.982265 0
0.215645 0
0.477545 0
0.0864817 0
0.196472 0
0.125185 0
0.395938 0
0.193479 0
3.90711 0
1.83382 0
0.301517 0
1.38205 0
1.0241 0
0.60485 0
0.780354 0
0.066526 0
0.629064 0
0.147723 0
0.25948 0
0.57635 0
0.276967 0
0.284934 0
0.314057 0
1.05912 0
0.123752 0
0.832183 0
0.279752 0
0.217448 0
0.868472 0
1.26138 0
3.03777 0
0.751933 0
0.995272 0
0.309807 0
0.0914861 0
0.0534825 0
0.236857 0
0.234154 0
0.866533 0
1.39384 0
0.437052 0
0.71551 0
0.187645 0
0.29128 0
0.37379 0
0.429785 0
0.123235 0
0.224747 0
0.0464613 0
0.325341 0
0.903896 0
1.51244 0
1.95869 0
0.589977 0
0.14581 0
0.288708 0
0.947888 0
1.70447 0
0.343203 0
0.0710638 0
0.12461 0
2.15947 0
0.814117 0
0.24958 0
0.142876 0
0.399328 0
0.308277 0
10.4248 0
2.62487 0
3.35725 0
0.356869 0
0.545702 0
0.514623 0
0.707456 0
0.109324 0
0.582098 0
0.717432 0
4.57248 0
0.270779 0
0.221366 0
0.691033 0
1.07469 0
0.394033 0
0.0655253 0
1.29545 0
2.48503 0
0.317272 0
0.970631 0
0.276983 0
0.196156 0
0.990512 0
1.08798 0
6.40451 0
0.895417 0
0.900663 0
0.215174 0
0.259084 0
0.18062 0
0.0293636 0
0.919515 0
0.174709 0
1.91154 0
0.466628 0
0.516768 0
0.557374 0
0.0677864 0
1.33564 0
20.929 0
0.520939 0
0.696936 0
0.0364916 0
3.29609 0
0.38538 0
0.739485 0
0.18806 0
0.766186 0
0.271666 0
2.06759 0
0.323463 0
0.558901 0
0.362773 0
0.0554347 0
28.67 0
0.0745154 0
0.297433 0
0.0208542 0
1.43666 0
1.45995 0
0.331144 0
21.5192 0
0.12431 0
0.20029 0
0.248433 0
0.122301 0
0.208409 0
0.429288 0
1.14324 0
0.377598 0
0.20786 0
1.03314 0
0.0834433 0
0.173886 0
0.170785 0
0.346849 0
0.69791 0
0.506291 0
0.362714 0
0.435718 0
0.13375 0
0.172693 0
2.35873 0
0.0326042 0
1.97269 0
6.33562 0
4.23593 0
0.503339 0
1.28468 0
0.151769 0
2.80351 0
1.29558 0
0.362485 0
5.9557 0
0.464318 0
0.513547 0
0.229904 0
1.01098 0
1.61106 0
0.182694 0
1.06257 0
0.233426 0
0.239127 0
0.17441 0
0.275732 0
0.270347 0
0.398848 0
3.91125 0
0.193984 0
1.41238 0
2.77348 0
0.381706 0
0.276027 0
0.255787 0
0.166038 0
0.248658 0
0.292517 0
0.919562 0
2.18449 0
0.159093 0
1.59975 0
0.777649 0
0.932467 0
2.07435 0
0.281069 0
0.260108 0
0.278053 0
0.014965 0
1.30365 0
0.387964 0
0.635151 0
0.270466 0
0.21855 0
0.461148 0
0.0555848 0
0.725616 0
0.112459 0
0.515807 0
0.337442 0
0.123399 0
1.18545 0
0.166722 0
0.0922244 0
0.751564 0
0.229628 0
0.362382 0
1.05469 0
0.837074 0
0.527524 0
0.626761 0
0.308032 0
1.43449 0
0.352545 0
0.786183 0
0.226553 0
0 0
0.513287 0
0.440681 0
0.755478 0
0.40159 0
0.993471 0
0.12868 0
1.15251 0
0.360588 0
0.221031 0
0.355971 0
0.208463 0
1.1731 0
0.0429119 0
0.144523 0
0.668801 0
0.386431 0
0.272844 0
6.26901 0
0.461203 0
0.488795 0
1.51496 0
0.60748 0
0.54616 0
0.257624 0
0.445849 0
0.512635 0
1.28703 0
0.0932214 0
0.117623 0
0.0370695 0
0.0792051 0
0.459656 0
0.570384 0
1.06577 0
1.22756 0
0.254209 0
0.829227 0
2.01848 0
0.270434 0
2.04363 0
0.0618361 0
0.0810116 0
0.56491 0
0.180277 0
0.448954 0
0.0537426 0
0.587442 0
1.76169 0
3.32333 0
1.47542 0
0.328997 0
0.0463792 0
0.627568 0
0.655646 0
0.0582726 0
0.532127 0
0.210506 0
0.359041 0
0.595585 0
0.311605 0
0.200459 0
0.663545 0
0.349816 0
0.681008 0
0.283123 0
0.394912 0
1.09202 0
0.247372 0
3.19785 0
0.193588 0
0.268572 0
0.491423 0
2.20299 0
0.360791 0
0.129804 0
0.908221 0
0.535964 0
0.438983 0
0.162762 0
0.17342 0
0.244335 0
0.268971 0
0.539759 0
1.10637 0
0.0597221 0
0.364583 0
2.06723 0
1.32756 0
0.135721 0
0.812896 0
0.730707 0
0.36517 0
0.323472 0
1.90994 0
0.136519 0
0.155546 0
0.517276 0
1.00432 0
1.3739 0
0.240466 0
0.645475 0
0.608241 0
1.24058 0
0.111761 0
0.233049 0
1.40409 0
0.284205 0
0.228985 0
0.655436 0
0.561896 0
0.382171 0
0.124657 0
1.9889 0
0.649374 0
0.6617 0
1.71944 0
0.252488 0
0.289563 0
0.263865 0
0.430958 0
0.703753 0
0.581385 0
0.10095 0
1.9487 0
1.06851 0
0.799375 0
0.337819 0
0.428204 0
0.802808 0
0.129439 0
0.829922 0
0.388309 0
0.166362 0
0.640416 0
0.305853 0
0.107886 0
3.61283 0
1.25779 0
0.0998478 0
1.01665 0
1.56606 0
0.675613 0
0.0788651 0
1.7826 0
0.271544 0
1.4451 0
8.03539 0
0.284746 0
0.924674 0
3.11799 0
0.670105 0
0.389143 0
3.95747 0
1.47356 0
0.704968 0
0.172082 0
1.23597 0
0.148155 0
0.0728812 0
1.02465 0
1.65423 0
0.24384 0
