0.0482832 1
0.0788114 1
0.0622979 1
0.707139 1
0.0312242 1
2.34253 1
0.0860413 1
0.288554 1
3.32434 1
2.97738 1
0.0502547 1
0.208656 1
0.439966 1
0.932051 1
1.02172 1
0.0382645 1
3.03234 1
5.3187 1
1.09729 1
0.0863698 1
0.591569 1
0.988437 1
0.241589 1
2.49564 1
0.0387245 1
0.0722166 1
0.106489 1
0.907829 1
1.43217 1
0.296366 1
0.634874 1
1.32877 1
0.0556042 1
0.901671 1
0.0880791 1
0.571861 1
2.22799 1
0.0397067 1
0.185535 1
1.19806 1
0.607383 1
2.37685 1
0.671832 1
0.0715779 1
0.558541 1
0.910347 1
0.526469 1
0.0447538 1
0.290172 1
0.0444925 1
0.208904 1
0.07438 1
1.60949 1
0.048356 1
0.0423538 1
0.206675 1
0.0375092 1
0.106267 1
0.802171 1
0.0571343 1
0.346305 1
0.0291702 1
1.90883 1
0.0658343 1
1.77404 1
0.118295 1
0.0235725 1
0.377959 1
0.973871 1
0.0887605 1
175.098 1
0.0732487 1
2.25473 1
1.2684 1
0.297536 1
0.350083 1
0.324087 1
1.96662 1
0.0218117 1
1.22767 1
1.8506 1
0.0103649 1
0.11355 1
0.0667695 1
0.442372 1
0.0458729 1
0.0707972 1
0.0272433 1
0.0227478 1
0.849867 1
0.0723285 1
1.28048 1
2.5828 1
0.0766471 1
1.70491 1
0.067965 1
0.082149 1
2.17364 1
0.0583442 1
0.881784 1
2.19128 1
0.4891 1
1.34903 1
0.0578892 1
0.0692443 1
1.41602 1
0.0364069 1
0.0667262 1
0.701113 1
0.0456557 1
0.0702792 1
1.68985 1
0.220429 1
3.4989 1
0.0301721 1
0.547841 1
0.284809 1
0.236572 1
0.114823 1
0.665235 1
0.346857 1
0.011288 1
0.104677 1
0.0191486 1
0.0725904 1
0.0493525 1
1.97737 1
0.0831031 1
1.81738 1
0.0779118 1
0.419259 1
0.200086 1
0.883807 1
0.531055 1
0.527671 1
0.226602 1
0.354123 1
0.158021 1
0.00311405 1
4.36614 1
3.73834 1
2.92063 1
0.0318746 1
0.0630911 1
0 1
0.123805 1
1.20956 1
0.0448141 1
0.0173098 1
0.0678625 1
2.15206 1
0.0287931 1
0.486577 1
0.0701347 1
2.85406 1
0.0481283 1
0.20087 1
1.176 1
0.102846 1
0.0892103 1
0.0382982 1
0.0403679 1
2.9162 1
0.0594047 1
0.0220563 1
0.0640105 1
3.84798 1
1.67085 1
0.0655434 1
0.120744 1
0.155234 1
1.53503 1
0.450457 1
0.149321 1
0.015661 1
0.41913 1
0.79543 1
0.0406031 1
0.0574324 1
1.6849 1
4.59029 1
3.28477 1
0.0676808 1
0.0504889 1
0.439541 1
0.0614263 1
2.41784 1
0.674237 1
0.0748457 1
2.61846 1
0.497897 1
0.0656758 1
0.711514 1
0.0386272 1
1.18546 1
0.0533646 1
0.106349 1
0.594451 1
0.156667 1
191.045 1
0.0574028 1
1.26184 1
0.0475734 1
0.970389 1
0.0323154 1
0.0478081 1
0.0342919 1
3.71792 1
0.0430306 1
0.047467 1
0.0258509 1
0.0563193 1
0.148567 1
0.272391 1
0.465793 1
0.0754459 1
0.0685771 1
0.12237 1
0.1595 1
0.274469 1
0.403893 1
0.0511557 1
0.0885929 1
2.59951 1
0.0561309 1
0.24988 1
2.53735 1
0.0572368 1
0.520019 1
0.0350372 1
0.529425 1
0.0845421 1
1.11686 1
0.0419931 1
0.400889 1
0.0591091 1
0.0374287 1
0.283096 1
0.0774232 1
0.265052 1
0.401757 1
0.0637598 1
0.211403 1
1.24357 1
0 1
0.0420634 1
2.10411 1
2.03596 1
0.0439634 1
1.08092 1
0.0343802 1
0.220511 1
2.00841 1
5.67045 1
1.6148 1
0.102049 1
0.116094 1
0.710836 1
0.0822748 1
0.255829 1
0.300962 1
1.06119 1
0.0704674 1
4.96644 1
0.0224645 1
0.696927 1
0.056946 1
0.0774575 1
0.179221 1
1.939 1
0.0671519 1
0.0352184 1
0.0261905 1
1.9829 1
0.818556 1
0.0796775 1
0.474543 1
3.23099 1
1.72053 1
1.05589 1
184.456 1
2.77591 1
0.0118004 1
0.0495902 1
0.329228 1
0.0694034 1
0.0662657 1
0 1
0.191632 1
2.31188 1
2.4871 1
0.328762 1
0.046885 1
0.457635 1
0.0567216 1
0.34848 1
0.0899227 1
0.0769554 1
16.1547 1
1.16774 1
0.803823 1
0.0247527 1
1.94591 1
0.113321 1
0.0633202 1
0.569046 1
0.0253322 1
0.0464449 1
0.066806 1
0.0996945 1
0.045413 1
0.449973 1
0.90118 1
0.0320496 1
2.22585 1
2.03593 1
3.94082 1
0.69595 1
0.0996907 1
0.0541301 1
0.366846 1
0.0388699 1
0.0463659 1
189.925 1
0.0438078 1
2.85824 1
4.00339 1
0.0742369 1
0.0310481 1
0.0547804 1
3.72634 1
3.51178 1
0.0410303 1
0.0727496 1
0.643506 1
0.0211221 1
0.0509421 1
0.138255 1
0.496211 1
0.0500693 1
0.751907 1
1.89312 1
0.0243643 1
0.465635 1
0.0424864 1
0.447515 1
3.07075 1
0.382501 1
1.7294 1
0.116323 1
0.0377698 1
0.107274 1
0.107837 1
0.853033 1
2.99075 1
0.0518438 1
0.0905053 1
0.208027 1
0.265586 1
0.248689 1
0.111398 1
0.934237 1
2.46072 1
0.640271 1
2.08899 1
0.0661495 1
0.0688835 1
0.147718 1
0.80532 1
1.61194 1
0.207621 1
0.805989 1
0.0773902 1
0.0455977 1
0.366743 1
1.38252 1
4.2998 1
0.0385023 1
1.71696 1
1.26055 1
0.115458 1
0.222239 1
1.17119 1
3.45322 1
0.0205158 1
0.0527714 1
0.845652 1
0.414743 1
0.56112 1
0.0574076 1
1.44112 1
0.0853215 1
1.88303 1
1.82018 1
0.0268681 1
1.80428 1
0.0670293 1
0.053663 1
6.47085 1
4.05417 1
0.565264 1
1.10061 1
0.397428 1
0.481158 1
0.336491 1
0.0631525 1
188.513 1
1.14266 1
0.0618164 1
0.053969 1
0.644331 1
0.284217 1
0.0246716 1
6.41997 1
1.27005 1
0.0925217 1
0.0592062 1
0.031238 1
0.142434 1
0.095796 1
0.237845 1
1.01973 1
2.35543 1
1.59689 1
1.29326 1
0.210612 1
0.0470854 1
0.460774 1
0 1
1.43274 1
1.53276 1
0.0509832 1
1.10687 1
0.041994 1
0.904062 1
0.130556 1
0.287858 1
0.589139 1
0.998126 1
0.237441 1
3.74395 1
0.0731034 1
0.0786563 1
0.963642 1
1.91244 1
0.0608082 1
0.052121 1
0.0843906 1
1.20413 1
0.0924665 1
0.419153 1
9.23676 1
0.0905018 1
0.0181187 1
0.812868 1
1.0725 1
1.73812 1
0.0285935 1
0.0769258 1
0.465211 1
0.184367 1
2.09456 1
0.203275 1
1.44273 1
180.894 1
1.09605 1
0.0982824 1
0.0766054 1
0.19602 1
0 1
0.104526 1
0.0698874 1
0.0922989 1
0.415753 1
0.0996145 1
1.58202 1
0.0237368 1
1.86085 1
1.56548 1
2.97931 1
0.0256234 1
0.00888677 1
0.430411 1
0.0800409 1
0.089465 1
0.309132 1
0.0399245 1
0.00929966 1
0.817555 1
0.0444363 1
0.0765258 1
0.0505683 1
0.0641132 1
0.0566528 1
0.528651 1
238.726 1
0.12583 1
0.87032 1
0.0511223 1
1.31021 1
1.7587 1
0.775316 1
4.45951 1
0.0633929 1
0.0256533 1
0.0382516 1
0.0768012 1
0.0374753 1
0.13259 1
0.062772 1
0.056405 1
2.15017 1
0.0588036 1
1.56459 1
0.114651 1
3.16939 1
0.109175 1
0.489445 1
0.0914326 1
0.330223 1
0.896273 1
0.841105 1
0.332745 1
0.0627751 1
0.114306 1
0.0199633 1
0.0686794 1
0.0376207 1
1.29606 1
0.401719 1
0.0928906 1
1.26087 1
1.30313 1
2.80833 1
0.390291 1
0.0439039 1
0.223842 1
2.51966 1
0.0705532 1
0.632304 1
1.79177 1
0.260703 1
0.0724477 1
0.0261483 1
2.01806 1
0.041438 1
1.41363 1
1.85318 1
0.0285541 1
0.0338761 1
0.0598339 1
0.494847 1
0.085461 1
0.529416 1
2.57332 1
0.535465 1
0.0350241 1
0.0948011 1
2.9663 1
0.148187 1
1.98986 1
0.0575441 1
4.1109 1
0.342589 1
1.216 1
1.36861 1
0.405451 1
0.0249627 1
0.230811 1
0.9392 1
0.974631 1
0.043514 1
1.53361 1
0.49979 1
1.81853 1
0.0964135 1
2.41875 1
0.0807229 1
0.0434708 1
0.0928017 1
0.762969 1
0.0263051 1
0.779476 1
0.060181 1
0.146552 1
0.125967 1
0.0655568 1
0.120799 1
0.0367367 1
0.0335291 1
0.765213 1
0.389012 1
0.0537345 1
0.103797 1
0.0102463 1
2.4041 1
0.0695542 1
0.356167 1
1.85819 1
0.329399 1
0.0399746 1
0.0705835 1
0.571153 1
0.102014 1
0.0489913 1
0.150456 1
1.46558 1
0.559465 1
0.0534188 1
0.130212 1
12.5891 1
0.050526 1
0.137331 1
0.0132722 1
0.0472047 1
0.0579587 1
0.17095 1
0.0465647 1
4.58904 1
0.0941382 1
1.84612 1
0.0209508 1
0.0913176 1
0.276703 1
196.889 1
0.0622932 1
2.90408 1
0.835511 1
0.0696794 1
194.955 1
0.0734165 1
1.1948 1
0.757275 1
0.0212397 1
4.43895 1
0 1
0.394206 1
0.0207584 1
1.66055 1
0.87011 1
0.0428655 1
0.485383 1
0.0879638 1
0.0488345 1
1.231 1
0.732368 1
0.0639139 1
5.45926 1
0.0193075 1
1.52052 1
0.633742 1
0.649587 1
0.0261314 1
0.0652626 1
0.0882142 1
0.084001 1
0.101954 1
1.60871 1
0.0809106 1
0.0687553 0
0.0435574 0
0.0310283 0
0.0335849 0
0.0559831 0
0.127143 0
0.0101017 0
0 0
0.0227281 0
0.0255392 0
0.0698856 0
0.112874 0
0.116704 0
0.0885946 0
0.0472061 0
0.068704 0
0.0427693 0
2.10169 0
2.78844 0
0.159784 0
0.114795 0
0.579125 0
0.0340286 0
0.0737927 0
0.681947 0
0.861811 0
0.0719579 0
0.0679693 0
0.0394657 0
0.0853743 0
0.0766558 0
0.0526045 0
0.0321597 0
0.88719 0
0.0307917 0
0.164637 0
0.0779422 0
0.0794681 0
0.124151 0
0.0347469 0
0.174275 0
0.0419039 0
0.0907046 0
0.226826 0
0.0952268 0
0.0493136 0
0.0215314 0
0.0561108 0
0.746974 0
0.0710109 0
0.0246009 0
0.566806 0
0.0274581 0
0.0484564 0
0.0621278 0
0.0723079 0
0.982626 0
0.0484667 0
0.0522894 0
0.0542075 0
0.0250081 0
0.0250148 0
0.102258 0
0.109457 0
0.0641488 0
3.14912 0
0.0964942 0
0.0807141 0
0.069618 0
0.832988 0
2.74064 0
0.0633929 0
0.0396316 0
0.0929899 0
0.0595945 0
0.0877101 0
0.0497547 0
0.0751875 0
0.0598765 0
13.827 0
0.0324427 0
0.00866667 0
0.0536234 0
0.0292378 0
0.0502759 0
0.127523 0
0.0254644 0
0.0542756 0
1.28126 0
0.747748 0
0.0440068 0
0.037607 0
0.0600581 0
0.0181052 0
0.0486754 0
0.0639634 0
0.045415 0
0.134728 0
0.0641201 0
0.0763984 0
0.0907855 0
1.62931 0
0.248602 0
0.0287894 0
0.0721881 0
0.136713 0
0.892302 0
0.0145419 0
0.106955 0
0.0420694 0
0.54249 0
0.0925721 0
0.0619324 0
3.98865 0
0.0439044 0
0.0189117 0
0.00942994 0
0.3689 0
0.0510887 0
0.0864845 0
0.0171435 0
1.65618 0
0.108847 0
0.0457913 0
0.840879 0
0.043473 0
0.0321246 0
0.0292716 0
1.39907 0
0.0892951 0
0.113564 0
0.934129 0
0.409031 0
0.0381443 0
0.0552484 0
0.0722568 0
0.0452429 0
0.26057 0
0.045518 0
0.0452901 0
0.172182 0
1.0672 0
0.0336414 0
0.0329769 0
0.041466 0
0.0497157 0
0.0429033 0
0.0496763 0
0.0389386 0
0.475558 0
0.106549 0
0.0746104 0
0.0693393 0
0.0574169 0
0.764965 0
0.0152669 0
0.0400491 0
0.0469435 0
0.251144 0
0.35417 0
0.093435 0
0.0623568 0
0.0596066 0
0.0123333 0
0.0316514 0
0.0110598 0
0.0348889 0
0.598253 0
0.12435 0
0.0396078 0
0.0658043 0
0.0487236 0
0.0462072 0
0.0511971 0
0.0762878 0
0.0903777 0
0.613299 0
0.0787413 0
0.405081 0
0.0441338 0
0.0870991 0
3.67355 0
0.0572197 0
0.0500516 0
0.235845 0
0.109383 0
0.754071 0
0.0359016 0
0.0214984 0
0.0125 0
0.093417 0
0.1579 0
0.0385513 0
0.310734 0
0.0444251 0
0.113639 0
0.0307164 0
0.0667163 0
0.0648698 0
0.029668 0
0.0482741 0
1.80562 0
0.0460301 0
0.201896 0
1.28487 0
0.0340894 0
0.048088 0
0 0
0.967903 0
0.00849533 0
0.0935169 0
0.0561005 0
0.733895 0
0.0960419 0
0.0748713 0
0.00330233 0
3.12151 0
0 0
0.422539 0
0.0463562 0
0.0432086 0
0.0561891 0
0.0510059 0
0.0430559 0
0.0495313 0
0.0780549 0
0.104293 0
1.13139 0
0.0538302 0
0.0401707 0
0.361882 0
0.0286371 0
0.389601 0
0.0901903 0
1.48155 0
0.0665691 0
0.0321784 0
0.0220707 0
0.0982075 0
0.417065 0
0.0294697 0
0.0640857 0
0.768492 0
0.157325 0
0.0230309 0
0.0802066 0
0.559123 0
0.0587016 0
0.0182594 0
0.0874737 0
0.0439685 0
0.0414997 0
0.0539839 0
0.0936471 0
2.16957 0
0.0307524 0
0.0810505 0
0.0473477 0
0.0499492 0
1.29017 0
0.0830415 0
0.25083 0
1.40942 0
0.0377187 0
0.391222 0
0.0251986 0
0.263997 0
0.0422155 0
0.0587465 0
0.0132893 0
0.0251792 0
0.0462976 0
0.0219633 0
0 0
0.0953638 0
0.102255 0
0.0682483 0
0.0346958 0
0.0803916 0
0.127114 0
0.934749 0
0.726931 0
0.910347 0
0.0421399 0
0.127109 0
0.0711015 0
0.0467364 0
0.0524585 0
0.0401056 0
0.0421318 0
0.114174 0
0.0532603 0
0.0648692 0
0.053165 0
0.152398 0
0.0835726 0
0.00704737 0
0.0589808 0
0.0483023 0
0.663337 0
0.659965 0
0.0336382 0
0.0480402 0
0.0536834 0
0.93929 0
0.0303824 0
0.0466255 0
0.0738299 0
0.0633895 0
0.0754715 0
0.0341521 0
0.0140325 0
0.0462431 0
0.0690592 0
0.0557927 0
0.018239 0
0.0408249 0
0.0700985 0
0.0407436 0
0.026632 0
1.48411 0
0.0453765 0
0.0712168 0
0.07173 0
4.24851 0
0.0238793 0
0.0243907 0
0.0409574 0
0.109378 0
0.0545143 0
1.46653 0
0.165284 0
0.0247115 0
0.0103217 0
0.0927978 0
0.00844354 0
0.0635661 0
0.0605511 0
0.046841 0
0.0862605 0
0.0378032 0
0.100923 0
0.00622999 0
0.060924 0
0.108751 0
0.0471823 0
0.0365574 0
0.0242811 0
0.0752713 0
0.0418471 0
0.0419568 0
0.0719891 0
0.0353043 0
0.141625 0
0.0196882 0
0.0301675 0
0 0
0.0343298 0
0.0118131 0
0.223111 0
0.0700086 0
0.0174527 0
0.0579753 0
0.239733 0
0.0600381 0
0.025436 0
0.0380022 0
0.0551772 0
0.0307152 0
0.0415835 0
0.0712077 0
0.0816179 0
0.196332 0
0.0142809 0
0.0958984 0
0.110327 0
0.090654 0
0.0330059 0
1.09893 0
0.11097 0
0.073127 0
0.110766 0
0.0596695 0
0.00726268 0
0.0674362 0
0.0265835 0
0.0363474 0
0.0523273 0
0.052856 0
1.5549 0
0.0293688 0
0.0327272 0
1.821 0
0.0415285 0
0.0563764 0
0.0722348 0
0.721375 0
0.0740478 0
0.0819984 0
0.0985582 0
0.0779847 0
0.0952633 0
0.048723 0
0.0258758 0
1.38595 0
0.087649 0
0.0593537 0
0.0482322 0
0.0387209 0
2.15452 0
0.149098 0
0.0406341 0
0.0172417 0
0.755779 0
0.0311567 0
0.0284381 0
0.0332126 0
0.128054 0
0.0803996 0
0.081776 0
0.0739607 0
0.0405973 0
0.0224809 0
0.0197202 0
0.0248637 0
0.800095 0
0.0396592 0
2.74089 0
0.0640777 0
0.0839935 0
0.0888143 0
0.0750244 0
0.0573647 0
0.0766224 0
0.0435378 0
0.0463441 0
0.0918612 0
0.0968497 0
0.0794374 0
0.110106 0
0.0567852 0
0.0468471 0
0.0504597 0
0.19384 0
0.0344522 0
0.0310933 0
0.128245 0
0.0119335 0
0.0514932 0
0.0384062 0
0.0832833 0
0.0860469 0
0.0182097 0
0.132898 0
1.33397 0
0.075099 0
0.0694872 0
0.0460204 0
0.0931129 0
0.0204319 0
0.0419376 0
0.026485 0
0.0475005 0
0.0898734 0
0.0934635 0
0.065614 0
0.028428 0
0.0857403 0
0.0091499 0
0.022903 0
0.0842919 0
1.25946 0
0.0419075 0
0.0407706 0
0.107685 0
0.385929 0
0.0436212 0
0.0835908 0
0.228451 0
0 0
0.050431 0
0.0598379 0
0.487588 0
0.0906148 0
0.0190081 0
0.0416821 0
0.0598133 0
0.0867194 0
0.148043 0
0.0061343 0
0.0860778 0
0.108714 0
0.0600368 0
0.64783 0
0.0476441 0
0.0579197 0
0.115165 0
0.0447279 0
0.0269249 0
0.076137 0
0.0520308 0
0.0742785 0
0.0609866 0
0.0498437 0
0.0549 0
0.0283442 0
0.0370053 0
0.0858397 0
0.0613015 0
0.740586 0
0.0601491 0
0.0444916 0
0.0457545 0
0.125811 0
0.0538023 0
0.0325553 0
0.0426004 0
2.05107 0
0.0448327 0
0.286029 0
0.0334961 0
0.166454 0
0.100986 0
1.24548 0
0.0512882 0
0.0836342 0
0.0598105 0
0.034582 0
0.0381359 0
0.069472 0
0.0777574 0
0.0413427 0
0.0648993 0
0.0114496 0
0.112526 0
0.0511999 0
0.100096 0
0.328346 0
0.0971628 0
0.0239839 0
0.055825 0
0.0533399 0
0.0682747 0
0.0555693 0
0.0598598 0
0.0519321 0
0.428829 0
0 0
0.0436195 0
0.0778893 0
0.0486711 0
0.0328109 0
0.0804141 0
0.0795138 0
0.0666189 0
0.0449239 0
0.0677678 0
0.459959 0
0.0562249 0
0.162032 0
0.0349627 0
0.0288995 0
0.0273533 0
0.661758 0
0.0504881 0
0.0127877 0
0.0301262 0
0.0728634 0
0.0729073 0
0.060982 0
0.0606959 0
0.00734737 0
0.381696 0
0.17562 0
0.0442584 0
0.0262304 0
0.0339302 0
0.0715563 0
0.0439117 0
0.0629612 0
0.043232 0
0.033557 0
0.0610803 0
1.13902 0
0.0541979 0
0.0772902 0
0.0355765 0
0.0217736 0
0.0461809 0
0.0217791 0
0.0617169 0
0.0734552 0
0.0356518 0
0.0356531 0
0.0756646 0
0.0491287 0
0.102159 0
0.0151023 0
0.0356544 0
2.12287 0
0.0692277 0
0.0177911 0
0.0408823 0
0.115841 0
2.42709 0
0.0445089 0
0.0123413 0
0.0505005 0
0.0306993 0
0.155294 0
4.1481 0
0.0332627 0
0.0331174 0
0.0179021 0
0.0582731 0
0.871935 0
0.0489711 0
0.0663261 0
0.0589965 0
0.611109 0
0.0472199 0
0.0662704 0
0.121831 0
0.582167 0
0.0931358 0
0.0581415 0
0.254004 0
0.104239 0
0.0457019 0
0.10062 0
0.0770743 0
1.39939 0
0.0514906 0
0.0484295 0
0.049132 0
0.134336 0
0.0434906 0
0.0987055 0
0.0327975 0
0.459313 0
0.0485546 0
2.6618 0
0.0334637 0
0.549411 0
0.273748 0
0.0182563 0
0.0373491 0
0.0922246 0
0.847585 0
0.0715935 0
0.155138 0
0.259449 0
0.0687512 0
0.0371587 0
0.0347228 0
0.891682 0
0.0681707 0
0.0592487 0
0.37739 0
0.0333531 0
0.0471113 0
0.133604 0
0.108084 0
