0.0375233 1
0.0949769 1
0.180271 1
0.377492 1
0.817746 1
0.0481016 1
0.0361549 1
0.696126 1
1.22939 1
1.0042 1
0.0865198 1
0.49317 1
0.676121 1
0.0397043 1
0.201092 1
1.85213 1
0.0608272 1
0.750213 1
169.305 1
7.65334 1
0.0900437 1
1.49196 1
0.0338112 1
0.304966 1
2.76117 1
0.0895305 1
0.331948 1
1.74885 1
1.07399 1
3.43162 1
0.0352163 1
0.0574602 1
0.0255897 1
1.35791 1
0.490867 1
0.0323186 1
0.153819 1
2.62209 1
2.18622 1
1.77357 1
0.415348 1
0.0790281 1
0.617612 1
0.0559512 1
0.168209 1
0.807512 1
0.0403043 1
0.0290867 1
2.19778 1
0.0349995 1
0.0703322 1
1.32084 1
0.280494 1
0.0510196 1
0.482165 1
0.124894 1
3.81321 1
0.0762881 1
2.64189 1
0.174163 1
0.066477 1
0.724122 1
0.207219 1
1.14462 1
1.83499 1
0.0939349 1
1.08016 1
0.579753 1
0.124272 1
0.308281 1
0.0919934 1
1.44843 1
0.661104 1
0.0765202 1
0.0355489 1
0.0517095 1
2.13591 1
1.05235 1
0.43965 1
0.0456375 1
1.17725 1
4.12245 1
0.54486 1
0.277126 1
4.57648 1
0.0467673 1
0.0562641 1
0.071302 1
0.166359 1
3.73429 1
0 1
2.6326 1
0.286359 1
0.0551178 1
1.86082 1
0.0671491 1
1.19974 1
0.0873541 1
0.998359 1
0.152619 1
0.0400955 1
2.1081 1
0.0738551 1
4.26853 1
1.35323 1
0.967045 1
0.0988007 1
0.338096 1
0.077988 1
0.0446099 1
0.132322 1
1.23244 1
0.0886652 1
0.0858024 1
1.06558 1
0.0848929 1
0.086114 1
1.69151 1
0.0412206 1
0.0399334 1
0.0734904 1
0.057764 1
0.0796436 1
0.397494 1
0.0648868 1
0.0630044 1
0.0674221 1
2.80795 1
1.18903 1
0.0507831 1
0.114342 1
0.328089 1
0.11814 1
1.54089 1
1.69941 1
0.538902 1
0.475588 1
0.0827055 1
2.38328 1
3.23036 1
0.0447954 1
6.29585 1
0.0301125 1
0.423781 1
0.0692577 1
0.0837914 1
0.275407 1
0.0598277 1
0.0337285 1
0.0820535 1
1.11692 1
0.147162 1
0.103528 1
0.105331 1
0.135161 1
1.03159 1
0.101474 1
0.0506536 1
0.0315563 1
0.0173456 1
0.111135 1
0.939769 1
0.235679 1
0.14562 1
0.616584 1
1.04168 1
0.510739 1
1.69794 1
1.29288 1
0.0332414 1
0.961074 1
0.0417737 1
0.0588143 1
0.164243 1
4.42338 1
0.0559808 1
0.566934 1
2.20799 1
0.963603 1
0.83878 1
0.0589255 1
2.99695 1
0.056473 1
0.0738573 1
0.103329 1
0.333432 1
0.419268 1
1.49208 1
2.95691 1
2.11765 1
0.048981 1
2.5011 1
0.0513793 1
0.0274896 1
0.0169656 1
0.21368 1
3.78471 1
0.901078 1
0.22092 1
0.0903406 1
1.77517 1
2.61226 1
0.0871119 1
0.384551 1
0.303097 1
1.05268 1
0.818933 1
0.803818 1
4.02091 1
1.16962 1
2.31793 1
0.340484 1
2.24477 1
6.3278 1
0.0414304 1
1.80981 1
0.459788 1
0.0605016 1
1.36537 1
0.32375 1
0.396931 1
0.0464955 1
0.151504 1
0.0579461 1
1.07593 1
0.111174 1
1.17488 1
6.96408 1
0.0435965 1
0.122607 1
0.6608 1
1.85657 1
0.783097 1
0.0206234 1
0.0570314 1
0.886002 1
0.0217846 1
0.0217134 1
0.965756 1
2.26275 1
0.772921 1
1.01832 1
0.862984 1
0.0704796 1
1.60209 1
1.72129 1
0.657338 1
0.796133 1
0.0387701 1
0.435242 1
0.0450505 1
0.602416 1
0.780929 1
1.23402 1
0.638968 1
7.00672 1
0.0478236 1
0.090719 1
0.595692 1
0.339723 1
0.0231347 1
0.0738961 1
0.102099 1
0.151206 1
0.113065 1
0.0844554 1
0.0260806 1
1.40778 1
3.67693 1
1.80987 1
3.86938 1
0.0674984 1
0.0722023 1
1.01515 1
0.0917086 1
1.31177 1
0.108605 1
0.0465771 1
0.0985962 1
0.0478066 1
1.12995 1
0.103954 1
1.90689 1
0.418945 1
0.07375 1
0.0786372 1
0.0542122 1
1.4503 1
0.0211289 1
0.042342 1
0.0739735 1
0.0387462 1
0.0656713 1
0.0696939 1
1.23344 1
0.038814 1
0.0196409 1
0.0534717 1
0.0508391 1
0.249879 1
0.199683 1
0.223348 1
0.770715 1
0.0743485 1
0.0279503 1
0.486019 1
2.36711 1
0.246091 1
0.0598233 1
0.452862 1
0.605704 1
3.65413 1
0 1
0.0654677 1
0.0695236 1
0.0575202 1
0.631809 1
0.0435767 1
0.0522375 1
2.30865 1
0.0285488 1
0.237316 1
0.426855 1
0.0867905 1
0.0384161 1
0.41851 1
0.0597885 1
3.34407 1
3.58064 1
1.00536 1
2.15047 1
0.0351621 1
0.0576142 1
0.0939597 1
0.498504 1
0.290967 1
0.0494939 1
0.0357988 1
199.626 1
0.0327781 1
1.42111 1
1.56169 1
0.0837131 1
1.13892 1
0.136844 1
0.095635 1
0.0376668 1
1.34418 1
3.07061 1
0.053184 1
2.66503 1
0.44539 1
0.129959 1
0.0620469 1
0.356508 1
0.326502 1
0.221903 1
1.40216 1
2.40282 1
0.0523405 1
0.492995 1
0.0384379 1
1.83397 1
0.0572522 1
2.43846 1
0.03751 1
0.106209 1
0.0442156 1
0.101544 1
0.015089 1
0.506242 1
0.925945 1
1.03361 1
0.093229 1
0.0104032 1
5.53194 1
0.0479542 1
0.317075 1
0.0529738 1
0.00898638 1
0.0262845 1
0.0207341 1
0.233139 1
1.64136 1
1.86233 1
0.859159 1
0.703037 1
0.0183484 1
0.038847 1
0.355579 1
4.03901 1
0.0502831 1
0.0417392 1
0.822279 1
0.698659 1
0.783923 1
1.30502 1
0 1
0.00845592 1
0.0614585 1
0.0258298 1
0.125614 1
7.10198 1
1.56369 1
203.174 1
0.954657 1
0.00942029 1
0 1
0.603735 1
0.400239 1
0.0643295 1
0.558775 1
1.24185 1
0.189014 1
0.0351485 1
0.0179044 1
0.122578 1
0.577959 1
0.0867087 1
0.700338 1
0.306133 1
0.0420568 1
0.028154 1
0.550317 1
0.489363 1
10.1537 1
3.59899 1
0.0673645 1
0.212894 1
0.0274145 1
0.04376 1
0.026645 1
0.736815 1
0.0908553 1
0.806438 1
0.0750668 1
1.19484 1
0.0259599 1
4.49801 1
0.036662 1
0.0314268 1
1.24499 1
0.0571217 1
2.45565 1
1.55711 1
5.65541 1
0.251938 1
0.15086 1
1.2716 1
0.0778056 1
5.95504 1
3.6398 1
1.32357 1
0.0364633 1
2.93374 1
0.0643525 1
0.0616345 1
0.829642 1
0.0579642 1
0.338572 1
0.147207 1
0.110979 1
0.909464 1
0.029634 1
0.0568387 1
0.0537849 1
0.0587866 1
1.00334 1
0.112864 1
0.20956 1
0.124709 1
0.828287 1
0.0600382 1
1.68255 1
1.11205 1
0.0390631 1
0.0147431 1
0.0196143 1
0.0269357 1
0.415505 1
2.73951 1
0.0809527 1
0.102998 1
0.0963072 1
0.00579534 1
3.71699 1
0.00803092 1
0.103037 1
1.24731 1
0.0698096 1
0.0532116 1
0.0444607 1
0.00444399 1
2.97226 1
0.123593 1
0.277293 1
0.664088 1
0.492701 1
0.304918 1
0.882397 1
0.154483 1
0.0963763 1
0.100349 1
0.764055 1
0.0653782 1
0.0381003 1
0.172338 1
1.55115 1
0.0238638 1
0.0993341 1
0.765181 1
0.745771 1
2.79698 1
2.45211 1
0.00651024 1
1.86265 1
0.963111 1
0.844618 1
0.720963 1
0.0697215 1
0.0297672 1
0 1
0.0335382 1
0.0357238 1
0.506633 1
0.670829 1
0.0353865 1
0.0518999 1
0.752195 1
0.621475 1
0.240899 1
7.05151 1
0.053336 1
3.20972 1
2.53094 1
1.14764 1
0.7823 1
0.0685972 1
0.634748 1
2.49437 1
0.0535948 1
0.194741 1
0.0854041 1
0.813652 1
2.3236 1
0.0423764 1
4.41497 1
0.159003 1
0.26723 1
0.401892 1
0.0194943 1
3.93228 1
0.00968881 1
0.465722 1
0.0225139 1
0.508601 1
0.0325697 1
0.257218 1
5.77941 1
0.395728 1
0.0942629 1
1.33891 1
0.979505 1
0.0492604 1
0.13054 1
0.0580112 1
0.623883 1
0.0468831 1
1.09332 1
0.318467 1
1.5043 1
0.0742171 1
2.3524 1
0.0412017 1
0.0847033 1
0.0238615 1
0.59916 1
0.505553 1
0.0563748 1
0.194196 1
0.0919119 1
0.0844767 1
0.097733 1
0.0792945 1
0.0702866 1
0.0452879 1
0.0967287 1
0.215037 1
0.0902964 1
5.28182 1
0.252763 1
1.40448 1
2.90192 1
0.523672 1
3.08884 1
0.0441219 1
0.496333 1
0.0126447 1
0.0498504 1
0.0862804 1
2.19211 1
0.98846 1
0.0507615 1
0.977119 1
0.0631116 1
0.0545442 1
0.339853 1
0.0617186 1
0.188658 1
3.50826 1
0.0673617 1
1.34891 1
0.0587746 1
1.0669 1
0.845897 1
0.0534209 1
0.318154 1
0.341342 1
0.0908862 1
0.0185104 1
3.55845 1
0.290465 1
0.0376271 1
0.0909037 1
0.0435627 1
0.300767 1
0.036987 1
0.974278 1
0.0997342 1
0.0756968 1
3.30736 1
0.114217 1
0.132222 1
0.0793642 1
0.110845 1
4.0615 1
0.0589256 1
0.85205 1
0.26485 1
0.00143084 1
0.042724 1
0.0652218 1
0.0653616 1
0.0234338 1
0.813181 1
0.723763 1
0.0315441 1
0.687936 1
0.19552 1
0.0807075 1
0.669816 1
0.477691 1
0.0409476 1
0.0392937 1
0.0232802 1
0.0691562 1
0.233992 1
0.0453691 1
0.0594645 1
0.0610351 1
0.157094 1
0.112477 1
0.497829 1
1.01296 1
2.30057 1
0.0418188 1
0.095985 1
0.669023 1
0.0674642 1
0.11186 1
0.560356 1
0.027695 1
1.71705 1
0.073363 1
0.0926029 1
0.99388 1
0.488536 1
0.0441897 1
0.834444 1
0.0193043 1
0.224185 1
1.50058 1
0.0960432 1
0.054158 0
0.252725 0
0.06595 0
0.0910616 0
0.064117 0
0.0393235 0
0.0579742 0
0.00582607 0
0.117987 0
0.032317 0
2.86566 0
0.0496195 0
0.172611 0
0.129211 0
0.0220207 0
0.0818224 0
0.0785882 0
0.0892001 0
0.0284939 0
0.0762632 0
0.0548729 0
0.0426256 0
1.15414 0
0.0475535 0
0.0735272 0
0.112848 0
0.078245 0
0.00904801 0
0.0561089 0
0.0672088 0
0.0938273 0
0.0220721 0
0.075982 0
0.0510514 0
0.0882079 0
0.109728 0
0.0424199 0
0.120992 0
0.0562833 0
0.0646647 0
0.0563156 0
0.0989706 0
0.361774 0
0.0136977 0
0.0752416 0
0.0132653 0
0.0179547 0
0.0588351 0
0.0470505 0
0.123977 0
0.0590985 0
0.0262343 0
0.0681581 0
0.03704 0
0.0201683 0
0.0826429 0
0.134281 0
0.0859282 0
0.84025 0
0.0651769 0
0.135051 0
0.0604521 0
0.172929 0
0.0155366 0
0.0378151 0
0.0566973 0
0.0783051 0
0.0486987 0
0.0485096 0
0.0272324 0
0.0375868 0
0.0445336 0
0.0469658 0
0.0226369 0
0.00667149 0
0.696921 0
0.0460822 0
0.0397025 0
0.0590666 0
0.419265 0
3.83873 0
0.0846281 0
0.068719 0
0.0369945 0
0.4452 0
0.0401621 0
0.101864 0
0.0334484 0
1.66882 0
0.0587498 0
0.197715 0
0.0263169 0
0.0412138 0
0.020837 0
0.0864198 0
0.0440983 0
0.0655467 0
0.0116119 0
1.80916 0
0.650715 0
0.125848 0
0.0390665 0
0.0451546 0
0.0736256 0
0.0388323 0
0.0599371 0
0.0496731 0
0.026986 0
0.0602959 0
0.0499405 0
0.0180556 0
0.430798 0
0.0528338 0
0.104078 0
0.0648327 0
0.071136 0
0.0671241 0
0.0271041 0
0.0551024 0
0.0773278 0
0.0695252 0
0.102708 0
0.0707519 0
0.0937993 0
0.0221669 0
0.0127324 0
2.73411 0
0 0
0.0616093 0
0.0876904 0
0.0306287 0
0.297194 0
0.0769205 0
0.0681042 0
0.0123852 0
0.0282609 0
0.0907564 0
0.0245148 0
0.0435097 0
0.156497 0
0.00268644 0
0.0766497 0
0.111264 0
0 0
2.544 0
0.0738744 0
0.0289416 0
2.66092 0
0.0524212 0
0.0384785 0
0.0375567 0
0.0731848 0
0.0681609 0
0.0175032 0
0.0709334 0
0.0376588 0
0.00268531 0
0.380791 0
0.0605014 0
0.255932 0
0.404364 0
0.0771867 0
0.0636045 0
0.00280899 0
0.0402818 0
0.0476137 0
0.0404336 0
0.156225 0
0.189063 0
0.0642721 0
0.0963045 0
0.0349286 0
0.163308 0
0.0774645 0
0.0614835 0
0.0634128 0
0.0612877 0
0.0867692 0
0.611304 0
0.0694018 0
0.0645845 0
0.0190692 0
0.167725 0
0.063746 0
1.63299 0
0.118523 0
0.0617424 0
0.0643118 0
0.834806 0
0.0358302 0
1.79082 0
0.0542173 0
0.0774899 0
0.013491 0
0.083715 0
0.105513 0
0.584866 0
0.292291 0
0.0815347 0
0.263966 0
0.0893866 0
0.0192373 0
0.163977 0
0.0226023 0
0.08779 0
1.10446 0
0.164604 0
0.0483646 0
0.0395278 0
0.790984 0
0.0268068 0
0.719791 0
0.100742 0
0.0756985 0
0.0364807 0
0.00774496 0
0.0544622 0
0.0692761 0
0.112632 0
0.0250204 0
0.13026 0
0.135373 0
0.0418043 0
0.111145 0
0.53712 0
0.0576132 0
0.043255 0
0.0459406 0
0 0
0.0750223 0
2.46916 0
0.0438806 0
0.149804 0
0.0249232 0
0.0807227 0
0.236092 0
0 0
0.038737 0
0.0321114 0
0.0480743 0
0.113144 0
1.29883 0
0.762568 0
0.0475723 0
0.119759 0
0.0675812 0
0.0111689 0
0.0390898 0
0.0935537 0
0.0444561 0
0.0606279 0
0.0248883 0
0.00976487 0
0.0352092 0
3.10958 0
0.0199572 0
0.807008 0
0.80358 0
0.0364734 0
3.67067 0
0.0560472 0
0.0147593 0
0.0301109 0
0.027191 0
0.375154 0
0.0505219 0
0.0397163 0
0.0561484 0
0.0941387 0
0.0194394 0
0.0553113 0
0.068457 0
0.0711023 0
0.0369946 0
0.024919 0
0.0314206 0
0.0667491 0
0.304084 0
0.0644694 0
0.0193532 0
0.109628 0
0.089895 0
0.063118 0
0.0260108 0
0.00446539 0
0.0507297 0
0.0597036 0
0.068349 0
0.0343543 0
0.0832159 0
0.0983242 0
0.0423454 0
0.0248403 0
0.0240411 0
0.0140335 0
0.0844287 0
0.0433553 0
0 0
0.0255834 0
0.0424479 0
0.0331984 0
0.0781723 0
0.0588588 0
0.237318 0
0.0290239 0
0.0415323 0
0.0573237 0
0.0468815 0
0.0393776 0
0.697776 0
0.00796317 0
0.011651 0
0.0301328 0
0.0401986 0
0.0239816 0
0.0448547 0
0.100596 0
0.055477 0
0.079003 0
0 0
0.0619151 0
0.0257692 0
0.0702367 0
0.0403159 0
0.00492825 0
0.0181376 0
0.138247 0
0.0971435 0
0.599651 0
0.155704 0
0.0585295 0
0.0139984 0
0.0865909 0
0.0273555 0
0.241597 0
0.427783 0
0.0681738 0
0.0289273 0
0.0673728 0
0.0316175 0
0.108363 0
0.0481771 0
0.689291 0
0.0835193 0
0.836816 0
0.00263505 0
0 0
0.0553434 0
0.053052 0
0.0657993 0
0.0651 0
0.0151797 0
0.0476681 0
0.0526012 0
0.024377 0
0.0698798 0
0.823859 0
0.134977 0
0.0171503 0
0.0203706 0
1.26364 0
0.0802995 0
0.0525955 0
0 0
0.0665167 0
0.484804 0
0.251644 0
0.0806607 0
0.275475 0
0.0282832 0
1.28142 0
0.0232724 0
0.103448 0
0.0311652 0
0.0644225 0
0.102035 0
0.0409875 0
0.378517 0
0.303258 0
0.0631157 0
4.16663 0
0.041453 0
0.0876664 0
0.107407 0
0.0862509 0
0.045892 0
0.020415 0
0.0675973 0
0.0176056 0
1.101 0
0.0439398 0
1.1022 0
0.0431855 0
0.0192351 0
0.54706 0
0.067539 0
0.091149 0
0.0693989 0
0.0534213 0
0.0531863 0
0.0724125 0
0.00767974 0
0.0743423 0
0.0590374 0
0.48425 0
0.0456257 0
0.102033 0
0.0825447 0
0.101753 0
0.112256 0
0.0992612 0
0.54032 0
0.0273971 0
0.012842 0
0.0536527 0
0.0572141 0
0.0387089 0
0.0813199 0
0.0834547 0
0.0508557 0
0.0469398 0
0.107507 0
0.0407822 0
0 0
0.686825 0
0.84103 0
0.0363029 0
0 0
0.0197279 0
0.0716612 0
0.120275 0
0.100396 0
0.103116 0
0.00842929 0
0.0599173 0
0.0254882 0
0.026599 0
0.103884 0
0.0541911 0
0.0485325 0
0.0339106 0
0.0597197 0
0.0186299 0
0.260101 0
0.0947331 0
0.0591578 0
0.0949567 0
0.0177492 0
0.0373577 0
1.63273 0
0.157987 0
0.0840472 0
0.0592659 0
0.0794444 0
0.0684455 0
0.0273797 0
0.0303845 0
0.0544583 0
0.0367493 0
0.00543009 0
0.0888746 0
0.0271633 0
0.0618315 0
0.0304414 0
0.0608091 0
0.230915 0
0.0233826 0
0.113788 0
0.0576423 0
0.351516 0
0.0319589 0
0.0180396 0
0.0217207 0
0.0301084 0
0.45993 0
0.0651091 0
0.0136364 0
1.23395 0
0.022071 0
1.22783 0
0.0169374 0
0.289989 0
0.331153 0
0.0255116 0
0.100238 0
0.073953 0
0.719847 0
0.0885701 0
0.0655956 0
0.0700166 0
0.0440364 0
0.331536 0
0.0463816 0
0.0792639 0
0.0583185 0
0.0843762 0
0.0449807 0
0.0536922 0
0.095281 0
0.0474684 0
0.0692792 0
1.91901 0
0.0343591 0
0.0123046 0
0.090544 0
0.0433194 0
1.73952 0
0.0141625 0
0.0318658 0
0.533644 0
0.0270378 0
0.146572 0
0.045533 0
0.382026 0
0.0440288 0
0.0568866 0
1.18836 0
0.0979203 0
1.77176 0
0.0302756 0
0.0542942 0
0.0197392 0
0.0506096 0
0.051498 0
0.00183121 0
0.0076544 0
0.0147932 0
0.0179523 0
0.126024 0
0.10276 0
0.0327032 0
0.0544463 0
0.0774827 0
0.133284 0
0.0841703 0
0.036095 0
0.0532077 0
0.0448793 0
0.0546554 0
0.0531272 0
0.0801034 0
0.0904142 0
0.0463696 0
0.0768941 0
0.0543139 0
0.120423 0
0.0438658 0
0.0627905 0
0.0398856 0
0.0214743 0
0.0499833 0
0.0150941 0
0.0408499 0
0.408543 0
0.0312787 0
0.0531767 0
0.0621275 0
0.0398105 0
0.0561725 0
0.159242 0
0.0661707 0
2.73141 0
0.0128322 0
0.928339 0
0.092566 0
0.0654107 0
0.0560019 0
0.0201784 0
0.053359 0
2.66893 0
0.845702 0
0.0767162 0
1.07196 0
0.0666718 0
0.0332572 0
0.0436813 0
0.103652 0
0.101468 0
0.0606229 0
0.0769292 0
0.057008 0
0.0734522 0
0.0553587 0
0.0208224 0
0.0533925 0
0.0379247 0
0.0392565 0
0.0467349 0
0.0384986 0
0.739597 0
0.0983704 0
0.0895579 0
0.128084 0
0.0617155 0
0.0520382 0
0.0527417 0
0.0700931 0
1.52338 0
0.310121 0
0.0407199 0
5.01215 0
0.0529685 0
0.116437 0
0.172258 0
0.0469289 0
0.214347 0
0.0550429 0
0.023639 0
0.344758 0
0.0610268 0
0.226814 0
0.101999 0
0.0622521 0
0.615027 0
0.0194097 0
0.497791 0
0.434312 0
0.0187974 0
0.572034 0
0.0188046 0
0.0817441 0
0.00207578 0
0.0678735 0
0.172316 0
0.0596114 0
0.449467 0
0.0546511 0
0.0163879 0
0.0673173 0
0.0520249 0
0.06802 0
0.528973 0
1.56094 0
0.34182 0
0.0330136 0
0.0914868 0
0.0372968 0
0.120307 0
0.12136 0
4.20035 0
0.0816544 0
0.0116295 0
0.0379287 0
0.0698792 0
0.0592893 0
0.0902561 0
0.0401411 0
1.0196 0
0.0494781 0
0.0303977 0
0.0915771 0
0.0426501 0
0.0389614 0
0.033771 0
0.189716 0
0.0334411 0
0.0857807 0
0.0252525 0
0.0568072 0
0.0496538 0
0.0117399 0
0.0437719 0
0.06399 0
0.0400973 0
0.0191505 0
0.0574888 0
0.0271283 0
1.08992 0
0.107759 0
0.0237449 0
0.0784191 0
0.125034 0
0.239234 0
0.0497323 0
1.40729 0
0.033559 0
2.38303 0
0.0207834 0
0.044022 0
0.00303398 0
0.0545785 0
0.0566606 0
0.262309 0
0.0597242 0
0.0706509 0
