1.05702 1
2.56194 1
0.338965 1
1.2944 1
0.71825 1
0.205169 1
1.17175 1
2.38062 1
0.184155 1
0.111557 1
0.980845 1
1.20124 1
0.342985 1
0.234931 1
0.348404 1
1.73317 1
4.31978 1
1.44346 1
0.188083 1
0.216669 1
0.261365 1
2.14594 1
4.9624 1
0.0700545 1
1.59602 1
0.0989427 1
0.281844 1
0.463755 1
0.183051 1
0.725965 1
3.92361 1
0.289558 1
0.864398 1
0.235381 1
1.85431 1
35.2325 1
0.572152 1
1.00501 1
1.08134 1
0.659048 1
12.6661 1
0.268877 1
1.18856 1
0.499 1
1.34274 1
1.68156 1
2.22228 1
0.803369 1
0.330901 1
1.2637 1
3.57762 1
3.93227 1
1.27822 1
1.58976 1
0.716584 1
4.74421 1
0.451737 1
1.50028 1
0.956952 1
2.59716 1
0.643892 1
0.479563 1
2.69826 1
0.974086 1
5.29753 1
0.255878 1
2.86421 1
1.79139 1
0.167808 1
0.817683 1
0.226938 1
0.481764 1
0.529957 1
0.464513 1
0.374742 1
0.0295537 1
0.234015 1
1.09923 1
40.6895 1
0.48985 1
1.57278 1
0.0657212 1
0.649405 1
0.20296 1
0.162525 1
0.163897 1
0.843658 1
0.479947 1
0.093212 1
0.514184 1
88.8956 1
0.185866 1
0.93329 1
1.44661 1
0.628263 1
0.206719 1
1.91693 1
2.42435 1
0.268442 1
0.110606 1
2.64735 1
0.113854 1
0.345332 1
2.09104 1
1.04242 1
3.14149 1
0.806972 1
1.30696 1
0.238894 1
0.342131 1
0.421405 1
0.93369 1
2.19636 1
0.705311 1
0.929466 1
0.482434 1
1.94135 1
1.2841 1
1.27195 1
0.256618 1
0.205302 1
1.08742 1
0.10553 1
2.39042 1
1.74506 1
1.11255 1
1.61629 1
1.26313 1
0.267732 1
0.288246 1
0.829726 1
0.426342 1
0.577863 1
1.50376 1
7.60971 1
0.170443 1
0.238009 1
0.48087 1
5.13212 1
0.557952 1
0.192491 1
0.0755257 1
0.335312 1
0.18822 1
1.2212 1
0.616158 1
0.564477 1
0.190964 1
0.398179 1
2.21695 1
1.37418 1
0.631009 1
1.98139 1
1.94913 1
1.99444 1
0.341094 1
1.6135 1
0.525404 1
0.72531 1
2.44732 1
2.05525 1
0.185236 1
0.85397 1
2.537 1
0.241673 1
0.411558 1
0.109496 1
1.13991 1
0.406019 1
0.0307212 1
0.258585 1
1.83635 1
0.333964 1
0.793744 1
0.467549 1
0.795911 1
194.707 1
1.57815 1
0.113889 1
0.373574 1
0.310038 1
190.434 1
5.02495 1
2.27441 1
0.466168 1
1.15673 1
0.568156 1
0.42913 1
2.53867 1
0.307884 1
2.44397 1
0.0965687 1
2.29633 1
0.99427 1
0.641982 1
0.318271 1
2.51185 1
1.84858 1
0.138552 1
0.706547 1
0.867405 1
0.907765 1
1.19047 1
2.51568 1
1.51684 1
0.234964 1
2.46916 1
0.399868 1
12.8517 1
0.880782 1
1.6724 1
0.132998 1
0.0199893 1
1.38448 1
1.2993 1
0.74595 1
1.1618 1
0.279263 1
0.342148 1
2.07852 1
0.0559349 1
1.18924 1
4.23237 1
0.760812 1
0.96471 1
0.488905 1
0.270048 1
0.550029 1
3.06975 1
2.00061 1
1.93059 1
0.239959 1
1.37382 1
0.149576 1
0.715349 1
0.185907 1
0.2972 1
1.41481 1
0.349204 1
0.648087 1
0.262523 1
0.72548 1
0.154545 1
1.29208 1
0.0281308 1
0.811316 1
0.38295 1
0.360334 1
0.636668 1
0.620395 1
0.556579 1
2.33936 1
0.792847 1
0.524282 1
0.230381 1
0.368875 1
5.65064 1
0.196656 1
0.275813 1
1.24753 1
0.470957 1
0.400803 1
2.0465 1
2.22922 1
0.370127 1
0.14978 1
1.46124 1
0.257149 1
2.19306 1
1.34913 1
0.613182 1
0.937975 1
0.717267 1
6.83531 1
3.3404 1
1.37301 1
0.456296 1
0.786744 1
0.0887351 1
3.17613 1
0.152624 1
0.205547 1
0.932197 1
0.775337 1
1.39319 1
188.659 1
0.189589 1
1.0825 1
0.980545 1
0.376943 1
0.927481 1
1.89087 1
1.01352 1
5.58009 1
0.227096 1
2.32686 1
0.45717 1
2.8169 1
4.07679 1
1.58172 1
3.40677 1
0.30398 1
2.90034 1
3.26404 1
0.973512 1
0.150184 1
0.105443 1
0.548405 1
6.91172 1
0.791188 1
2.35134 1
0.93827 1
0.401257 1
0.0457866 1
0.646061 1
0.576667 1
0.175357 1
0.572504 1
4.35549 1
1.91309 1
2.0193 1
0.361181 1
0.474374 1
0.555586 1
0.739414 1
1.6905 1
4.72231 1
0.326788 1
1.6423 1
0.176155 1
1.90699 1
1.31541 1
0.390197 1
1.83855 1
0.552986 1
1.16829 1
2.32909 1
3.67531 1
0.268444 1
1.11304 1
0.781864 1
2.99198 1
0.583332 1
2.55179 1
0.310636 1
1.86637 1
1.47984 1
1.91717 1
0.953788 1
0.661129 1
0.906306 1
0.446323 1
0.131776 1
0.143038 1
0.204478 1
0.170638 1
2.01592 1
0.187082 1
0.288871 1
0.127906 1
1.83674 1
5.64442 1
3.30956 1
0.557805 1
1.36062 1
0.387635 1
3.05703 1
1.34546 1
0.610096 1
0.130447 1
1.43071 1
0.397062 1
202.696 1
0.729282 1
1.54017 1
0.786865 1
1.07238 1
0.44537 1
1.68878 1
0.662833 1
1.67367 1
0.0670621 1
0.127906 1
0.94923 1
0.300731 1
1.42959 1
0.267211 1
1.53389 1
2.13743 1
0.933941 1
0.152601 1
0.162632 1
1.05006 1
0.995064 1
1.33718 1
0.220457 1
2.01226 1
6.14465 1
1.56644 1
1.82247 1
0.0777475 1
0.528649 1
0.290542 1
2.83842 1
1.34218 1
2.00984 1
0.855254 1
1.00327 1
1.32343 1
0.774564 1
0.979931 1
0.0208233 1
0.137659 1
8.59078 1
0.0993712 1
6.14134 1
0.0652533 1
0.348262 1
0.180465 1
0.0626041 1
0.94189 1
4.40189 1
0.69895 1
1.23285 1
1.68869 1
0.749235 1
3.86604 1
0.598518 1
55.9642 1
0.167185 1
0.953977 1
0.308593 1
0.64249 1
0.531438 1
1.1089 1
0.509937 1
0.949179 1
1.60206 1
0.222825 1
0.214292 1
1.1739 1
0.16568 1
0.674745 1
0.10614 1
0.218132 1
1.77575 1
2.71873 1
0.493217 1
0.15521 1
0.118138 1
0.622688 1
1.69823 1
1.25141 1
3.20578 1
0.476871 1
7.52177 1
0.341289 1
0.233115 1
0.556392 1
3.23454 1
0.668886 1
0.532735 1
1.64014 1
1.70495 1
1.13115 1
0.649019 1
24.8219 1
0.888501 1
2.32737 1
0.967735 1
0.56358 1
0.686804 1
1.07818 1
0.477509 1
2.26708 1
0.445666 1
1.03607 1
17.889 1
0.446608 1
2.45942 1
204.898 1
1.1174 1
1.79393 1
0.310306 1
0.269428 1
0.440934 1
0.482058 1
0.415239 1
0.677852 1
0.801123 1
0.904319 1
1.51056 1
0.106925 1
0.343525 1
0.0171689 1
0.125423 1
0.167657 1
0.553009 1
0.127194 1
0.14671 1
0.748741 1
2.88168 1
3.4367 1
1.09084 1
0.648246 1
0.817085 1
2.14849 1
4.33845 1
6.42344 1
0.488726 1
2.06058 1
0.408796 1
0.131473 1
0.243261 1
0.331719 1
1.72961 1
3.9138 1
0.149333 1
1.70846 1
0.901234 1
0.118137 1
0.826255 1
0.699746 1
2.14288 1
0.110157 1
2.678 1
1.92326 1
6.92336 1
0.914092 1
0.112758 1
0.248376 1
0.705869 1
0.0655089 1
4.91255 1
0.106046 1
3.47685 1
0.719242 1
0.112933 1
2.09131 1
0.261784 1
2.00436 1
1.0763 1
0.278828 1
1.85237 1
3.01121 1
2.74557 1
0.385269 1
0.458498 1
0.905693 1
1.56563 1
0.311303 1
0.215207 1
0.83148 1
0.235174 1
2.67761 1
1.58739 1
0.668483 1
0.137181 1
2.24327 1
0.646547 1
0.626193 1
0.571396 1
1.31438 1
0.364177 1
1.34399 1
0.579041 1
2.37859 1
0.536702 1
1.04218 1
1.16731 1
0.733289 1
0.175579 1
0.583415 1
1.09039 1
1.4176 1
0.299122 1
1.23136 1
0.820806 1
0.0419731 1
0.694576 1
4.72506 1
0.523615 1
15.5884 1
4.45517 1
2.64397 1
0.568189 1
0.957725 1
0.84973 1
2.35624 1
0.725229 1
1.08889 1
0.879009 1
0.678961 1
1.45309 1
0.525543 1
0.339861 1
0.526854 1
1.05825 1
0.513596 1
1.19105 1
1.68902 1
1.51645 1
1.03738 1
2.01813 1
0.928479 1
7.14899 1
0.520451 1
1.04587 1
2.48949 1
1.7391 1
1.03467 1
0.188684 1
2.13843 1
0.187815 1
1.23295 1
1.50364 1
1.50195 1
0.241093 1
0.358569 1
5.06125 1
6.01159 1
0.838205 1
2.10235 1
0.700112 1
0.662224 1
0.122056 1
0.749845 1
1.3893 1
0.37 1
0.108253 1
0.21659 1
1.25291 1
0.805553 1
2.44397 1
1.50376 1
7.05302 1
1.98426 1
0.14379 1
5.35348 1
1.89787 1
2.38457 1
0.45702 1
1.59796 1
1.47322 1
0.324129 1
7.06691 1
0.164665 1
5.35298 1
0.128592 1
1.6419 1
0.137847 1
0.634787 1
0.966032 1
0.480043 1
0.347212 1
1.61001 1
0.189079 1
1.48938 1
2.0235 1
2.11356 1
0.869977 1
0.892106 1
0.739443 1
1.75861 1
0.25474 1
1.55703 1
1.04966 1
1.80344 1
1.52019 1
0.514423 1
0.219154 1
0.811854 1
0.876109 1
1.18256 1
0.613344 1
0.271493 1
0.590307 1
0.606623 1
0.611257 1
0.236784 1
3.15747 1
0.198431 1
0.559962 1
0.44074 1
4.03541 1
0.0888721 1
0.324052 1
2.0231 1
0.181909 1
1.06432 1
0.248649 1
0.103723 1
1.28025 1
1.4185 1
0.489682 1
2.06562 1
0.278048 1
5.52794 1
1.61739 1
0.525148 1
0.629195 1
0.529186 1
2.42836 1
2.48599 1
1.68334 1
0.49098 1
0.247643 1
0.280361 1
0.271411 1
2.71978 1
0.369251 1
0.276416 1
1.87725 1
0.623234 1
0.260849 1
0.553329 1
0.247197 1
0.327174 1
0.26628 1
0.40273 1
9.2431 1
0.860973 1
1.17241 1
1.50402 1
0.17153 1
2.47079 1
0.67819 1
2.02935 1
6.15181 1
0.884254 1
0.98498 1
0.151074 1
0.445108 1
0.851147 1
1.20336 1
0.759343 1
4.73956 1
0.151751 1
0.141981 1
2.54605 1
1.8284 1
0.580114 1
0.149056 1
0.129211 1
0.235398 1
2.11367 1
0.265984 1
5.57273 1
2.12659 1
1.01016 1
1.49207 1
2.06151 1
0.311423 1
0.494795 1
3.51449 1
2.63307 1
1.68093 1
1.20161 1
0.877679 1
2.42093 1
2.31304 1
0.293664 1
0.753321 1
1.17649 1
2.85523 1
1.36796 1
1.9167 1
0.682761 1
0.247583 1
0.164006 1
0.00852444 1
2.44879 1
0.95785 1
0.0730409 1
0.232519 1
1.99517 1
0.336996 1
2.47346 1
0.45277 1
0.278775 1
0.930401 1
0.154054 1
0.117155 1
0.338375 1
0.864682 1
0.00922109 1
0.466276 1
0.0995262 1
0.178766 1
1.08769 1
0.412242 1
0.1631 1
0.703599 1
0.908618 1
0.979638 1
0.976941 1
0.509489 1
1.0354 1
1.71461 1
0.960704 1
0.295702 1
0.420919 1
1.22497 1
2.33067 1
0.389386 1
3.17196 1
0.446427 1
0.376766 1
4.22541 1
1.14535 1
0.0733848 1
0.15691 1
0.715659 1
0.822453 1
2.13185 1
0.996087 1
0.162817 1
0.618927 1
1.12486 1
1.08295 1
0.253191 1
1.12299 1
1.49367 1
0.31581 1
3.60535 1
2.43211 1
3.07439 1
0.553183 1
1.30357 1
3.52539 1
0.476212 1
1.10318 1
1.63914 1
0.400525 1
2.765 1
0.916439 1
0.105695 1
0.232491 1
0.871837 1
0.224996 1
0.19951 1
0.534573 1
1.76382 1
0.2991 1
1.60579 1
1.32137 1
11.2152 1
1.93207 1
2.11667 1
0.113601 1
1.02233 1
5.86236 1
0.37335 1
2.78309 1
0.309776 1
3.2371 1
6.29042 1
0.968099 1
0.331569 1
0.125013 1
0.426211 1
1.63219 1
0.486983 1
0.768062 1
0.424474 1
0.859886 1
0.576377 1
0.0822222 1
0.0607843 1
3.58973 1
3.97034 1
0.955636 1
0.102176 1
0.414606 1
0.272758 1
0.29354 1
1.00674 1
1.19154 1
1.41163 1
1.98211 1
0.361167 1
1.41553 1
0.835979 1
1.95742 1
0.158215 1
2.207 1
3.34441 1
0.422836 1
0.317753 1
0.135242 1
1.57928 1
1.52491 1
0.655893 1
0.51118 1
0.796047 1
0.0658349 1
0.217815 1
1.58148 1
0.109966 1
0.184541 1
1.94826 1
0.27058 1
2.39351 1
0.463934 1
0.310572 1
0.322124 1
4.37982 1
0.192114 1
2.93586 1
0.368125 1
0.111204 1
0.840039 1
0.245207 1
1.41292 1
0.384768 1
0.475384 1
1.12917 1
0.153117 1
1.4472 1
0.855547 1
4.31602 1
0.475073 1
2.59267 1
2.41343 1
0.336856 1
0.191222 1
6.28992 1
0.803819 1
1.09602 1
0.213564 1
0.74487 1
1.20894 1
1.77614 1
1.02349 1
0.195347 1
0.637045 1
1.36996 1
2.33479 1
0.715225 1
3.36367 1
2.38066 1
0.563326 1
1.61819 1
1.17971 1
2.58737 1
0.125024 1
1.42138 1
1.40099 1
1.57597 1
1.19999 1
0.629841 1
0.986052 1
0.526003 1
7.37996 1
2.01223 1
0.668084 1
0.379792 1
0.163635 1
0.185142 1
1.6731 1
3.38783 1
0.332175 1
2.41925 1
3.35761 1
1.22202 1
0.45755 1
0.990547 1
0.13727 1
0.864833 1
0.417532 1
0.186563 1
1.69912 1
0.588464 1
3.08997 1
4.10496 1
2.53182 1
24.0776 1
1.82993 1
1.57964 1
5.98067 1
1.70835 1
0.358236 1
1.27388 1
4.0428 1
0.627402 1
0.197233 1
0.599295 1
1.38984 1
2.89221 1
0.793506 1
0.641023 1
0.261969 1
1.1116 1
0.138829 1
0.155937 1
1.49143 1
0.175134 1
3.8586 1
8.14102 1
0.884769 1
0.871573 1
2.88424 1
0.744012 1
0.143175 1
0.125925 1
0.513563 1
4.30323 1
0.41606 1
1.26301 1
1.39648 1
2.03443 1
0.0978863 1
4.22936 1
7.70861 1
0.317356 1
0.188107 1
1.46924 1
0.653978 1
0.0726064 1
3.71316 1
3.26397 1
0.60155 1
2.5042 1
0.771533 1
3.08231 1
3.23784 1
0.648962 1
0.514864 1
0.905951 1
0.21015 1
0.193623 1
2.60946 1
1.13763 1
4.86915 1
0.923953 1
0.213139 1
1.63924 1
5.66187 1
1.05937 1
1.80126 1
0.266146 1
0.0082291 1
0.539948 1
0.623512 1
0.217903 1
1.44393 1
0.577859 1
0.238864 1
1.36717 1
0.532534 1
0.879738 1
0.714469 1
2.60938 1
3.97767 1
1.27462 1
1.39261 1
0.681324 1
2.82566 1
0.984319 1
2.77009 1
3.55602 1
0.89258 1
1.43255 1
0.0127755 1
0.37977 1
15.2969 1
0.664489 1
0.378231 1
1.90837 1
1.10542 1
0.414118 1
0.698309 1
3.67038 1
2.88122 1
0.0932448 1
1.46786 1
0.0662255 1
1.31981 1
1.85803 1
0.424749 1
0.662091 1
1.31501 1
1.89104 1
2.65289 1
1.92539 1
0.613839 1
0.795515 1
0.111486 1
3.58819 1
0.704884 1
0.134309 1
0.454081 1
0.204825 1
1.39226 1
0.270858 1
0.559192 1
0.176963 1
0.636996 1
0.388734 1
0.311983 1
0.304719 1
0.918274 1
0.363469 0
0.186509 0
0.785287 0
0.127389 0
1.84749 0
0.21323 0
0.890844 0
0.66681 0
0.165479 0
0.199495 0
2.14328 0
0.924061 0
3.28001 0
0.062306 0
0.354057 0
0.508691 0
0.928791 0
1.2078 0
0.0265516 0
2.06854 0
1.46649 0
0.406948 0
0.849427 0
0.496113 0
0.191276 0
0.0797544 0
1.47654 0
0.437416 0
1.22439 0
4.31459 0
0.905197 0
0.183486 0
0.985229 0
1.71978 0
0.194152 0
1.50156 0
5.84729 0
0.497234 0
0.376772 0
0.954503 0
1.03085 0
0.895829 0
0.442545 0
0.107096 0
0.124552 0
0.0998248 0
0.277378 0
0.662135 0
0.564033 0
0.260117 0
0.639156 0
0.140074 0
0.229255 0
0.326963 0
0.718973 0
0.925682 0
0.492302 0
0.266894 0
0.337917 0
0.3877 0
0.170187 0
0.0419225 0
0.544595 0
1.10761 0
0.329951 0
0.231633 0
0.247187 0
1.1173 0
0.20892 0
0.157174 0
0.560155 0
1.06981 0
0.281119 0
2.94703 0
0.944165 0
1.34373 0
0.129011 0
0.802789 0
0.134518 0
1.71965 0
3.77946 0
0.153488 0
0.789859 0
0.249791 0
2.19505 0
0.270764 0
0.431873 0
0.104623 0
0.622317 0
0.132896 0
0.123665 0
1.01195 0
0.148251 0
0.249698 0
0.124273 0
0.997942 0
1.72067 0
0.356539 0
2.60448 0
0.628414 0
0.136317 0
0.989068 0
0.411363 0
0.152304 0
0.164501 0
0.94463 0
0.923454 0
1.23683 0
0.182295 0
0.139424 0
0.215878 0
0.127306 0
2.03092 0
0.179578 0
0.124983 0
0.142885 0
0.1952 0
0.385894 0
0.234323 0
0.367197 0
0.0463459 0
0.0751591 0
1.37189 0
0.969278 0
0.315576 0
0.127887 0
5.78637 0
2.46123 0
0.780308 0
1.71382 0
0.203587 0
0.203171 0
0.185183 0
1.38814 0
0.102428 0
3.06718 0
0.0711255 0
2.27604 0
0.582108 0
0.367361 0
0.401523 0
0.852123 0
5.60477 0
0.126161 0
0.742027 0
1.25754 0
0.301997 0
0.50129 0
0.641351 0
0.126346 0
0.0856195 0
0.59019 0
1.19683 0
0.191837 0
0.150005 0
0.468811 0
0.434961 0
0.455823 0
0.118553 0
8.09127 0
0.13502 0
0.331279 0
0.496496 0
0.25924 0
0.109521 0
0.876663 0
0.888532 0
0.281446 0
0.26785 0
0.275269 0
0.613194 0
0.202372 0
2.03059 0
0.364529 0
1.69827 0
0.39895 0
0.196115 0
0.277259 0
0.106262 0
0.187508 0
0.225794 0
0.368946 0
0.670255 0
0.815902 0
0.328129 0
2.1478 0
2.85533 0
0.173909 0
0.158318 0
0.18442 0
0.452257 0
1.46165 0
3.89671 0
0.127352 0
0.351425 0
0.819104 0
0.0389194 0
1.86953 0
0.35061 0
0.133541 0
0.344382 0
0.331865 0
0.155032 0
0.350244 0
2.00632 0
0.209685 0
0.153214 0
0.776212 0
0.0889724 0
0.330242 0
0.592071 0
0.108765 0
2.33546 0
1.20783 0
0.611631 0
1.29579 0
0.547746 0
0.269617 0
0.912457 0
0.773791 0
0.76632 0
0.459257 0
0.120156 0
0.100036 0
0.247459 0
0.199724 0
2.65636 0
0.895882 0
0.467689 0
0.265892 0
0.236568 0
0.20413 0
2.50494 0
2.63151 0
1.94887 0
0.303392 0
1.60632 0
0.829897 0
0.904699 0
0.235192 0
2.38102 0
0.472582 0
0.519903 0
0.11056 0
3.62239 0
0.165068 0
2.21552 0
0.783366 0
0.0900078 0
1.33762 0
0.238885 0
0.610742 0
0.830785 0
2.52389 0
0.956722 0
0.473312 0
0.382207 0
0.0251954 0
0.0812846 0
0.417324 0
0.89029 0
1.21871 0
8.41614 0
0.269811 0
2.85002 0
0.70792 0
0.632267 0
0.186126 0
2.35446 0
0.186145 0
1.06585 0
0.952088 0
2.15288 0
0.248166 0
0.596834 0
1.0553 0
0.566892 0
0.107397 0
0.606385 0
0.541636 0
0.600689 0
0.192686 0
0.313298 0
0.817243 0
1.83855 0
0.117584 0
0.36318 0
0.695609 0
0.273407 0
0.466196 0
1.27006 0
0.137702 0
0.156594 0
0.245676 0
1.19419 0
0.193872 0
0.231872 0
1.33481 0
0.216283 0
2.42701 0
1.6065 0
0.165991 0
0.243636 0
0.446777 0
0.273904 0
0.199952 0
2.50562 0
0.161416 0
0.768861 0
0.610555 0
0.663342 0
1.39187 0
2.25639 0
1.71204 0
0.211491 0
0.239128 0
0.766175 0
1.66374 0
0.221323 0
1.75554 0
0.257373 0
0.0569811 0
0.119665 0
0.947197 0
0.0875986 0
0.123866 0
0.677901 0
0.102936 0
0.108559 0
1.45798 0
0.047298 0
0.152515 0
4.53177 0
0.134432 0
0.286793 0
0.382507 0
0.37011 0
0.471709 0
0.785061 0
0.215591 0
5.39946 0
0.0627101 0
0.709152 0
0.145341 0
2.7364 0
0.594197 0
0.581724 0
0.2527 0
0.256581 0
0.230257 0
2.89577 0
0.287122 0
0.815434 0
0.228561 0
0.175908 0
3.09894 0
0.704819 0
0.372804 0
0.331292 0
0.259314 0
3.51008 0
2.42201 0
0.578362 0
0.191792 0
1.64598 0
0.445153 0
0.121104 0
1.56822 0
0.168961 0
2.17051 0
0.151153 0
0.59026 0
0.0929451 0
0.545569 0
1.85955 0
0.234534 0
0.13631 0
0.241809 0
0.178279 0
2.05853 0
0.674026 0
0.614147 0
0.253594 0
0.151125 0
0.189896 0
0.49187 0
0.194732 0
0.315742 0
1.61935 0
2.03065 0
0.399775 0
0.153005 0
0.46305 0
0.209256 0
0.086897 0
0.183618 0
1.14973 0
0.737675 0
0.135278 0
7.15959 0
0.825113 0
0.0454867 0
0.212917 0
0.107244 0
0.390477 0
0.751548 0
0.188118 0
0.420349 0
0.776599 0
0.917519 0
0.345315 0
0.154595 0
0.231543 0
1.01071 0
0.196757 0
0.443883 0
0.333587 0
0.197366 0
0.830436 0
0.330187 0
0.283771 0
1.3262 0
0.600122 0
0.237521 0
0.813338 0
0.470903 0
0.236223 0
2.04977 0
1.31003 0
0.280413 0
1.06676 0
3.62807 0
0.23809 0
0.764166 0
0.183651 0
0.0975528 0
3.00818 0
0.148094 0
0.487107 0
1.14532 0
2.48938 0
0.116739 0
1.38302 0
12.4785 0
3.46463 0
0.778228 0
0.477122 0
0.392664 0
0.229674 0
0.473752 0
0.428132 0
0.122701 0
0.177653 0
1.53432 0
0.247109 0
0.202958 0
0.673057 0
0.23515 0
0.401473 0
1.45495 0
3.62048 0
0.192751 0
1.27267 0
0.364891 0
1.94945 0
2.85538 0
0.103647 0
0.187507 0
0.883499 0
0.329218 0
0.42116 0
0.155761 0
0.407806 0
0.455307 0
2.25421 0
3.27717 0
0.411243 0
0.246143 0
3.10023 0
0.32445 0
3.18563 0
0.192847 0
0.176032 0
0.835001 0
0.526455 0
0.11546 0
20.0608 0
0.153844 0
0.392129 0
0.0708944 0
0.637858 0
0.110778 0
0.625817 0
0.0974753 0
0.51456 0
2.39981 0
0.79855 0
0.29847 0
0.243455 0
1.75224 0
3.12492 0
1.21781 0
0.243388 0
0.162563 0
1.70048 0
0.181542 0
0.785113 0
0.238648 0
1.02806 0
2.03184 0
0.581361 0
0.401716 0
0.167994 0
1.16516 0
1.17496 0
0.219871 0
0.190276 0
0.0944663 0
0.01554 0
1.30315 0
0.774868 0
1.9474 0
0.244222 0
0.210574 0
1.12564 0
0.840233 0
3.08314 0
0.586419 0
1.36825 0
0.0860934 0
0.0471515 0
0.389439 0
0.532081 0
0.109041 0
0.196196 0
0.243003 0
0.605652 0
0.411134 0
0.21135 0
1.30291 0
0.358449 0
0.681783 0
0.832094 0
0.014 0
0.414973 0
0.301341 0
0.444593 0
0.462095 0
1.17615 0
0.238066 0
2.11864 0
0.11928 0
0.0635857 0
0.864136 0
105.731 0
0.897627 0
1.0079 0
0.271438 0
0.43524 0
0.271138 0
0.552359 0
2.72129 0
0.161479 0
0.315943 0
1.00165 0
0.26977 0
1.4133 0
0.829731 0
0.268798 0
3.10036 0
1.54366 0
0.598256 0
0.0420054 0
1.90789 0
0.662339 0
0.111567 0
0.487588 0
0.986383 0
0.966172 0
5.90596 0
0.731298 0
0.0633766 0
0.10396 0
0.26987 0
0.920344 0
0.182393 0
0.805227 0
0.236211 0
0.209357 0
0.185647 0
0.129194 0
0.844359 0
0.475967 0
0.966828 0
0.0240405 0
0.19874 0
1.62135 0
0.25936 0
0.175765 0
0.155271 0
1.48403 0
2.28852 0
0.89427 0
0.212292 0
1.63439 0
0.583697 0
0.256241 0
0.8732 0
0.0951699 0
0.32167 0
0.425135 0
0.203773 0
0.254537 0
0.412389 0
1.34753 0
0.108072 0
0.795902 0
1.10119 0
2.74822 0
0.740841 0
0.218183 0
0.0816611 0
0.413766 0
0.039489 0
0.208498 0
0.292791 0
0.2798 0
0.0894073 0
0.339707 0
0.141324 0
0.52021 0
0.185387 0
0.147408 0
1.50993 0
0.676826 0
1.8462 0
0.579372 0
0.186593 0
0.316436 0
0.130935 0
0.268032 0
0.145885 0
0.146671 0
0.105325 0
2.2039 0
2.73857 0
0.317603 0
0.258998 0
2.05775 0
0.48862 0
0.352048 0
2.18185 0
0.730981 0
1.31092 0
0.151672 0
0.0167527 0
0.417161 0
0.250518 0
0.470302 0
0.222846 0
0.976223 0
0.213102 0
0.188338 0
0.0200939 0
1.50559 0
2.85483 0
1.62833 0
0.293922 0
0.514011 0
1.68149 0
0.846798 0
0.108071 0
0.131453 0
2.58228 0
2.08642 0
0.136995 0
1.00427 0
0.20991 0
0.21292 0
0.25432 0
0.253789 0
1.06454 0
0.808673 0
0.408787 0
1.7269 0
3.5734 0
0.141042 0
1.39575 0
0.142672 0
1.92473 0
0.714438 0
0.83851 0
0.379867 0
3.21894 0
0.325605 0
1.13012 0
0.258871 0
0.0498585 0
0.0992188 0
0.0780073 0
0.519054 0
1.35333 0
0.516333 0
0.196657 0
0.530034 0
0.209201 0
0.209787 0
1.35147 0
0.24875 0
1.11592 0
0.120627 0
1.06014 0
0.173133 0
2.80268 0
1.6651 0
0.200431 0
0.762737 0
0.556146 0
0.0524858 0
9.58153 0
1.20424 0
0.618951 0
0.827181 0
0.085575 0
0.977365 0
2.92258 0
0.272476 0
0.417026 0
0.477796 0
1.97414 0
0.461645 0
0.364524 0
1.38537 0
0.252835 0
0.14686 0
2.30054 0
0.969796 0
1.21694 0
1.62547 0
0.17117 0
0.0606595 0
1.33704 0
1.28544 0
9.67386 0
0.56609 0
2.47924 0
0.371844 0
0.198195 0
2.49137 0
1.6295 0
2.01274 0
0.0599859 0
0.735671 0
0.893861 0
1.60506 0
0.216325 0
0.327331 0
0.588112 0
0.95303 0
0.206091 0
0.0503758 0
0.77735 0
0.605138 0
0.769687 0
0.762275 0
1.23433 0
0.118765 0
0.674981 0
0.166107 0
0.139908 0
3.02491 0
1.28249 0
0.107998 0
0.472396 0
0.103523 0
0.678968 0
0.209557 0
0.267062 0
0.344306 0
0.196264 0
0.144322 0
0.180731 0
0.237151 0
0.26438 0
0.704719 0
0.099104 0
0.282892 0
0.170856 0
0.129255 0
1.97973 0
0.317175 0
1.47677 0
0.158062 0
0.667607 0
0.13858 0
1.2606 0
0.249962 0
0.0578512 0
0.838878 0
0.128703 0
3.26044 0
0.0771879 0
0.399484 0
1.42372 0
2.18959 0
0.246358 0
1.69461 0
0.892438 0
0.552935 0
0.320393 0
0.80271 0
0.625405 0
1.57989 0
0.628735 0
0.318647 0
0.37999 0
0.238098 0
2.90876 0
0.160185 0
0.582225 0
0.161011 0
1.30041 0
1.21826 0
0.302437 0
0.24767 0
0.0516782 0
10.528 0
0.621972 0
0.177081 0
1.5218 0
0.114562 0
1.06308 0
0.24178 0
2.31748 0
0.20662 0
0.233018 0
1.17649 0
0.459088 0
0.961262 0
1.10224 0
0.184006 0
0.839459 0
0.324075 0
1.37545 0
0.926632 0
0.352739 0
0.294688 0
0.19262 0
0.198761 0
1.14683 0
0.84901 0
1.12075 0
0.60755 0
0 0
0.218351 0
0.203493 0
0.18223 0
0.872001 0
0.593927 0
1.0742 0
0.807313 0
0.216767 0
0.284194 0
1.17617 0
1.0054 0
0.591257 0
2.735 0
0.216966 0
0.09681 0
0.192087 0
0.782064 0
0.432798 0
0.102954 0
2.26422 0
0.231369 0
0.489589 0
0.550376 0
0.498181 0
1.04864 0
0.296133 0
0.139464 0
0.615666 0
0.653449 0
2.2952 0
1.16718 0
0.273679 0
0.217416 0
0.0164313 0
0.295845 0
1.84539 0
0.451419 0
0.272272 0
0.49483 0
0.760037 0
0.864448 0
0.284582 0
0.63908 0
0.150538 0
0.0279604 0
0.8203 0
0.598762 0
1.07843 0
1.11667 0
0.128425 0
0.693358 0
0.36734 0
1.73792 0
1.40955 0
0.29553 0
0.667592 0
0.262217 0
0.969724 0
0.455934 0
0.865179 0
1.07052 0
0.103747 0
0.133958 0
0.284824 0
0.307094 0
0.0859967 0
0.0972563 0
0.235825 0
0.440601 0
1.09809 0
0.0934404 0
0.595923 0
1.0195 0
1.57926 0
0.145796 0
1.1484 0
0.118724 0
0.131457 0
1.3966 0
0.0644986 0
0.0196078 0
0.205457 0
0.136074 0
0.140184 0
0.127754 0
1.15181 0
0.224396 0
0.75675 0
0.185515 0
0.125683 0
2.10694 0
0.151057 0
0.367995 0
0.566278 0
1.10585 0
0.304614 0
0.584535 0
1.06831 0
4.10549 0
0.143581 0
0.647029 0
0.244598 0
0.101391 0
0.0135236 0
0.275464 0
0.182436 0
1.84458 0
0.321878 0
0.938025 0
1.76999 0
0.389495 0
1.87582 0
0.151051 0
3.21566 0
0.358233 0
0.528028 0
0.0712454 0
1.00472 0
0.047636 0
0.38795 0
1.61956 0
0.168732 0
1.88686 0
1.27443 0
0.617082 0
2.48693 0
0.168616 0
0.164012 0
1.50768 0
0.222426 0
0.633658 0
0.300882 0
0.526232 0
0.595049 0
2.72242 0
2.45851 0
0.489797 0
0.668169 0
0.176785 0
0.493621 0
0.643784 0
0.29184 0
0.447771 0
0.0789219 0
0.141591 0
0.198499 0
0.997205 0
0.265961 0
0.219154 0
0.200072 0
0.860777 0
1.18336 0
0.425036 0
0.530077 0
0.0849057 0
0.165568 0
0.238106 0
0.300174 0
1.25621 0
0.34808 0
3.75097 0
1.47878 0
0.0692059 0
0.213132 0
2.53656 0
1.55778 0
0.887981 0
0.253238 0
0.593884 0
1.03709 0
0.20084 0
0.103594 0
0.307625 0
0.481623 0
0.464942 0
2.22574 0
0.145738 0
1.20258 0
0.410181 0
0.208288 0
1.5583 0
0.205989 0
1.33385 0
2.54124 0
0.367765 0
0.237938 0
0.50763 0
2.53695 0
0.435957 0
3.2215 0
0.891207 0
0.136453 0
0.413978 0
0.300078 0
0.191282 0
0.255924 0
0.377273 0
0.104709 0
0.467355 0
0.0834555 0
0.123674 0
0.82223 0
0.179661 0
0.299302 0
0.152894 0
2.10711 0
0.141468 0
0.708119 0
0.127444 0
0.250516 0
0.264639 0
0.184772 0
0.665353 0
0.538061 0
1.59774 0
0.858059 0
0.731905 0
10.3935 0
0.26242 0
0.950202 0
2.43817 0
0.0339391 0
0.220788 0
0.274915 0
0.363898 0
0.21846 0
0.507742 0
1.03775 0
1.28044 0
1.12615 0
0.214254 0
5.61031 0
0.178492 0
0.586831 0
0.1351 0
0.732911 0
0.692548 0
0.955319 0
0.365779 0
0.049537 0
2.44743 0
2.52601 0
0.107717 0
0.234096 0
1.22253 0
0.108777 0
0.071293 0
3.68805 0
