0.0810561 1
0.036 1
0.0611923 1
0.131825 1
0.0572849 1
0.94209 1
0.0589415 1
0.0774324 1
0.0810887 1
0.55091 1
0.0755694 1
1.93026 1
1.60953 1
0.791238 1
0.113891 1
0.0589375 1
1.10004 1
0.36687 1
0.00577697 1
2.03567 1
0.052365 1
1.48577 1
0.118951 1
0.80607 1
0.0648855 1
3.96559 1
0.0747717 1
0.157035 1
0.785824 1
0.0526031 1
0.0413807 1
1.61365 1
0.63965 1
0.0797943 1
0.657922 1
2.06711 1
1.21184 1
0.251528 1
0.0699442 1
0.052496 1
1.37138 1
1.81773 1
0.0405447 1
1.60653 1
3.53669 1
0.2143 1
0.0504369 1
0.048145 1
1.9048 1
0.157703 1
0.0723832 1
0.0392308 1
0.0532604 1
1.54644 1
0.179546 1
0.0334853 1
1.12286 1
1.46352 1
4.28427 1
3.46414 1
0.163103 1
0.726043 1
0.0278108 1
0.688828 1
0.996475 1
0.00726192 1
0.152984 1
2.90585 1
1.39048 1
0.0859658 1
0.067671 1
0.343885 1
0.0648124 1
0.0794216 1
0.105937 1
1.61582 1
0.00468096 1
0.0542779 1
0.0356895 1
1.34444 1
1.23757 1
0.946838 1
1.24119 1
3.99113 1
0.422076 1
0.0325633 1
1.6256 1
2.18586 1
0.0823514 1
200.211 1
2.49702 1
0.0861894 1
0.0526476 1
0.038021 1
1.45742 1
0.0190651 1
0.0642418 1
0.390339 1
0.0925398 1
0.217445 1
1.89634 1
0.171723 1
8.64864 1
1.13283 1
1.31728 1
0.0533351 1
0.462145 1
0.824569 1
0.845254 1
0.0326844 1
0.0320167 1
2.37474 1
0.136501 1
0.642517 1
0.103749 1
1.03478 1
1.81687 1
0.0355817 1
0.0485079 1
0.012402 1
0.171435 1
0.605122 1
0.0768585 1
0.0558748 1
0.104216 1
0.0308358 1
0.20667 1
0.445071 1
0.139648 1
0.534485 1
0.0482688 1
0.011094 1
0.0395083 1
0.290734 1
1.02426 1
0.0712041 1
8.11608 1
0.109085 1
0.869718 1
1.6799 1
0.0710353 1
2.7683 1
0.0864907 1
0.76803 1
0.0827602 1
3.99283 1
0.0350677 1
0.0456465 1
1.67562 1
0.818773 1
1.83204 1
0.0518684 1
0.0372119 1
2.41928 1
0.288556 1
0.0595551 1
3.83698 1
0.11443 1
0.379218 1
0.257544 1
0.0362284 1
0.0614512 1
0.19839 1
1.5948 1
0.0506015 1
0.034971 1
0.785874 1
2.50434 1
0.357388 1
0.0428182 1
0.0608284 1
0.867875 1
0.0300088 1
0.0604729 1
1.11046 1
2.56334 1
0.983363 1
1.34331 1
0.00756303 1
0.0224068 1
0.923908 1
1.87105 1
0.0218599 1
0.0248889 1
0.0422533 1
0.0807279 1
0.0576286 1
0.243282 1
0.0233596 1
1.5252 1
0.187012 1
0.119039 1
0.907883 1
0.0355692 1
1.35296 1
0.0378134 1
0.0801869 1
3.9574 1
0.0960605 1
0.057154 1
0.131467 1
2.03844 1
0.0268335 1
0.0049081 1
9.60164 1
0.134714 1
2.79926 1
2.53836 1
0.0765238 1
0.330441 1
0.932405 1
0.575617 1
0 1
0.07596 1
0.143383 1
0.0546834 1
1.13507 1
1.60054 1
0.53761 1
0.336516 1
0.816236 1
1.21362 1
0.0189047 1
0.760103 1
1.36044 1
0.0934397 1
0.102056 1
0.0439799 1
0.0228315 1
0.805509 1
3.89625 1
0.291779 1
0.248143 1
0.386871 1
0.0846357 1
0.0133252 1
3.13373 1
1.1855 1
0.0346674 1
0.606039 1
0.573923 1
3.87529 1
0.127411 1
0.518066 1
0.0351816 1
1.39505 1
0.407604 1
0.088248 1
2.43081 1
3.28892 1
0.0731956 1
0.37148 1
0.0715904 1
1.03626 1
0.294539 1
0.0223398 1
0.254701 1
2.81376 1
197.326 1
0.0874721 1
5.37073 1
0.030878 1
0.0790803 1
0.0853833 1
0.0926916 1
0.0345753 1
1.02154 1
0.331628 1
1.24297 1
0.0168951 1
0.0842362 1
4.70628 1
0 1
0.0695199 1
0.0643303 1
1.3517 1
0.237936 1
0.214743 1
1.83938 1
0.0624417 1
0.0667925 1
0.0370068 1
0.0717703 1
0.0819681 1
1.04534 1
0.891984 1
0.695187 1
0.0901692 1
0.03709 1
0.398237 1
0.0226156 1
0.0625828 1
0.0355275 1
0.0943449 1
0.0792434 1
0.0328543 1
0.227553 1
1.30677 1
0.0366747 1
0.0110739 1
1.98776 1
0.293535 1
0.6024 1
0.0351247 1
1.23817 1
0.220357 1
0.0688804 1
0.284831 1
0.588938 1
0.0359338 1
0.0358223 1
0.0484641 1
0.097653 1
0.0430617 1
1.27848 1
0.0271739 1
0.245584 1
0.0497244 1
1.30886 1
1.02517 1
0.0631155 1
0.391072 1
0.398557 1
3.41303 1
0.0142338 1
0.806633 1
0.866667 1
0.0627949 1
13.9289 1
0.212936 1
0.436569 1
0.252764 1
0.188845 1
0.88201 1
0.154266 1
0.0636602 1
1.1156 1
0.0201594 1
0.112393 1
0.222805 1
1.28994 1
3.07103 1
0.33616 1
1.1721 1
0.392162 1
0.0673883 1
0.0563975 1
0.290405 1
0.0632742 1
0.463606 1
0.0199328 1
0.0524209 1
0.0400582 1
0.044086 1
0.00112724 1
0.0638119 1
0.043607 1
0.437872 1
0 1
0.0877662 1
0.220679 1
1.66157 1
0.0445696 1
0.0324211 1
5.73772 1
1.02821 1
0.0584972 1
0.604208 1
0.0508645 1
0.366097 1
0.350442 1
0.022902 1
0.113533 1
0.0271008 1
0.0204853 1
0.0802514 1
0.0418718 1
0.482406 1
0.242196 1
0.0692184 1
0.0882674 1
0.450208 1
0.00869391 1
1.11806 1
1.39766 1
0.0295408 1
0.497139 1
0.0375869 1
0.125848 1
0.0543375 1
0.248681 1
0.353642 1
0.116806 1
0.0842191 1
1.79482 1
0.137758 1
4.74557 1
1.3945 1
0.0218686 1
1.30764 1
6.93187 1
0.043428 1
0.767746 1
0.0671194 1
0.0795669 1
0.709409 1
1.50683 1
0.549368 1
0.0468951 1
1.69476 1
3.6875 1
0.246431 1
1.98564 1
0.473993 1
0.701011 1
260.198 1
0.591634 1
0.516471 1
0.17715 1
0.0542728 1
0.132974 1
0.0241637 1
0.758845 1
5.60831 1
1.36069 1
0.443465 1
0.0375328 1
1.29201 1
0.157305 1
0.0698918 1
0.0925148 1
0.0675131 1
0.0244983 1
0.533729 1
0.909532 1
1.28034 1
0.227247 1
0.722508 1
1.92948 1
0.0508609 1
0.896235 1
0.295601 1
0.0425408 1
0.743474 1
1.82793 1
0.120056 1
0.74 1
1.29585 1
0.0520833 1
1.13785 1
0.0489753 1
3.62725 1
0.185389 1
0.871988 1
1.1112 1
0.309496 1
0.269312 1
0.0246383 1
0.0714031 1
1.9645 1
0.975572 1
0.0744862 1
0.495478 1
0.158736 1
0.0171207 1
1.49179 1
1.53802 1
4.16815 1
1.07552 1
0.0179787 1
0.0379878 1
1.08363 1
1.35731 1
0.0424197 1
0.0500181 1
1.9362 1
0.68443 1
0.695468 1
1.57523 1
0.0248095 1
0.484263 1
0.036794 1
0.0165312 1
3.99401 1
0.0714003 1
2.10065 1
0.0514203 1
0.0750776 1
0.0464189 1
0.0585569 1
0.277606 1
0.0657388 1
0.477941 1
0 1
0.0698311 1
1.03271 1
0.486214 1
0.0281626 1
0.299917 1
0.529503 1
0.0342438 1
0.129828 1
2.07743 1
0.541148 1
0.0230337 1
0.738082 1
1.29001 1
0 1
1.24712 1
0.88277 1
0.984223 1
1.85236 1
3.74538 1
0.193784 1
0.0962115 1
0.0448312 1
193.628 1
0.0431649 1
0.309628 1
0.0414548 1
0.0720632 1
0.0306298 1
1.32223 1
0.215749 1
0.113308 1
0.479931 1
0.537479 1
0.0537935 1
0.0365538 1
0.0467064 1
0.110641 1
0.0611088 1
0.0547659 1
1.26904 1
0.00580349 1
0.0281232 1
0.467794 1
0.0511743 1
0.0770432 1
0.0451759 1
0.0499848 1
7.91686 1
0.0595173 1
0.840206 1
0.0591069 1
192.292 1
1.72178 1
0.0273098 1
0.0330999 1
0.748437 1
0.32656 1
0.307949 1
1.34559 1
0.482731 1
0.0189363 1
1.32932 1
0.777085 1
2.03263 1
1.42771 1
0.272507 1
0.00383772 1
0.0515376 1
0.111709 1
0.0608563 1
3.52727 1
1.31593 1
0.269453 1
1.7272 1
2.57875 1
1.59012 1
0.643219 1
1.54662 1
1.80293 1
0.0278117 1
1.25695 1
0.130243 1
0.540572 1
0.875751 1
0.26144 1
4.72062 1
0.0908913 1
0.0479923 1
0.0295008 1
2.28225 1
0.0175637 1
0.0216984 1
0.255119 1
0.695363 1
0.0431134 1
2.40873 1
0.201316 1
0.0827058 1
0.0376552 1
0.670489 1
0.0757903 1
1.18308 1
0.203845 1
0.0317228 1
0.0443531 1
1.13581 1
0.169745 1
1.2098 1
0.0359541 1
0.0573311 1
0.910759 1
3.6641 1
1.21037 1
0.896732 1
1.46597 1
0.0301352 1
0.111207 1
0.0752142 1
0.0333705 1
0.0508901 1
0.0235585 1
0.0363438 1
0.265826 1
0.502441 1
1.89338 1
1.36402 1
0.0582169 1
0.239564 1
1.0515 1
0.202682 1
0.0676013 1
0.022473 1
0.307213 1
0.320169 1
0.0595346 1
0.116829 1
0.0276887 1
0.0291049 1
1.24087 1
1.13382 1
0.687278 1
0.133129 1
0.0363636 1
1.0942 1
0.777205 1
1.10355 1
1.45718 1
0.708341 1
1.41503 1
1.02497 1
1.58585 1
0.0779845 1
0.0223086 1
1.09523 1
0.21456 1
0.213323 1
0.443709 1
0.0244541 1
1.92157 1
0.0781664 1
0.0132499 1
0.0401073 1
1.39606 1
0.0904598 1
2.96533 1
0.11185 1
0 1
0.285164 1
5.41209 1
0.0614915 1
2.49786 1
0 1
0.108039 1
0.071896 1
1.87804 1
0.0174215 1
0.0684025 1
0.930325 1
0.071149 1
0.0712347 1
1.57452 1
2.09772 1
0.139139 1
0.257188 1
0.0551509 0
0.0216978 0
0.0448768 0
0.361566 0
0.0939365 0
0.0351965 0
0.799504 0
0.0640251 0
0.024937 0
0.0165375 0
0.030089 0
0.54813 0
0.0404122 0
0.0567036 0
0.127424 0
0.59282 0
0.00430583 0
0.0515545 0
0.0240349 0
0.457138 0
0.0811847 0
0.0449806 0
0.0615196 0
0.0552888 0
0.479962 0
0.04272 0
0.0975547 0
0.0361566 0
0.0332175 0
0.0340145 0
0.0837034 0
0.0311069 0
0.0562484 0
0.36246 0
0.0344638 0
0.0112705 0
0.0336088 0
0.100138 0
0.0527359 0
0.0852391 0
0.0480371 0
0.0597878 0
0.050736 0
0.0973901 0
0.97525 0
0.040118 0
0.351436 0
0.0258446 0
0.0571757 0
0.0464664 0
0.0927441 0
0.0561479 0
1.71953 0
0.0692894 0
0.0688796 0
0.154559 0
0.64251 0
0.0848298 0
0.0792605 0
0.111918 0
0.0313975 0
0.055349 0
0.0395294 0
0.0597102 0
0.0870286 0
0.0364564 0
0.0547099 0
0.53194 0
0.015421 0
0.0505006 0
0.0669165 0
0.460621 0
0.0386846 0
0.0452839 0
0.0562615 0
0.0665635 0
0.116443 0
0.0500661 0
0.0175001 0
0.0309147 0
0.0773841 0
0.0587961 0
0.065746 0
0.0450786 0
0.0427149 0
0.00426353 0
0.0650679 0
0.0222025 0
0.0449466 0
1.93909 0
3.06781 0
0.181511 0
0.042323 0
0.0472581 0
0.0525503 0
0.0364337 0
0.0886157 0
0.800352 0
0.0813825 0
0.0558326 0
0.0477918 0
0.0444744 0
0.0132175 0
0.440432 0
0.0423897 0
0.0382441 0
0.0392418 0
0.0136371 0
0.0440552 0
0.0492219 0
0.691085 0
0.0198827 0
0.0840636 0
0.0114273 0
0.0705583 0
0.00342734 0
0.0164153 0
0.0372843 0
0.0526547 0
0.0421732 0
0.0978801 0
0.0759503 0
0.037859 0
0.0216848 0
0.070236 0
0.134189 0
0.0461785 0
0.0388404 0
0.0741152 0
0.0197755 0
0.0709642 0
0.107127 0
0.0493064 0
0.0624441 0
0.0782644 0
0.022788 0
0.0168231 0
0.0260212 0
0.962956 0
0.100431 0
0.112794 0
0.663396 0
0.107714 0
0.0464976 0
0.0476484 0
0.0534014 0
0.0309747 0
0.0492097 0
0.0879894 0
0.344602 0
0.0549232 0
1.04147 0
0.0628603 0
0.0359007 0
0.19469 0
0.19484 0
0.11234 0
0.140608 0
0.0336545 0
0.0708794 0
0.0378968 0
0.0376459 0
0.0596565 0
0.0480693 0
0.464362 0
0.0354301 0
0.0765556 0
0.0968139 0
0.0493207 0
0.0337817 0
0.062924 0
0.0502534 0
0.0615121 0
0.771842 0
0.0820899 0
0.348959 0
0.11985 0
0.0743551 0
0.0697214 0
0.0117662 0
0.0539546 0
0.0196264 0
0.732891 0
0.0607204 0
0.056231 0
0.0260145 0
0.0546801 0
0.0960247 0
0.0982528 0
0.0850619 0
0.0251911 0
0.869117 0
5.60947 0
0.0263816 0
0.0488746 0
0.0550926 0
0.0290085 0
0.117704 0
0.0881972 0
0.0221169 0
0.111011 0
0.445695 0
1.94031 0
0.11588 0
0.152518 0
0.0503788 0
0.233737 0
0.0261456 0
0.0402546 0
0.0526684 0
0.0531681 0
0.0389652 0
0.0394749 0
0.662221 0
0.121933 0
0.104947 0
2.00042 0
0.00597312 0
0.0497828 0
0.0216307 0
0.0268774 0
0.0455006 0
0.0520845 0
0.0220901 0
2.41089 0
0.0573913 0
0.851507 0
1.70764 0
0.0342841 0
0.0687142 0
0.0344741 0
0.203143 0
0.0408198 0
0.0458467 0
0.0112615 0
198.358 0
0.199559 0
0.0520876 0
0.0634323 0
0.0401265 0
0.845343 0
0.0785221 0
0.0542988 0
0.060806 0
0.0224471 0
0.216232 0
0.0265646 0
0.133772 0
0.0625636 0
0.0707108 0
0.0336891 0
0.0635616 0
0.0244117 0
0.04978 0
0.0473932 0
0.0237346 0
0.0387228 0
0.0225008 0
0.0609095 0
0.0412437 0
0.141386 0
0.0160402 0
0.0603049 0
0.736522 0
0.143469 0
4.51373 0
0.0548309 0
0.0508177 0
0.396847 0
0.184794 0
0.07346 0
0.0389535 0
0.0418636 0
0.11985 0
0.0319617 0
0.0596381 0
0.0540071 0
0.0161691 0
0.0697721 0
0.0287646 0
0.171494 0
0.0138986 0
0.0828144 0
0.436958 0
0.0831838 0
0.0572654 0
0.10072 0
0.0532331 0
0.0300865 0
0.20151 0
0.585732 0
0.0615686 0
0.0953828 0
0.0316069 0
0.0419911 0
0.100748 0
0.0729249 0
0 0
0.0797258 0
0.0659848 0
0.0740834 0
0.0827767 0
0.143008 0
0.0551406 0
0.092313 0
4.65248 0
0.0247781 0
0.0499868 0
0.0438852 0
0.563052 0
0.0588641 0
0.079882 0
0.00944166 0
0.0899838 0
0.972982 0
0.0540594 0
0.0367425 0
0.0550572 0
0.0502863 0
0.0510491 0
0.0811784 0
0.254931 0
0.0585946 0
0.0193831 0
0.828471 0
0.082441 0
0.0248748 0
0.500094 0
0.0246302 0
0.00979903 0
0.486316 0
0.0656711 0
0.120852 0
0.84903 0
0.021117 0
0.0527421 0
0.0387636 0
0.0449047 0
0.177029 0
0.0723027 0
0.0682323 0
0.448529 0
0.208353 0
0.432558 0
0 0
0.0459184 0
0.0230862 0
1.3925 0
0.497147 0
0.0640345 0
0.0292503 0
0.0670865 0
0.0252953 0
0.16737 0
0.180848 0
0.017346 0
0.0887172 0
0.0414055 0
0.0354867 0
0.566456 0
0.0315276 0
0.0523914 0
5.99138 0
0.106384 0
0.0144649 0
0.0614783 0
0.00604108 0
0.0521843 0
0.0423056 0
3.87888 0
0.0623351 0
0.0863372 0
0.0947373 0
0.114882 0
0.0276637 0
0.070615 0
0.0483702 0
0.660597 0
0.12839 0
0.0643102 0
0.065046 0
0.0398927 0
0.0238286 0
1.97133 0
0.0418557 0
0.00651368 0
0.0563197 0
0.0427675 0
0.030956 0
0.0443099 0
0.0202459 0
0.0595579 0
0.036453 0
0.037192 0
0.0330625 0
0.0686114 0
0.0436651 0
0.0435569 0
0.0413627 0
0.190272 0
0.0219637 0
0.0990005 0
0.719226 0
0.0647155 0
0.0785364 0
0.0189183 0
0.0778366 0
0.025087 0
0.0358757 0
0.278531 0
0.0469836 0
0.026325 0
0.137968 0
0.0320484 0
0.000857927 0
0.0071964 0
0.0381304 0
0.0457277 0
0.0219726 0
0.0573332 0
0.0491544 0
0.045064 0
0.0264622 0
0.0212564 0
0.0588933 0
0.157123 0
0.114707 0
0.0522584 0
0.0568902 0
0.109813 0
0.070306 0
0.0236648 0
0.0455943 0
1.86548 0
0.044573 0
0.0437816 0
0.441209 0
0.976193 0
0.10951 0
0.152288 0
0.0483495 0
0.0256625 0
0.0852112 0
0.0995248 0
0.0425922 0
0.0845172 0
0.0565474 0
0.049206 0
2.97489 0
0.0615624 0
0.071022 0
0.0430883 0
0.0637371 0
0.0648541 0
0.344679 0
1.90766 0
0.043208 0
0.296126 0
0.0478072 0
0.0521774 0
0.0437942 0
0.0762414 0
0.028981 0
0.09162 0
0.0362044 0
0.0699717 0
0.021352 0
0.0426017 0
0.0295356 0
0.0125056 0
0.0261162 0
0.124088 0
0.0548164 0
0 0
0.0604234 0
0.0157359 0
0.0178992 0
0.0505248 0
0.0239895 0
0.0524676 0
1.94578 0
0.0452454 0
0.201893 0
0.023687 0
0.399401 0
0.306029 0
0.016704 0
0.00854324 0
0.0342572 0
0.0688402 0
0.0611483 0
0.405698 0
0.0252361 0
0.0400966 0
0.033666 0
0.0190228 0
0.0870103 0
0.0552738 0
0.0717542 0
0.0213421 0
0.0358341 0
0.0517489 0
0.572277 0
1.55308 0
0.131603 0
0.0732036 0
0.0107873 0
0.528095 0
0.0420846 0
0.135885 0
0.0561735 0
0.0313172 0
0.0386277 0
0.122717 0
0.069708 0
0.0696474 0
0.0557836 0
0.0657693 0
0.101522 0
0.0368052 0
0.0372716 0
0.0744292 0
1.17844 0
0.032734 0
0.0444998 0
0.0360444 0
0.0529448 0
0 0
0.0396628 0
0.0622892 0
0.836541 0
0.091578 0
0.0530295 0
0.0558221 0
0.479984 0
0.0448844 0
0.0229979 0
0.0537832 0
0.685462 0
0.0441827 0
0.0369791 0
0.0299654 0
0.0666798 0
0.0682285 0
0.076604 0
0.0353551 0
0.0273796 0
0.0986125 0
0.197332 0
0.0295799 0
0.756318 0
0.0206239 0
0.0204893 0
0.0175406 0
0.0963562 0
0.07872 0
0.0646734 0
0.0373869 0
0.0579983 0
0.0414359 0
0.0986174 0
0.0310484 0
0.0766569 0
0.110554 0
0.0636252 0
0.0319426 0
0.125617 0
0.688643 0
0.00160698 0
0.0320169 0
0.0233947 0
0.0564457 0
1.18864 0
0.0339451 0
0.0277528 0
0.054737 0
1.26355 0
0.0263379 0
0.0265192 0
0.0429261 0
0.0514408 0
0.244573 0
0.371845 0
0.034811 0
0.0652213 0
0.0351492 0
0.0624832 0
0.069765 0
0.0403361 0
0.034251 0
0.788657 0
0.00676895 0
0.073569 0
0.044288 0
0.0800725 0
0.0513552 0
0.0327037 0
0.311473 0
0.0816368 0
0.0446012 0
0.0598703 0
0.0822586 0
0.0847099 0
0.0328037 0
0.0726959 0
0.0151437 0
0.0349071 0
0.717065 0
0.0779579 0
0.0146353 0
0.0847227 0
0.0243092 0
0.0767677 0
0.0152847 0
0.0604518 0
1.26336 0
0.0448824 0
0.0635509 0
0.0360807 0
0.0919881 0
0.784844 0
1.25522 0
0.0706119 0
0.0925521 0
0.142288 0
0.192702 0
0.0177604 0
0.044976 0
0.0803105 0
0.0594828 0
0.0376835 0
0.00639792 0
0.695911 0
0.0288997 0
0.06469 0
0.0601397 0
0.0717298 0
0.0695397 0
0.0935846 0
0.0258929 0
0.0793982 0
0.0749458 0
0.0209011 0
0.0534511 0
0.0283356 0
0.0573132 0
0.0168405 0
0.0271333 0
0.0350657 0
0.047334 0
0.0376466 0
0.100675 0
0.00483439 0
0.0695342 0
0.850121 0
0.0509321 0
0.0643461 0
0.109341 0
2.18974 0
0.0155721 0
0.0242506 0
0.0648853 0
0.0487265 0
0.033651 0
0.0362776 0
0.0884441 0
0.0237795 0
0.0135456 0
0.0531151 0
1.36396 0
0.0418215 0
0.902244 0
0.345363 0
0.0667779 0
0.0628166 0
0.592304 0
0.031097 0
0.0682719 0
0.0324577 0
0.0619334 0
0.0831608 0
