0.136532 1
1.11149 1
0.738007 1
0.72433 1
0.255877 1
0.252181 1
2.9574 1
1.00827 1
0.141052 1
0.143474 1
0.974462 1
3.96664 1
0.319855 1
0.553266 1
0.192028 1
2.31528 1
0.238328 1
1.42872 1
0.274463 1
2.83714 1
5.54321 1
0.335514 1
0.0940335 1
0.302365 1
0.567922 1
0.256978 1
0.775701 1
0.937583 1
0.159911 1
1.153 1
2.63508 1
0.139981 1
2.89655 1
1.16716 1
1.66367 1
0.111332 1
3.27272 1
2.52053 1
1.73427 1
0.446289 1
0.528577 1
1.20349 1
0.829745 1
0.134302 1
1.74217 1
0.104539 1
0.116944 1
1.10892 1
0.173857 1
4.58024 1
0.224753 1
2.27707 1
1.25124 1
3.26125 1
0.0972749 1
0.672411 1
2.00995 1
0.249418 1
0.50539 1
1.05923 1
0.248589 1
4.1412 1
3.25028 1
2.22133 1
0.663765 1
0.274802 1
0.216352 1
0.914739 1
1.14634 1
0.537052 1
0.149279 1
0.601001 1
1.11167 1
0.101339 1
0.297894 1
1.85068 1
1.05708 1
0.227447 1
1.04924 1
0.415098 1
0.155265 1
0.502244 1
2.152 1
1.73473 1
4.48376 1
1.09369 1
2.07599 1
0.432169 1
0.227364 1
0.0679382 1
0.301083 1
3.51458 1
5.28496 1
0.409399 1
0.64601 1
1.56904 1
2.62576 1
0.484235 1
1.3833 1
0.984606 1
0.0517787 1
4.69561 1
1.22504 1
0.465884 1
3.12557 1
2.28444 1
1.51856 1
0.742776 1
3.27994 1
0.417716 1
0.277793 1
1.02423 1
3.80892 1
0.354604 1
2.15565 1
0.0544947 1
1.02211 1
1.07599 1
1.09296 1
2.22579 1
0.568909 1
0.715437 1
0.369419 1
0.99126 1
0.840898 1
0.615018 1
0.447579 1
2.73237 1
1.22398 1
1.15693 1
0.391113 1
0.172397 1
0.221733 1
0.119554 1
0.661613 1
0.405427 1
0.848933 1
1.42238 1
0.754392 1
0.430247 1
0.120161 1
1.43522 1
0.173073 1
2.47143 1
1.77015 1
0.42041 1
0.399114 1
0.382477 1
4.9823 1
1.29924 1
0.713229 1
0.222191 1
0.697823 1
0.395976 1
1.79572 1
0.689816 1
0.301162 1
0.201729 1
0.419034 1
1.33809 1
5.0183 1
1.54389 1
0.645787 1
168.978 1
2.70763 1
0.605482 1
1.076 1
1.26515 1
0.246131 1
0.286908 1
0.521185 1
1.07894 1
0.944404 1
3.79133 1
0.689771 1
1.51297 1
1.55982 1
0.413365 1
0.465588 1
0.87821 1
1.11567 1
0.0792906 1
0.150034 1
0.397125 1
0.0894233 1
0.910467 1
0.861362 1
0.252166 1
0.0785782 1
0.204583 1
3.79458 1
0.229351 1
3.54878 1
0.466899 1
3.50114 1
0.318684 1
0.860069 1
1.59053 1
4.32496 1
3.36239 1
0.195347 1
0.862336 1
0.623835 1
0.0997494 1
0.11829 1
1.23986 1
1.38292 1
1.01808 1
0.537567 1
0.0850124 1
0.126234 1
0.828774 1
0.572882 1
2.84655 1
13.7939 1
3.28239 1
0.195802 1
1.45339 1
1.59719 1
0.295318 1
0.990952 1
1.91753 1
0.558808 1
1.10955 1
0.0344322 1
1.22783 1
0.149519 1
0.149632 1
0.397585 1
3.14591 1
0.849377 1
0.724604 1
3.44875 1
0.07786 1
0.870297 1
0.296417 1
4.39125 1
0.231875 1
0.270194 1
1.41095 1
0.854773 1
0.682218 1
1.92056 1
0.59139 1
0.403171 1
0.881896 1
0.383852 1
2.51119 1
0.112317 1
1.33855 1
0.366459 1
0.474716 1
0.465938 1
1.85435 1
1.80169 1
1.21506 1
0.686285 1
0.276444 1
1.28991 1
2.27549 1
0.178449 1
0.0831271 1
1.11843 1
0.187439 1
0.133095 1
1.26381 1
0.693682 1
0.850338 1
2.04112 1
0.431045 1
0.854134 1
0.260011 1
0.17274 1
0.635977 1
0.12126 1
1.04052 1
1.69629 1
3.81187 1
2.56265 1
1.71885 1
1.56216 1
1.631 1
2.81556 1
0.489018 1
2.50115 1
2.64745 1
1.66048 1
2.27748 1
0.561454 1
1.85018 1
0.228424 1
0.392412 1
1.00313 1
0.197581 1
0.0478443 1
0.162421 1
0.272242 1
0.260029 1
4.9823 1
0.934814 1
3.64698 1
1.53345 1
2.53714 1
1.79112 1
2.65762 1
0.137596 1
5.72255 1
0.195322 1
0.574046 1
1.4978 1
0.694728 1
1.00864 1
2.91396 1
0.404823 1
0.232305 1
1.73537 1
1.64006 1
0.247741 1
1.22987 1
1.13234 1
2.04618 1
0.222307 1
0.350674 1
0.496558 1
0.450534 1
0.0691006 1
1.72294 1
0.548312 1
0.168103 1
1.59954 1
0.293283 1
3.21404 1
0.3433 1
3.09212 1
0.873132 1
2.33425 1
4.17092 1
1.66828 1
1.95707 1
5.15007 1
0.217196 1
0.24967 1
0.201076 1
5.04527 1
0.204114 1
2.49272 1
0.327181 1
1.56311 1
1.44673 1
1.4498 1
0.456954 1
1.4295 1
35.6536 1
0.226952 1
0.0516014 1
0.177158 1
3.20575 1
1.96847 1
0.763716 1
1.11593 1
0.392818 1
0.59256 1
0.351235 1
0.393071 1
1.5284 1
1.02571 1
0.498624 1
0.17917 1
0.1949 1
2.29254 1
0.389215 1
3.03482 1
0.401401 1
1.98824 1
1.94457 1
0.526639 1
0.96735 1
0.0344803 1
0.0551889 1
0.366636 1
0.14374 1
1.24028 1
0.566395 1
1.59938 1
0.117187 1
1.01213 1
2.19766 1
0.171842 1
0.911469 1
0.360075 1
0.126538 1
1.22795 1
0.335597 1
2.30235 1
2.74234 1
0.361101 1
0.320557 1
0.483845 1
4.85756 1
0.332186 1
1.20474 1
0.807414 1
1.03171 1
1.08322 1
2.18347 1
0.394079 1
0.837716 1
1.61753 1
8.28595 1
0.311209 1
4.73006 1
0.417802 1
2.1177 1
1.93894 1
1.87759 1
2.04665 1
0.2733 1
0.154192 1
1.12766 1
1.7965 1
0.86897 1
0.98215 1
2.83179 1
1.36407 1
1.84868 1
0.476026 1
0.169354 1
0.298324 1
0.478018 1
1.37489 1
0.385152 1
0.258491 1
2.97928 1
1.46179 1
1.93027 1
0.732183 1
1.03799 1
0.192105 1
0.16483 1
0.57814 1
0.718876 1
0.216314 1
0.0239192 1
0.923877 1
0.486898 1
1.39029 1
4.81337 1
0.573252 1
0.734173 1
2.46689 1
2.7217 1
0.532627 1
0.311453 1
0.0797197 1
220.027 1
0.150248 1
0.634292 1
0.221344 1
1.90585 1
3.33477 1
0.606474 1
1.29129 1
3.66217 1
0.0870282 1
0.200165 1
0.288408 1
0.896736 1
0.28614 1
1.16787 1
2.6427 1
1.49837 1
0.715963 1
1.32398 1
1.50037 1
0.86906 1
3.22075 1
0.158649 1
0.318357 1
0.601596 1
0.253178 1
1.85108 1
0.775537 1
0.0362987 1
0.341025 1
4.00439 1
2.17359 1
3.93499 1
0.222303 1
0.213104 1
0.713222 1
0.392433 1
0.510464 1
0.872385 1
2.61869 1
1.94242 1
2.49648 1
0.313199 1
0.435024 1
0.690422 1
0.474106 1
0.188822 1
0.352675 1
1.01383 1
2.79518 1
0.729634 1
0.794609 1
0.606217 1
0.172141 1
0.134534 1
0.290952 1
0.44856 1
0.60447 1
0.126494 1
0.565868 1
3.58159 1
1.54905 1
0.761427 1
0.672794 1
0.168394 1
0.972333 1
2.96865 1
0.428222 1
1.96532 1
0.729219 1
0.163262 1
0.530844 1
0.155569 1
0.346725 1
5.25046 1
0.916527 1
1.37 1
0.764822 1
0.783117 1
1.63155 1
0.91591 1
1.58745 1
0.721209 1
2.35487 1
1.41114 1
2.80761 1
1.92294 1
2.09959 1
4.75974 1
2.0016 1
1.07695 1
2.07782 1
1.57223 1
0.992873 1
0.17627 1
1.46855 1
0.312272 1
0.678132 1
0.351799 1
1.35571 1
0.532178 1
0.968929 1
1.73507 1
3.34099 1
1.47358 1
2.32659 1
1.09412 1
0.495562 1
0.177564 1
0.585414 1
0.76533 1
0.238718 1
0.749221 1
1.53009 1
1.28113 1
1.79582 1
0.158759 1
1.49662 1
1.5914 1
0.571979 1
1.35213 1
0.552113 1
1.78596 1
1.64842 1
1.04819 1
5.091 1
3.15005 1
2.19798 1
0.410096 1
0.192345 1
0.732434 1
1.01482 1
0.519169 1
0.152521 1
0.945153 1
0.343189 1
1.65119 1
0.2234 1
3.21407 1
2.26407 1
0.307476 1
2.44734 1
0.682589 1
1.18946 1
0.20559 1
0.0249248 1
0.176387 1
0.568984 1
2.01569 1
2.52827 1
4.30719 1
0.205216 1
1.49753 1
0.261932 1
1.89658 1
0.438737 1
3.07552 1
1.67758 1
0.0577651 1
0.218967 1
0.145532 1
0.332523 1
3.37219 1
1.58617 1
1.26503 1
1.09403 1
0.103545 1
1.71321 1
1.91869 1
0.691468 1
1.15695 1
0.41021 1
0.626138 1
0.222897 1
1.0626 1
192.383 1
3.00509 1
0.358619 1
0.379237 1
0.0990226 1
2.20842 1
4.52161 1
1.81996 1
1.56964 1
0.866708 1
1.8986 1
0.684285 1
0.361955 1
3.12928 1
1.52603 1
1.2315 1
2.00754 1
0.225134 1
0.168898 1
0.907616 1
0.646465 1
0.952304 1
1.60821 1
0.24814 1
1.22519 1
2.39324 1
1.28015 1
1.73352 1
0.255554 1
0.603648 1
0.648705 1
1.50928 1
2.399 1
0.57129 1
2.62023 1
2.65376 1
0.31646 1
0.0931821 1
0.633824 1
0.802199 1
1.11116 1
0.339099 1
0.68666 1
1.55104 1
0.951689 1
2.79508 1
2.92763 1
0.234889 1
1.24226 1
1.04977 1
0.562045 1
5.03698 1
0.171582 1
0.200576 1
0.488997 1
0.862167 1
0.228996 1
5.41727 1
0.458755 1
2.88774 1
0.11217 1
0.266926 1
0.424931 1
1.90971 1
0.785471 1
0.664961 1
1.12688 1
0.625532 1
20.7898 1
0.706595 1
1.21102 1
2.56581 1
0.910257 1
0.973933 1
6.33075 1
0.429423 1
0.614923 1
0.198041 1
0.112082 1
3.43265 1
2.17088 1
0.655124 1
1.97274 1
2.72282 1
1.80848 1
2.24774 1
0.836205 1
0.736344 1
0.96074 1
0.590558 1
0.293454 1
2.85837 1
0.289526 1
1.39592 1
1.18533 1
0.959542 1
1.14778 1
0.464865 1
0.336959 1
2.18006 1
5.18614 1
0.570173 1
0.11631 1
0.421324 1
0.195361 1
0.579407 1
2.97546 1
0.172174 1
1.58047 1
1.0736 1
2.00295 1
1.31471 1
2.33568 1
0.439006 1
0.201416 1
0.876799 1
0.415784 1
0.095167 1
3.24268 1
0.693047 1
1.30655 1
0.71934 1
0.309613 1
1.75651 1
3.57189 1
0.819248 1
0.0928629 1
0.198344 1
2.18028 1
0.32884 1
1.20111 1
0.978904 1
1.57358 1
0.615498 1
1.27913 1
0.602819 1
0.154286 1
0.192984 1
1.556 1
1.41936 1
1.10636 1
0.360714 1
0.727157 1
1.29557 1
3.47032 1
2.4349 1
0.318302 1
1.39731 1
0.117806 1
1.0362 1
0.683172 1
2.00979 1
2.17017 1
0.743936 1
0.691167 1
4.00079 1
5.62271 1
1.49404 1
0.999332 1
0.724608 1
0.96301 1
0.698704 1
0.398334 1
2.61155 1
0.488973 1
0.217341 1
0.38338 1
2.23593 1
1.21377 1
4.26665 1
1.56807 1
0.484945 1
2.19441 1
1.1702 1
0.672432 1
3.49024 1
0.143784 1
0.560914 1
2.59858 1
0.589217 1
2.27238 1
1.76151 1
1.59475 1
0.629804 1
0.162024 1
0.271217 1
0.346701 1
0.262272 1
0.602476 1
0.897114 1
1.64508 1
0.17923 1
0.461762 1
1.50551 1
0.168814 1
0.143549 1
2.16639 1
0.371424 1
0.11706 1
0.81852 1
1.30296 1
0.48134 1
2.09445 1
0.103728 1
0.245342 1
158.95 1
0.240376 1
0.113727 1
1.72341 1
1.29078 1
1.7964 1
0.398092 1
0.136584 1
0.0856481 1
0.0997828 1
0.688082 1
0.0903039 1
0.675013 1
3.36581 1
1.61585 1
1.96529 1
0.0538182 1
0.979621 1
0.672349 1
4.32965 1
0.17728 1
0.805992 1
0.722509 1
0.206863 1
0.351772 1
0.510544 1
0.532857 1
0.861302 1
2.18765 1
4.37681 1
0.600537 1
0.981455 1
12.0395 1
2.69443 1
0.335276 1
9.24411 1
2.7796 1
0.623783 1
0.141068 1
0.184158 1
1.00091 1
10.1562 1
2.62426 1
3.43861 1
0.899669 1
0.0348127 1
0.851087 1
0.939527 1
0.311588 1
0.8951 1
0.310496 1
0.673487 1
0.724426 1
0.249667 1
2.60818 1
2.05392 1
0.500972 1
4.22677 1
0.235003 1
1.59105 1
4.99875 1
0.960262 1
1.00135 1
0.117902 1
1.6339 1
0.691866 1
2.77594 1
2.18706 1
0.488451 1
1.11745 1
0.513272 1
0.683703 1
0.363832 1
2.33552 1
0.126957 1
0.448032 1
0.652613 1
5.46528 1
0.872497 1
0.301963 1
1.34507 1
191.417 1
2.77324 1
1.10916 1
3.36636 1
1.04261 1
0.796008 1
4.76612 1
3.65466 1
0.566999 1
0.472453 1
3.45196 1
0.183413 1
0.133654 1
1.03256 1
0.619689 1
4.09184 1
0.176907 1
3.71519 1
0.691787 1
0.249337 1
0.289156 1
0.493321 1
0.214096 1
0.330964 1
0.577242 1
0.238565 1
0.29465 1
1.97895 1
1.86938 1
0.330474 1
2.12543 1
0.959474 1
0.246176 1
1.41509 1
1.29015 1
0.879588 1
0.854382 1
2.1205 1
0.160862 1
8.2765 1
2.67554 1
1.43008 1
0.493497 1
0.842621 1
0.193303 1
4.50469 1
4.39206 1
0.100119 1
0.129701 1
0.22762 1
1.44145 1
0.123735 1
0.0512059 1
1.34216 1
1.18837 1
0.78771 1
0.497692 1
1.54391 1
1.36172 1
0.588299 1
1.73027 1
0.708596 1
0.689663 1
17.4319 1
0.613152 1
0.0763855 1
1.66798 1
1.3695 1
0.101465 1
0.368253 1
1.53147 1
0.644621 1
0.298868 1
0.324565 1
1.78799 1
0.548918 1
214.684 1
2.25673 1
1.26136 1
0.7046 1
0.290381 1
1.61537 1
0.957099 1
0.137579 1
4.90666 1
2.95352 1
0.449752 1
0.224713 1
32.3856 1
0.176203 1
0.253952 1
0.189857 1
2.37938 1
1.61562 1
0.11517 1
0.831703 1
0.104543 1
0.90387 1
1.50983 1
1.11917 1
0.625086 1
0.233492 1
0.163157 1
0.388658 1
0.538918 1
0.623055 1
25.0025 1
1.26095 1
2.33987 1
0.0724151 1
1.3312 1
6.62978 1
0.719774 1
2.09986 1
0.470199 1
0.0111693 1
2.32792 1
0.287751 1
1.80168 1
1.55847 1
0.936797 1
1.75227 1
0.120671 1
0.925011 1
1.24549 1
1.22635 1
0.907598 1
0.70872 1
0.168341 1
2.4674 1
0.139375 1
0.335746 1
0.755972 1
2.53574 1
1.44297 1
0.164843 1
0.68472 1
1.1331 1
4.21041 1
41.075 1
0.248915 1
0.110438 1
2.43964 1
2.13238 1
1.0351 1
0.910576 1
0.642812 1
1.59107 1
0.696147 1
0.370132 1
0.726318 1
0.442339 1
3.77642 1
0.25396 1
0.157986 1
2.2935 1
0.239764 1
0.429221 1
70.9811 1
0.655314 1
0.574158 1
0.732443 1
0.324602 1
1.12547 1
0.357448 1
1.6226 1
1.63332 1
11.7537 1
4.32544 1
1.35213 1
0.854866 1
1.12463 1
0.2292 1
3.09739 1
2.48449 1
1.13671 0
0.239714 0
0.163857 0
2.44677 0
0.613022 0
1.44059 0
1.33411 0
0.178263 0
0.532516 0
0.704173 0
0.590014 0
1.06382 0
0.402235 0
0.784507 0
1.88997 0
0.183044 0
0.350244 0
0.175338 0
0.25332 0
4.00043 0
0.203045 0
0.215097 0
0.561413 0
1.25373 0
2.08658 0
0.517503 0
0.462779 0
0.24231 0
0.0910536 0
0.112493 0
0.244684 0
0.327125 0
3.81035 0
0.691143 0
0.152777 0
0.262288 0
0.818047 0
0.493546 0
0.134466 0
0.409291 0
0.145523 0
0.142459 0
0.224061 0
0.165952 0
0.231818 0
0.324054 0
0.371959 0
0.205664 0
0.593676 0
0.628464 0
0.202553 0
0.779159 0
0.186697 0
2.06022 0
0.738472 0
0.254648 0
0.40428 0
0.234083 0
0.248415 0
0.310338 0
0.349821 0
0.531578 0
0.946083 0
0.212085 0
0.216542 0
0.570758 0
0.0546256 0
1.24912 0
0.437024 0
0.279168 0
0.162487 0
0.157308 0
0.432489 0
0.354326 0
5.04383 0
0.0408658 0
0.340029 0
1.99018 0
0.434537 0
1.37436 0
0.0590045 0
1.54206 0
1.02504 0
0.0856855 0
0.202227 0
1.7105 0
0.19418 0
4.78743 0
2.48768 0
0.146193 0
0.248248 0
1.65495 0
0.225349 0
0.289654 0
0.115028 0
0.396762 0
0.280465 0
0.374131 0
0.517835 0
0.240954 0
0.0965083 0
0.0762138 0
0.193141 0
0.324258 0
0.178423 0
0.164827 0
0.495411 0
2.08005 0
0.73975 0
0.423524 0
2.30384 0
0.128584 0
0.301388 0
0.348368 0
1.42977 0
84.3487 0
0.322356 0
0.108916 0
2.10757 0
1.54172 0
0.288959 0
0.463582 0
0.189685 0
0.251747 0
0.0893033 0
0.040831 0
0.202051 0
0.351955 0
1.86479 0
0.267914 0
0.561491 0
0.838965 0
0.237113 0
0.137081 0
0.256634 0
0.131984 0
0.119333 0
1.12489 0
3.14516 0
0.528443 0
0.744868 0
1.07637 0
0.493912 0
0.389486 0
1.22419 0
1.19015 0
1.94762 0
0.191104 0
0.0825731 0
0.93184 0
0.55482 0
1.62841 0
0.196764 0
0.329273 0
1.59765 0
0.797741 0
0.359941 0
2.74236 0
0.310377 0
0.118333 0
0.813132 0
0.12584 0
1.21954 0
0.127289 0
0.837305 0
2.56592 0
0.247402 0
0.191935 0
0.0477433 0
2.41298 0
0.662676 0
0.207688 0
1.1451 0
2.55372 0
0.25406 0
0.159037 0
0.648926 0
0.417388 0
0.0797061 0
0.175492 0
0.502935 0
1.58758 0
0.230342 0
1.46858 0
1.09944 0
0.217083 0
0.339542 0
0.162701 0
1.43807 0
3.54965 0
0.404714 0
0.0638724 0
0.439574 0
1.3369 0
0.443708 0
1.06609 0
0.170581 0
0.67412 0
0.87575 0
1.64683 0
46.4083 0
0.185696 0
0.839256 0
2.08679 0
0.00644792 0
1.25223 0
0.259438 0
0.169247 0
0.181174 0
0.278098 0
1.12882 0
0.128649 0
1.04369 0
1.11324 0
0.956484 0
1.03557 0
3.74819 0
0.208954 0
0.513201 0
0.619294 0
0.257115 0
0.829009 0
0.211694 0
1.13627 0
0.260865 0
0.380923 0
1.18722 0
0.607345 0
0.199421 0
1.91763 0
1.01523 0
0.836579 0
0.454893 0
1.13982 0
0.196461 0
0.167772 0
0.808215 0
1.37365 0
0.288556 0
0.573065 0
0.243021 0
0.179201 0
0.434983 0
0.0806951 0
0.141459 0
2.53556 0
0.46994 0
0.295928 0
0.237085 0
1.11635 0
0.396532 0
2.21147 0
3.84287 0
0.998332 0
0.24517 0
0.773268 0
3.93606 0
0.808576 0
0.15598 0
0.303438 0
0.698814 0
0.185031 0
0.16433 0
0.361115 0
1.69419 0
0.685046 0
0.0904865 0
0.485568 0
0.30453 0
1.21304 0
1.36479 0
0.645527 0
1.05252 0
0.685991 0
0.298613 0
0.0473882 0
0.161947 0
0.0788261 0
2.85694 0
0.932746 0
0.369387 0
0.220865 0
0.889722 0
0.495029 0
0.574555 0
0.536549 0
0.0720887 0
0.345759 0
1.12022 0
0.368082 0
0.817148 0
0.290053 0
0.299666 0
0.373205 0
2.71274 0
1.14801 0
0.673629 0
0.16628 0
1.06309 0
1.26176 0
4.28801 0
0.410415 0
0.227309 0
0.62771 0
0.803248 0
0.616756 0
0.16664 0
0.250784 0
0.381509 0
0.159595 0
0.552001 0
2.0808 0
0.307038 0
0.169565 0
0.631184 0
3.14862 0
2.83718 0
0.857161 0
0.365255 0
0.214537 0
0.139936 0
0.36347 0
0.259721 0
0.109298 0
0.104209 0
0.411776 0
0.358914 0
4.44567 0
0.558619 0
1.64676 0
1.76718 0
0.270516 0
0.24958 0
0.341839 0
0.726111 0
0.206248 0
1.82798 0
0.73813 0
0.111941 0
0.37759 0
0.430018 0
0.634587 0
0.796986 0
0.831695 0
0.860577 0
0.295928 0
1.59201 0
1.23542 0
0.220741 0
0.0946065 0
0.165892 0
0.186702 0
0.0856337 0
0.181865 0
0.0223142 0
0.504979 0
0.40944 0
3.4542 0
0.120309 0
0.238671 0
0.195826 0
0.159911 0
0.938351 0
0.514303 0
1.62305 0
0.805726 0
0.340385 0
0.16752 0
0.283926 0
1.95959 0
1.17183 0
0.205679 0
0.646316 0
0.220658 0
0.64875 0
0.353074 0
0.0778516 0
1.8794 0
0.505087 0
0.330872 0
0.120835 0
0.979785 0
0.241784 0
1.32938 0
5.98467 0
0.208978 0
0.288107 0
4.13914 0
0.141627 0
0.0456893 0
0.79023 0
0.189892 0
0.706149 0
0.825888 0
0.488427 0
0.17766 0
1.00332 0
0.799611 0
0.0775028 0
0.536127 0
4.10839 0
0.269805 0
0.121265 0
2.44662 0
0.224101 0
0.147055 0
1.65075 0
0.258733 0
0.566446 0
0.211509 0
0.138088 0
2.67783 0
0.12403 0
0.0597213 0
1.37478 0
0.22923 0
0.503242 0
1.44748 0
0.202445 0
0.333608 0
1.29351 0
0.633248 0
0.70868 0
0.0964079 0
0.278215 0
1.39876 0
0.424541 0
0.298064 0
2.12906 0
2.06758 0
0.179344 0
0.0964301 0
0.31104 0
0.0582546 0
1.02981 0
2.77701 0
0.839537 0
0.0737678 0
0.92041 0
0.109025 0
0.414998 0
0.0799889 0
0.518575 0
0.211235 0
0.160884 0
0.193518 0
0.298184 0
0.153592 0
0.2249 0
0.226096 0
0.557353 0
0.0493175 0
5.3852 0
1.21213 0
0.044783 0
2.09769 0
0.152593 0
0.257532 0
0.236909 0
0.432044 0
3.26265 0
0.434058 0
1.4863 0
0.195366 0
0.168175 0
0.038014 0
0.404548 0
0.221282 0
0.256013 0
0.60848 0
1.02023 0
4.37793 0
0.408986 0
0.365624 0
0.144021 0
0.264719 0
0.0892957 0
0.370023 0
0.112164 0
0.247178 0
0.442899 0
1.31862 0
2.74663 0
0.159417 0
0.101586 0
2.79874 0
0.289825 0
0.94074 0
2.31455 0
0.989807 0
0.500348 0
0.432756 0
0.685745 0
0.199723 0
0.486665 0
1.13826 0
1.16207 0
3.56722 0
0.906709 0
0.202368 0
0.420247 0
2.24044 0
0.206568 0
0.248366 0
0.311629 0
1.9818 0
2.04284 0
0.417881 0
0.155159 0
0.423891 0
0.183949 0
2.47376 0
1.16078 0
0.68494 0
0.390019 0
0.189556 0
0.254278 0
0.817889 0
0.585968 0
0.248803 0
0.186619 0
0.0441981 0
0.274348 0
0.153653 0
1.08175 0
0.46529 0
1.21774 0
3.58696 0
0.203215 0
0.263183 0
2.89172 0
1.39501 0
1.02525 0
1.46971 0
0.126869 0
0.773828 0
0.47112 0
3.42745 0
7.02919 0
0.865691 0
0.162986 0
0.130435 0
0.404349 0
0.322301 0
0.224113 0
0.235882 0
0.0654181 0
1.98775 0
0.884509 0
0.362593 0
2.11636 0
0.406097 0
2.26611 0
0.215265 0
6.19262 0
1.17874 0
0.632301 0
2.30205 0
0.131313 0
0.310588 0
0.625636 0
1.958 0
0.354756 0
0.23181 0
0.629045 0
1.51506 0
4.11909 0
0.602931 0
0.23687 0
0.18909 0
0.0800967 0
1.63673 0
0.206187 0
0.45413 0
1.92891 0
0.584812 0
0.579169 0
0.971679 0
0.920014 0
0.458619 0
0.06344 0
1.45684 0
1.97945 0
0.277179 0
1.37463 0
0.271152 0
0.126521 0
0.306216 0
0.113013 0
0.369951 0
0.157435 0
0.294765 0
0.301759 0
0.586321 0
0.277697 0
0.0274042 0
0.241266 0
1.08415 0
0.208949 0
0.251534 0
0.195133 0
1.16845 0
1.05115 0
0.894986 0
0.917007 0
0.619202 0
3.87509 0
0.681044 0
0.125939 0
0.345886 0
1.51005 0
0.323702 0
0.153647 0
0.77711 0
0.731784 0
1.08001 0
0.305034 0
1.02124 0
0.2035 0
2.87936 0
0.109959 0
0.604244 0
0.306227 0
0.0655652 0
0.163714 0
0.287113 0
0.183084 0
0.419627 0
0.272294 0
0.434654 0
4.05326 0
0.243055 0
0.397823 0
0.173754 0
0.503204 0
1.78856 0
0.585796 0
0.505643 0
0.401233 0
0.912249 0
0.803495 0
1.41469 0
0.321413 0
0.00561082 0
0.252438 0
0.139706 0
3.99848 0
0.230927 0
0.36751 0
0.829422 0
0.883801 0
0.172822 0
1.31174 0
1.03725 0
0.254002 0
0.230943 0
1.12507 0
0.355256 0
0.26662 0
0.147446 0
0.157177 0
0.424685 0
0.751988 0
0.947052 0
0.573394 0
1.06471 0
0.775339 0
1.47794 0
0.411491 0
0.25448 0
0.225113 0
0.887933 0
0.585274 0
0.698417 0
1.28015 0
0.131144 0
0.85418 0
0.0758384 0
0.280001 0
1.53607 0
0.655381 0
0.220449 0
0.263958 0
0.357336 0
0.219501 0
0.178816 0
2.23955 0
0.462845 0
1.17202 0
3.30889 0
0.187491 0
0.213212 0
0.440752 0
0.604041 0
0.051002 0
0.515392 0
1.28223 0
3.23388 0
0.060869 0
1.13392 0
0.773008 0
1.48803 0
0.10748 0
0.0935218 0
2.29128 0
1.34541 0
0.272925 0
0.308169 0
0.689442 0
0.683959 0
0.543571 0
0.785088 0
0.137891 0
1.12039 0
0.772837 0
1.24409 0
0.364695 0
0.209319 0
0.311245 0
1.84237 0
0.106981 0
1.15025 0
0.217085 0
0.524869 0
0.281053 0
5.07389 0
0.188924 0
0.332242 0
0.243888 0
0.213105 0
0.429124 0
0.119237 0
0.191497 0
0.48291 0
1.14 0
0.522069 0
0.121421 0
0.293869 0
0.344067 0
0.164709 0
0.0963261 0
0.261852 0
1.70409 0
0.143516 0
0.606845 0
0.21366 0
0.137167 0
1.07687 0
0.399383 0
0.185 0
0.105286 0
0.966343 0
0.774918 0
0.0740168 0
0.367261 0
0.0516771 0
0.176187 0
0.328508 0
0.402066 0
0.104466 0
0.242987 0
1.5238 0
0.468395 0
0.143441 0
0.0994656 0
0.872459 0
0.573311 0
0.362505 0
0.0440996 0
0.301835 0
0.967133 0
0.58886 0
0.337294 0
2.75035 0
0.334607 0
0.250458 0
1.09106 0
0.268318 0
0.886553 0
0.463594 0
0.258761 0
1.03298 0
1.11952 0
0.217941 0
0.317699 0
1.59382 0
0.257174 0
0.888492 0
0.149769 0
2.69554 0
1.05328 0
0.178051 0
0.860871 0
1.00047 0
1.20608 0
0.188227 0
3.20742 0
0.635619 0
0.330162 0
0.408012 0
2.11792 0
0.85 0
0.580132 0
0.38182 0
0.531521 0
0.267166 0
0.229361 0
1.37304 0
0.168259 0
14.1325 0
0.829899 0
0.29884 0
0.117631 0
0.122228 0
0.0427182 0
0.200824 0
4.04392 0
0.316879 0
0.523145 0
0.204304 0
0.0070742 0
0.251322 0
0.177864 0
1.25647 0
0.919692 0
0.0879655 0
1.50414 0
0.827877 0
0.144299 0
0.342969 0
0.0485315 0
0.327487 0
0.416387 0
0.552165 0
0.24676 0
3.12346 0
0.235181 0
1.07313 0
0.307194 0
0.380541 0
0.374756 0
0.142651 0
1.32767 0
0.91077 0
0.51193 0
0.588809 0
0.674634 0
0.2277 0
0.232675 0
0.00422411 0
0.0331467 0
0.241161 0
0.560792 0
0.640497 0
0.176261 0
1.14864 0
1.74954 0
0.204794 0
0.42507 0
0.127145 0
0.458082 0
0.0834963 0
0.0448751 0
3.32227 0
1.60344 0
2.78524 0
0.15518 0
1.25661 0
0.364077 0
0.527272 0
0.168944 0
0.237304 0
0.368695 0
0.0683143 0
0.125231 0
0.14944 0
1.09488 0
1.13002 0
0.0872895 0
0.0941003 0
0.221329 0
0.749029 0
0.275794 0
0.277789 0
0.206541 0
0.680633 0
0.462458 0
0.118796 0
0.54727 0
0.893673 0
1.2067 0
2.70681 0
0.562959 0
0.821862 0
2.34514 0
0.273101 0
0.219306 0
0.695522 0
0.444168 0
0.176762 0
0.150046 0
1.25967 0
2.07816 0
0.211307 0
1.53622 0
0.143915 0
0.530516 0
0.40169 0
0.0846249 0
1.02879 0
1.18205 0
0.270237 0
0.745085 0
0.37598 0
1.04969 0
0.144097 0
1.85364 0
0.197722 0
0.116511 0
1.37204 0
0.521893 0
0.65452 0
0.181191 0
0.403182 0
3.99815 0
0.17567 0
2.46771 0
0.656983 0
1.86997 0
0.280707 0
0.775777 0
0.153022 0
0.267676 0
0.301842 0
0.143311 0
0.503541 0
0.228724 0
1.05377 0
0.272682 0
1.49342 0
0.215299 0
1.38837 0
0.288073 0
0.192278 0
0.521914 0
1.27998 0
0.361648 0
0.70282 0
0.398441 0
0.137288 0
1.73354 0
0.906762 0
0.0402424 0
0.36286 0
0.144441 0
1.34373 0
0.495555 0
2.24222 0
0.40955 0
0.586468 0
0.120006 0
0.250034 0
0.114692 0
0.134087 0
0.767888 0
0.728311 0
1.79178 0
0.159131 0
0.396454 0
0.391378 0
0.107673 0
0.241361 0
0.607 0
0.654822 0
0.668775 0
0.105252 0
1.09101 0
0.523639 0
0.125688 0
0.557321 0
0.94498 0
1.39336 0
0.071012 0
1.35979 0
0.0392405 0
0.380383 0
0.98139 0
1.93537 0
0.122062 0
0.319868 0
0.102518 0
1.79114 0
0.300831 0
0.0512576 0
0.696527 0
0.176242 0
0.322372 0
0.263844 0
0.0862773 0
3.39969 0
2.07383 0
1.71245 0
0.223963 0
7.40518 0
0.258689 0
0.192688 0
0.175248 0
0.870621 0
1.13264 0
0.630626 0
0.457241 0
0.65103 0
0.975368 0
0.39248 0
2.00229 0
0.687061 0
0.516297 0
0.244801 0
0.622572 0
0.447126 0
0 0
0.221776 0
1.47872 0
0.823567 0
0.372236 0
0.344401 0
0.717209 0
1.85077 0
0.654227 0
3.5642 0
1.30658 0
1.01313 0
2.81206 0
0.190938 0
0.740487 0
0.272589 0
0.0974721 0
0.283444 0
0.29621 0
0.277839 0
0.454169 0
0.208381 0
0.270753 0
0.857297 0
5.44203 0
0.825814 0
0.530717 0
0.0849971 0
0.305137 0
0.516646 0
1.41491 0
0.106959 0
0.283867 0
0.177329 0
4.57675 0
2.00245 0
0.310611 0
0.391763 0
0.0879682 0
0.524111 0
1.00392 0
0.839757 0
0.40452 0
0.301749 0
0.257498 0
0.150907 0
1.01047 0
0.182276 0
3.34747 0
0.0987514 0
1.62726 0
0.547707 0
0.0704512 0
0.683389 0
0.917885 0
0.0376535 0
1.80929 0
1.65279 0
5.39687 0
0.600178 0
0.0752713 0
1.35562 0
0.115985 0
0.128808 0
0.17911 0
0.895176 0
1.37468 0
0.460149 0
0.1613 0
0.903857 0
