4.57291 1
0.851838 1
0.666805 1
0.66281 1
1.38681 1
2.62514 1
0.098583 1
0.32753 1
0.355028 1
0.0820917 1
1.95184 1
0.42438 1
0.175152 1
0.778278 1
0.269706 1
0.262929 1
0.18538 1
1.96562 1
3.00022 1
0.259301 1
6.80631 1
0.160521 1
0.725408 1
0.967277 1
2.74042 1
0.0951758 1
0.710763 1
1.0964 1
0.868837 1
1.06607 1
0.471819 1
1.37099 1
0.648827 1
0.242422 1
1.08201 1
1.1815 1
3.09386 1
3.22047 1
0.583614 1
0.829314 1
0.181635 1
1.23208 1
0.131697 1
1.56325 1
3.26956 1
0.931691 1
0.218284 1
0.14598 1
0.133035 1
1.08602 1
1.97953 1
1.01709 1
1.47252 1
0.160602 1
0.0115135 1
1.84626 1
6.69617 1
1.89366 1
0.978288 1
0.765303 1
1.65305 1
1.25091 1
0.210305 1
2.0235 1
2.36964 1
1.34314 1
0.810209 1
1.0048 1
0.190544 1
3.52944 1
0.253763 1
0.511061 1
0.480748 1
1.60985 1
0.464481 1
0.145388 1
1.00777 1
1.36409 1
0.281862 1
1.46039 1
3.20698 1
0.788154 1
4.35895 1
0.769916 1
0.0167573 1
1.92625 1
2.04165 1
0.134241 1
0.543276 1
2.10951 1
0.551612 1
0.250756 1
0.461182 1
0.262925 1
1.99346 1
1.17372 1
1.54378 1
1.06607 1
0.10959 1
0.0861119 1
0.125303 1
0.495783 1
1.43805 1
2.30521 1
0.198437 1
0.531382 1
0.40043 1
1.8107 1
0.829352 1
3.07419 1
1.3989 1
0.485861 1
0.545829 1
2.34426 1
1.98189 1
0.14107 1
0.759999 1
0.436093 1
0.496107 1
0.759279 1
0.608553 1
0.0771661 1
1.94038 1
1.57309 1
5.47728 1
0.17368 1
0.880927 1
0.391478 1
0.122553 1
2.84475 1
3.97926 1
1.01528 1
0.852797 1
1.94702 1
0.680601 1
0.807954 1
0.318559 1
0.490393 1
1.23624 1
0.5373 1
1.31178 1
0.243106 1
0.784709 1
0.3901 1
0.791421 1
0.278244 1
3.18485 1
0.177804 1
0.583887 1
3.69996 1
0.723263 1
4.32248 1
0.406584 1
10.1465 1
0.157816 1
0.0388805 1
0.110664 1
21.7581 1
1.21558 1
1.09564 1
2.55244 1
0.919759 1
0.415024 1
0.0758653 1
0.424762 1
0.375447 1
1.75503 1
0.586727 1
0.483821 1
1.06836 1
0.0625743 1
0.912813 1
0.804187 1
3.04576 1
0.470626 1
1.23283 1
0.599676 1
0.221636 1
0.838568 1
0.13466 1
1.30519 1
1.32756 1
0.554919 1
1.44539 1
1.09923 1
0.17304 1
1.83025 1
1.91712 1
0.811231 1
2.11261 1
0.819845 1
0.42907 1
3.91527 1
1.85103 1
1.46578 1
0.916007 1
0.964656 1
0.849246 1
0.564258 1
1.39722 1
0.23657 1
0.235831 1
4.37908 1
0.680392 1
0.133934 1
3.08772 1
0.134183 1
0.226617 1
0.813324 1
0.455922 1
4.10488 1
0.163757 1
0.985023 1
2.1111 1
2.94651 1
0.33686 1
2.12076 1
3.66202 1
0.834004 1
1.05304 1
0.76722 1
0.433068 1
0.138914 1
2.13602 1
0.210435 1
0.28855 1
0.504822 1
0.99127 1
0.605694 1
0.154405 1
0.844438 1
1.92846 1
0.909252 1
2.05846 1
3.79448 1
0.260356 1
1.81122 1
0.286308 1
0.13053 1
3.15974 1
0.193283 1
1.60641 1
0.618828 1
0.272965 1
1.55274 1
0.313254 1
1.05336 1
0.563705 1
2.0905 1
2.98895 1
1.1764 1
0.67457 1
0.297696 1
2.85746 1
0.68745 1
0.26104 1
0.447402 1
1.4856 1
6.19858 1
0.203242 1
0.545838 1
5.38212 1
0.0369212 1
1.16834 1
9.32402 1
1.08368 1
1.14263 1
0.064843 1
0.595434 1
0.581656 1
6.64544 1
0.582569 1
1.75698 1
0.236344 1
4.12045 1
0.301161 1
0.417378 1
1.4655 1
2.56791 1
206.73 1
0.788136 1
0.256132 1
1.89775 1
2.85789 1
0.499493 1
0.280928 1
2.5348 1
0.45045 1
0.353567 1
0.210935 1
0.230642 1
2.01008 1
0.405928 1
1.47601 1
5.02094 1
0.0471346 1
0.357128 1
0.415132 1
1.86352 1
5.51071 1
0.127078 1
0.919831 1
0.109041 1
0.165436 1
1.55667 1
0.265755 1
1.15236 1
1.56463 1
0.373981 1
2.46748 1
0.240657 1
1.47274 1
1.84515 1
0.756557 1
1.58471 1
1.09241 1
0.336846 1
3.40207 1
0.479564 1
0.54586 1
0.19489 1
12.0054 1
2.55064 1
1.33401 1
0.437769 1
0.0807314 1
0.135303 1
0.306541 1
0.604323 1
2.42882 1
2.6304 1
0.770611 1
0.588893 1
2.21649 1
0.279693 1
1.83007 1
1.09814 1
3.35883 1
0.102596 1
1.24213 1
3.31608 1
0.999631 1
0.367224 1
1.00312 1
0.39754 1
0.41409 1
1.61378 1
2.26161 1
0.905634 1
3.03094 1
1.16315 1
0.130789 1
0.257491 1
0.482809 1
0.547667 1
0.469174 1
1.72187 1
0.864522 1
1.03187 1
0.196058 1
1.0939 1
2.6386 1
0.108144 1
0.289342 1
0.298691 1
0.455379 1
3.71144 1
4.40723 1
1.19956 1
1.19931 1
0.774971 1
1.95567 1
2.94892 1
0.420287 1
0.166858 1
2.51122 1
0.583426 1
3.3563 1
0.250704 1
1.31558 1
0.0819441 1
0.364185 1
0.393446 1
0.857057 1
0.642053 1
0.0729755 1
0.310353 1
0.332758 1
1.78268 1
0.360345 1
1.90152 1
4.44433 1
0.693965 1
0.0867806 1
1.21425 1
1.43131 1
0.207981 1
1.83842 1
1.36227 1
2.60019 1
3.44298 1
1.49328 1
0.930658 1
0.298565 1
0.342639 1
0.0770224 1
1.61494 1
2.95833 1
0.659797 1
1.72409 1
0.40347 1
1.01529 1
2.34628 1
2.67094 1
5.54919 1
0.245433 1
2.71902 1
0.737335 1
2.7476 1
1.92921 1
0.226932 1
0.19281 1
0.775541 1
0.683358 1
0.60005 1
1.81448 1
0.352818 1
0.639404 1
1.42728 1
8.32237 1
0.710874 1
1.02481 1
0.444621 1
0.402202 1
2.30669 1
0.20074 1
2.21739 1
1.97364 1
0.901172 1
1.37018 1
0.591271 1
1.77876 1
0.387569 1
0.868994 1
0.121277 1
0.944023 1
0.999825 1
0.0840536 1
9.25118 1
2.74607 1
1.19687 1
2.53962 1
2.0663 1
1.21849 1
0.493243 1
1.53281 1
0.724509 1
0.0369978 1
0.415217 1
1.38313 1
1.59529 1
0.291834 1
0.191453 1
0.921079 1
0.14489 1
1.36174 1
1.43388 1
0.466301 1
0.601597 1
0.710593 1
8.32021 1
0.264246 1
3.48548 1
1.04176 1
0.609428 1
0.99707 1
1.43291 1
0.388762 1
3.66595 1
1.76661 1
0.194217 1
1.60418 1
1.46025 1
0.349558 1
0.425235 1
0.240822 1
0.777166 1
0.118996 1
0.288263 1
1.13438 1
1.51994 1
1.81065 1
0.463293 1
0.267749 1
3.82476 1
0.772666 1
1.77167 1
0.106675 1
0.812933 1
19.6013 1
0.539776 1
0.130074 1
0.796999 1
2.62565 1
0.104002 1
0.0926354 1
1.68439 1
0.318642 1
1.01478 1
1.42015 1
0.37821 1
1.87431 1
6.60298 1
0.131437 1
0.54132 1
0.0079556 1
2.62669 1
0.128102 1
3.02875 1
2.92657 1
0.396859 1
0.222802 1
1.23674 1
2.03542 1
0.34287 1
0.435503 1
0.853544 1
1.95345 1
0.504425 1
0.531137 1
0.973349 1
0.428864 1
4.55426 1
1.475 1
0.158362 1
0.146284 1
3.43284 1
1.493 1
2.90054 1
0.533699 1
0.418263 1
1.75276 1
0.920838 1
0.897585 1
1.93738 1
0.131946 1
0.45577 1
0.135396 1
1.78519 1
1.05758 1
0.275502 1
1.29539 1
0.279611 1
1.79089 1
1.08942 1
0.577736 1
1.06292 1
0.888257 1
0.186916 1
0.796266 1
0.877946 1
0.260098 1
1.23219 1
0.342699 1
0.960224 1
0.910313 1
1.82162 1
1.09388 1
3.32324 1
0.872842 1
1.44944 1
0.257553 1
1.86869 1
0.308221 1
1.38705 1
0.270184 1
26.7728 1
3.39472 1
5.79111 1
1.3073 1
2.62199 1
0.920532 1
0.553613 1
1.16703 1
1.78892 1
0.233426 1
2.62051 1
0.374366 1
0.148882 1
0.4491 1
0.151179 1
1.21913 1
0.40414 1
0.615693 1
0.933574 1
0.175132 1
2.90519 1
1.27939 1
5.50197 1
0.373296 1
2.14687 1
0.501832 1
1.14237 1
3.28077 1
1.51519 1
0.74161 1
1.81972 1
2.94212 1
3.05594 1
0.145771 1
2.16307 1
4.44995 1
2.71962 1
0.292551 1
0.461537 1
0.729609 1
1.62212 1
0.209549 1
3.20933 1
0.477859 1
0.153934 1
0.210382 1
0.893746 1
0.816839 1
13.1645 1
2.43213 1
1.36363 1
0.21915 1
4.80375 1
3.74435 1
0.995018 1
1.24323 1
0.884744 1
1.97042 1
3.01848 1
0.196585 1
0.318399 1
0.1571 1
2.31228 1
2.09438 1
0.80158 1
0.304021 1
3.61532 1
3.82191 1
0.828421 1
2.04434 1
2.25906 1
0.966125 1
0.176402 1
1.64399 1
0.500889 1
1.51687 1
0.93832 1
0.612619 1
0.172153 1
1.02507 1
3.7457 1
2.16542 1
0.532816 1
1.00784 1
0.730296 1
0.531094 1
0.587402 1
5.04356 1
0.292932 1
2.33947 1
0.210167 1
0.521204 1
0.0455248 1
1.71238 1
1.19877 1
2.41017 1
0.761276 1
169.154 1
0.583833 1
0.66275 1
0.222094 1
1.13962 1
0.863483 1
0.172563 1
1.40304 1
0.33705 1
1.10435 1
0.453123 1
0.55117 1
0.383705 1
0.956569 1
1.56276 1
0.273411 1
1.22761 1
0.695498 1
0.919209 1
2.07256 1
2.26018 1
3.6422 1
3.65714 1
2.5905 1
3.14098 1
1.57165 1
2.06626 1
0.183668 1
0.848887 1
0.542862 1
9.20773 1
0.206605 1
0.277043 1
1.50497 1
0.148128 1
0.202335 1
1.45889 1
0.721475 1
1.61847 1
4.08125 1
0.58088 1
0.125704 1
200.998 1
1.00184 1
0.828627 1
1.48048 1
2.30016 1
4.47979 1
0.955781 1
0.240909 1
0.48199 1
0.826326 1
0.474471 1
1.43875 1
4.6514 1
1.73769 1
1.35609 1
0.695368 1
0.222516 1
3.25169 1
0.566481 1
0.699381 1
0.976794 1
3.0168 1
1.61133 1
0.618756 1
0.397998 1
1.50152 1
0.302894 1
0.183842 1
0.579375 1
3.40886 1
1.31483 1
1.54003 1
1.29929 1
0.240934 1
0.198271 1
1.63546 1
0.256851 1
0.806774 1
4.06391 1
0.596548 1
0.588716 1
0.165039 1
1.34697 1
1.03456 1
0.705078 1
1.34801 1
1.38544 1
1.31455 1
0.984061 1
0.333081 1
0.916623 1
2.38079 1
4.44262 1
0.136764 1
2.00003 1
0.919946 1
9.77745 1
2.25916 1
0.193755 1
0.211523 1
3.15453 1
1.84644 1
0.531746 1
1.66818 1
1.17784 1
1.90424 1
0.24573 1
4.31206 1
1.34919 1
1.41153 1
1.10703 1
1.23738 1
0.181475 1
1.92992 1
0.687895 1
0.482541 1
0.529757 1
2.84074 1
1.39227 1
1.29963 1
0.686983 1
0.333562 1
1.4669 1
0.989307 1
0.541091 1
1.55539 1
0.61541 1
0.546048 1
1.82749 1
0.602091 1
0.310406 1
0.653071 1
0.667077 1
0.476169 1
0.300688 1
0.535471 1
0.828593 1
1.39852 1
0.889743 1
0.958184 1
0.772995 1
0.443735 1
0.527894 1
0.728011 1
0.376632 1
0.273749 1
0.610602 1
1.66807 1
1.61246 1
0.276328 1
0.688455 1
0.278916 1
0.667091 1
0.771018 1
1.60312 1
2.63302 1
0.0754171 1
0.606153 1
0.454791 1
0.695739 1
0.211744 1
0.561356 1
0.454351 1
6.65921 1
1.10434 1
0.275058 1
0.290046 1
1.88646 1
2.09113 1
0.817392 1
3.8182 1
0.353744 1
1.57483 1
1.5641 1
0.410434 1
1.09892 1
1.80549 1
1.08137 1
0.212968 1
0.46481 1
1.59299 1
1.68247 1
0.642801 1
1.79803 1
0.499927 1
0.454057 1
2.95512 1
2.56676 1
0.203995 1
1.3214 1
0.938013 1
0.262738 1
1.4 1
3.13954 1
0.223602 1
0.816064 1
0.28604 1
0.96565 1
0.105463 1
0.273279 1
0.385264 1
0.808084 1
1.35806 1
0.555105 1
1.05172 1
2.60882 1
1.09429 1
0.837123 1
0.925507 1
10.2452 1
22.1437 1
2.80814 1
0.376513 1
0.879903 1
0.124781 1
0.280284 1
1.69061 1
0.182337 1
0.282189 1
1.40793 1
0.235567 1
2.86437 1
0.117613 1
3.63595 1
0.481563 1
0.57981 1
3.78291 1
0.543026 1
1.10047 1
2.37985 1
0.236063 1
4.34797 1
0.713157 1
1.26734 1
0.693937 1
0.127035 1
2.2182 1
0.64934 1
0.638406 1
0.934324 1
0.680385 1
0.79829 1
2.74867 1
0.595152 1
0.145397 1
0.376576 1
0.949437 1
0.57138 1
0.436638 1
3.21567 1
3.67139 1
0.72852 1
4.11432 1
0.350678 1
3.76005 1
0.697043 1
0.563246 1
0.355442 1
0.196588 1
3.81996 1
1.13038 1
2.25047 1
0.406485 1
1.92681 1
0.91616 1
0.586296 1
0.369356 1
1.03919 1
1.75807 1
0.0878698 1
1.26788 1
15.0013 1
1.19366 1
2.10704 1
1.62873 1
1.04134 1
2.5504 1
0.649233 1
2.90372 1
0.34832 1
2.03878 1
0.951044 1
0.512331 1
0.340471 1
0.268978 1
0.248396 1
0.553783 1
0.65307 1
0.706591 1
1.04595 1
0.395869 1
0.277501 1
3.75321 1
0.0962529 1
0.3353 1
1.60346 1
0.106508 1
2.23508 1
0.0836198 1
0.231059 1
1.6958 1
0.512072 1
0.506948 1
1.1585 1
0.276902 1
0.193954 1
0.981204 1
1.8637 1
0.199072 1
3.71564 1
0.568267 1
0.859763 1
0.462124 1
0.991049 1
0.907762 1
0.292121 1
1.22306 1
0.197209 1
0.218032 1
1.64598 1
6.90428 1
0.612244 1
1.44609 1
0.593371 1
1.10673 1
2.08351 1
0.280641 1
1.99757 1
1.33433 1
1.78009 1
0.0280556 1
0.361713 1
0.983397 1
1.49757 1
1.16961 1
0.276156 1
0.401275 1
0.409593 1
0.32228 1
2.31924 1
1.27532 1
0.972416 1
1.54703 1
1.36336 1
0.684544 1
0.506764 1
0.310343 1
0.279763 1
0.671379 1
0.464472 1
2.34366 1
0.251276 1
0.199499 1
0.183042 1
0.597014 1
0.35293 1
0.128113 1
1.93229 1
0.861762 1
0.860074 1
0.133479 1
4.77946 1
1.11038 1
0.307803 1
0.169773 1
1.33739 1
0.272168 1
0.240056 1
1.25713 1
0.455255 1
1.62819 1
2.24958 1
1.40708 1
0.239033 1
1.63797 1
0.134856 1
0.592909 1
1.21587 1
1.07517 1
0.0847041 1
1.32466 1
0.410979 1
1.15006 1
0.0614404 1
3.43351 1
0.153234 1
2.51388 1
0.272014 1
0.101341 1
1.00396 1
1.06546 1
0.597797 1
0.225975 1
0.872147 1
1.08023 1
0.220405 1
2.1101 1
3.27266 1
2.64379 1
0.612402 1
1.86232 1
0.182976 1
0.548962 1
1.86519 1
0.987315 1
1.62346 0
0.402617 0
0.960729 0
0.245249 0
1.64163 0
4.37307 0
0.287582 0
0.150677 0
0.03449 0
0.492545 0
0.74432 0
3.71684 0
0.269758 0
0.131422 0
0.0774403 0
0.321315 0
0.102977 0
0.686509 0
0.0619029 0
2.3724 0
1.09538 0
0.0522096 0
0.449621 0
0.864382 0
0.0388855 0
0.138095 0
0.588499 0
0.00496503 0
0.713534 0
0.210311 0
0.0208071 0
0.00618389 0
0.749027 0
0.12741 0
1.52957 0
1.10493 0
0.760974 0
1.09212 0
0.6364 0
0.242339 0
0.816345 0
1.5461 0
0.654911 0
0.306926 0
1.06388 0
3.01821 0
2.52707 0
1.9152 0
0.0114479 0
0.182982 0
0.169814 0
0.461104 0
0.143694 0
1.01402 0
0.163405 0
0.260531 0
0.19317 0
0.33114 0
0.28204 0
0.296301 0
1.17633 0
0.154534 0
0.520258 0
2.26113 0
0.211772 0
0.85108 0
0.174844 0
0.270535 0
0.0907026 0
0.538081 0
0.243456 0
0.251627 0
0.407495 0
1.54171 0
0.150782 0
0.124437 0
0.622901 0
1.10286 0
0.145663 0
0.780143 0
0.446858 0
0.141495 0
0.208875 0
0.170648 0
0.165918 0
0.0724344 0
0.26981 0
2.26327 0
0.212828 0
0.163043 0
0.418148 0
0.735757 0
4.38499 0
0.18554 0
0.095427 0
0.255774 0
1.07747 0
0.13435 0
0.150241 0
1.47631 0
1.07241 0
1.35816 0
0.61044 0
1.16543 0
1.23291 0
0.21849 0
1.45473 0
0.262176 0
1.66089 0
3.57944 0
0.0654381 0
1.06588 0
0.0727241 0
0.192087 0
2.51762 0
0.151161 0
0.405451 0
1.09398 0
0.264357 0
2.8183 0
1.19453 0
0.161295 0
0.318958 0
2.48526 0
0.308857 0
0.392919 0
1.77718 0
0.523898 0
1.21672 0
0.416657 0
0.161418 0
0.127483 0
5.15417 0
0.872767 0
2.75156 0
1.45291 0
3.09575 0
2.09719 0
0.215972 0
0.0909431 0
1.33803 0
0.214919 0
0.11411 0
3.03255 0
2.97938 0
0.731389 0
0.0605077 0
0.234951 0
1.98147 0
1.25047 0
0.242682 0
7.40273 0
2.81596 0
1.02538 0
1.43636 0
1.50864 0
1.5232 0
0.40528 0
0.20417 0
1.33635 0
1.02141 0
0.544177 0
0.278732 0
3.81525 0
0.910022 0
3.24231 0
0.0925008 0
0.174618 0
0.679398 0
1.29806 0
4.99572 0
0.250055 0
0.499944 0
1.11645 0
2.47601 0
0.964314 0
0.152236 0
0.582689 0
0.512089 0
1.66045 0
3.86586 0
2.73141 0
0.611743 0
0.749967 0
0.0984572 0
0.173388 0
7.30688 0
0.121779 0
0.268795 0
1.38953 0
0.719986 0
2.83976 0
1.21034 0
1.3613 0
0.437475 0
0.129528 0
0.382989 0
0.135969 0
0.565479 0
0.695978 0
0.806581 0
0.525525 0
2.97648 0
1.82915 0
1.16432 0
0.090676 0
0.275296 0
2.20746 0
0.00563676 0
0.131713 0
0.276513 0
0.169742 0
0.131691 0
0.246399 0
0.0918869 0
2.87889 0
0.391578 0
0.140642 0
0.39504 0
1.32123 0
0.0986733 0
4.2055 0
0.514878 0
0.593831 0
0.528608 0
0.388876 0
0.933877 0
1.18333 0
0.331164 0
0.249514 0
0.233615 0
0.663495 0
0.113184 0
0.442053 0
0.583095 0
0.208047 0
1.0275 0
0.723278 0
0.245025 0
0.287976 0
0.168507 0
2.70375 0
0.397797 0
0.0364702 0
0.649918 0
0.638509 0
0.69177 0
0.399215 0
0.45019 0
0.122608 0
0.624128 0
0.343131 0
0.292092 0
1.74259 0
0.729818 0
0.233946 0
0.0707675 0
0.417804 0
0.237633 0
2.51527 0
2.39741 0
1.12184 0
0.376059 0
0.748492 0
0.39532 0
0.166088 0
0.140427 0
0.157532 0
0.328786 0
0.523356 0
0.142744 0
0.13738 0
0.127793 0
0.231629 0
0.384751 0
0.196199 0
0.267654 0
4.3513 0
2.15784 0
1.11728 0
0.264663 0
0.124353 0
3.59467 0
0.0839406 0
0.272754 0
0.197889 0
0.243896 0
0.230096 0
0.23077 0
0.19526 0
0.0827892 0
0.467139 0
2.98535 0
2.27149 0
0.328621 0
0.738544 0
0.326375 0
0.123411 0
0.166699 0
0.253669 0
0.141015 0
0.240764 0
0.176464 0
0.151722 0
0.246101 0
0.0877445 0
0.147899 0
0.484076 0
0.717886 0
1.98248 0
0.161624 0
1.06566 0
0.479871 0
0.765586 0
14.4754 0
0.830635 0
0.461322 0
0.136174 0
0.139751 0
0.257171 0
0.357361 0
0.217207 0
0.192863 0
0.251494 0
0.0586957 0
0.169309 0
0.454652 0
0.960169 0
0.0360033 0
0.223453 0
1.66189 0
0.237876 0
0.583398 0
0.356448 0
1.52497 0
0.80518 0
0.297105 0
0.0969468 0
0.181403 0
0.122467 0
1.89387 0
1.00217 0
0.117076 0
2.07417 0
2.85873 0
0.415739 0
0.548108 0
1.22535 0
0.318429 0
0.558932 0
0.36269 0
11.7786 0
0.42244 0
0.241007 0
0.0966038 0
0.120429 0
0.767386 0
1.2556 0
0.669606 0
0.245942 0
0.639331 0
0.13733 0
0.773994 0
2.26416 0
0.477737 0
1.18187 0
0.435082 0
0.0553389 0
0.962779 0
0.0776241 0
0.484828 0
0.958893 0
0.17462 0
0.217906 0
0.274625 0
0.259347 0
0.0897687 0
0.355676 0
0.21761 0
2.23526 0
0.247051 0
0.470251 0
0.49062 0
1.46292 0
0.111937 0
2.05808 0
1.05466 0
0.857988 0
0.311905 0
0.258043 0
0.672001 0
0.684917 0
0.116378 0
0.172157 0
0.541609 0
0.0247365 0
0.102338 0
1.3533 0
0.390386 0
0.823899 0
1.7464 0
0.186723 0
0.280567 0
2.4249 0
0.138997 0
0.130331 0
2.18224 0
1.06752 0
0.918724 0
0.0165428 0
0.672029 0
0.139905 0
1.05937 0
1.55161 0
0.575868 0
1.22349 0
0.228886 0
1.79323 0
0.58029 0
0.110758 0
0.325979 0
0.814922 0
0.169794 0
0.359508 0
3.13806 0
0.236408 0
1.87371 0
6.44368 0
0.372051 0
0.230448 0
0.298701 0
0.155207 0
0.2495 0
0.417404 0
0.207843 0
1.05772 0
0.241688 0
1.85928 0
0.830198 0
0.98645 0
0.171617 0
0.35959 0
2.30738 0
0.126504 0
0.115191 0
0.277821 0
0.14846 0
0.245238 0
0.271673 0
0.276727 0
4.77065 0
1.8196 0
1.70088 0
0.127088 0
3.61752 0
0.211358 0
0.12404 0
0.181303 0
0.288781 0
0.810438 0
0.206275 0
0.161807 0
2.63183 0
0.22358 0
0.122229 0
3.19534 0
0.0644184 0
2.25669 0
0.430472 0
1.14378 0
0.502133 0
0.393222 0
1.2898 0
0.812137 0
0.102791 0
1.09923 0
0.914967 0
0.16645 0
1.30267 0
0.297284 0
8.44423 0
0.736704 0
0.208018 0
0.197022 0
0.753822 0
0.18738 0
2.0954 0
2.04459 0
3.30473 0
0.268782 0
0.34344 0
0.223572 0
0.17375 0
0.525782 0
5.03521 0
0.934851 0
0.0542627 0
0.323973 0
0.169374 0
0.55473 0
0.422107 0
1.02219 0
0.181855 0
0.990595 0
0.334916 0
0.0419962 0
0.386085 0
0.380553 0
0.11481 0
0.793146 0
1.29337 0
0.325269 0
0.185773 0
0.0346667 0
0.0866433 0
0.10684 0
5.56645 0
0.362061 0
0.723485 0
0.23889 0
0.4745 0
0.124373 0
0.288658 0
0.850341 0
0.166199 0
0.159296 0
0.119054 0
1.4229 0
0.445683 0
0.698148 0
2.13333 0
44.2643 0
3.26361 0
0.398829 0
0.48427 0
0.851429 0
0.120969 0
0.861244 0
1.81564 0
0.993512 0
0.0106667 0
0.382749 0
0.274073 0
0.782845 0
1.278 0
3.33481 0
0.111937 0
0.178759 0
1.23468 0
1.06256 0
0.702931 0
0.287494 0
0.229652 0
3.03571 0
0.318602 0
0.56298 0
0.417085 0
0.170498 0
0.00440367 0
0.344554 0
0.290448 0
1.4842 0
0.780559 0
0.0573907 0
1.46792 0
0.435203 0
0.734826 0
0.258013 0
0.567104 0
1.31502 0
1.19478 0
0.233217 0
0.25596 0
1.18262 0
1.5855 0
1.10756 0
0.184752 0
0.617123 0
0.440364 0
4.02194 0
0.808751 0
3.57506 0
1.67259 0
0.39213 0
0.21774 0
0.331104 0
0.204945 0
1.21866 0
0.558689 0
0.490411 0
0.0859849 0
4.32063 0
21.2892 0
2.23639 0
0.994871 0
0.0786164 0
0.0273759 0
0.298308 0
0.235904 0
0.388874 0
0.0862686 0
0.309969 0
0.340899 0
0.344057 0
0.293731 0
0.227489 0
0.407061 0
0.037159 0
0.287735 0
1.19416 0
0.557268 0
0.164671 0
0.327662 0
1.21922 0
0.906306 0
0.138013 0
0.245617 0
0.00503018 0
0.498357 0
0.468082 0
0.621805 0
0.199765 0
2.55334 0
0.211588 0
0.131355 0
0.25369 0
0.134329 0
2.42054 0
2.39299 0
0.215187 0
0.026558 0
0.172221 0
1.57257 0
0.69383 0
0.296882 0
0.514121 0
1.73978 0
0.0840839 0
0.202427 0
0.866837 0
0.219695 0
0.367987 0
1.41084 0
0.156986 0
0.244117 0
1.85616 0
0.493318 0
0.158487 0
1.81056 0
0.155124 0
0.0709722 0
0.457034 0
0.278216 0
0.576258 0
0.436672 0
0.504998 0
0.192755 0
1.67446 0
0.0163291 0
0.48967 0
0.395723 0
0.650682 0
0.552593 0
0.053263 0
0.143709 0
1.5361 0
0.17324 0
4.47605 0
0.803289 0
0.748829 0
0.298657 0
0.122179 0
1.55469 0
0.128116 0
1.61012 0
0.392674 0
0.144738 0
0.485174 0
0.221982 0
0.885472 0
0.214355 0
0.0959065 0
1.68951 0
1.31982 0
0.660778 0
0.127582 0
0.00503123 0
0.170327 0
1.41858 0
0.717078 0
0.140531 0
1.92474 0
0.138521 0
0.226086 0
1.38201 0
0.472189 0
0.969493 0
0.179036 0
0.792065 0
0.611057 0
1.06477 0
0.705887 0
0.821403 0
1.80042 0
0.514388 0
0.395944 0
0.243771 0
0.202763 0
2.19271 0
0.420987 0
0.187292 0
0.426831 0
0.466328 0
1.43793 0
0.977535 0
0.338748 0
5.14574 0
0.157271 0
0.10103 0
0.142301 0
0.0962842 0
0.268973 0
0.70574 0
0.830027 0
0.944107 0
0.100622 0
0.358702 0
1.00933 0
0.127179 0
0.126294 0
5.72778 0
1.85639 0
0.287262 0
0.158683 0
0.0983318 0
3.5164 0
0.421185 0
0.244236 0
0.231472 0
0.603512 0
0.18049 0
0.210859 0
0.160393 0
1.86398 0
1.53476 0
1.7238 0
0.175571 0
0.315668 0
0.144968 0
0.125398 0
0.163823 0
1.24023 0
0.144224 0
0.857776 0
1.14619 0
0.238054 0
0.537715 0
1.84875 0
0.0905132 0
1.1151 0
0.175865 0
0.855979 0
0.141116 0
0.228598 0
0.404669 0
0.941472 0
0.512719 0
0.248604 0
0.158907 0
0.447372 0
2.07077 0
0.304481 0
0.308176 0
0.575468 0
0.133448 0
1.25909 0
0.808056 0
0.208232 0
3.03183 0
0.802162 0
0.0814737 0
4.03857 0
1.04188 0
0.193854 0
0.0413195 0
1.90841 0
0.488577 0
0.572395 0
0.136042 0
0.193797 0
1.53319 0
0.423562 0
0.291148 0
0.64856 0
0.118348 0
2.15468 0
0.895345 0
0.160863 0
0.196872 0
0.427389 0
0.156366 0
0.513505 0
1.15442 0
0.25705 0
0.280441 0
1.43309 0
1.48348 0
0.187337 0
1.16824 0
0.109157 0
0.724626 0
3.86245 0
0.600354 0
0.0992618 0
0.113262 0
0.20247 0
5.9496 0
0.452703 0
0.178245 0
0.925103 0
0.150698 0
0.201092 0
0.117223 0
0.117601 0
0.383306 0
0.255866 0
0.51544 0
1.06114 0
0.368571 0
0.618019 0
0.814106 0
0.130267 0
0.195276 0
0.293979 0
0.381089 0
0.624511 0
0.762645 0
1.38925 0
1.30033 0
1.01123 0
0.842588 0
2.5418 0
0.381273 0
1.17803 0
0.145646 0
1.23042 0
0.140947 0
1.39854 0
0.67091 0
0.0592308 0
0.610224 0
1.97414 0
0.283003 0
0.0884568 0
0.536939 0
1.04092 0
0.535621 0
0.364044 0
1.53292 0
0.763798 0
0.252564 0
0.0911488 0
0.782775 0
1.20459 0
0.857672 0
0.478928 0
0.0830884 0
0.298227 0
0.161591 0
0.209038 0
0.369775 0
0.156526 0
0.200888 0
0.471176 0
0.0558639 0
0.182868 0
1.32655 0
3.23548 0
3.38125 0
3.18302 0
0.0820563 0
0.315818 0
2.19 0
0.339078 0
0.204641 0
1.22497 0
4.5212 0
1.54549 0
1.13931 0
0.69966 0
0.180955 0
0.285915 0
0.178351 0
1.39024 0
1.05241 0
1.90261 0
1.64846 0
1.7226 0
1.89903 0
0.305868 0
1.4623 0
2.30542 0
0.247679 0
0.325136 0
1.71343 0
0.066416 0
2.91279 0
0.771269 0
1.97647 0
0.544237 0
0.204363 0
0.427307 0
2.02326 0
0.906846 0
0.132417 0
0.16927 0
0.126896 0
0.643214 0
0.200613 0
1.50441 0
0.620135 0
1.55468 0
0.0431537 0
0.620751 0
0.188948 0
0.207147 0
0.747425 0
0.511211 0
0.189744 0
0.14918 0
0.424105 0
0.598506 0
0.143225 0
0.150528 0
0.320916 0
2.08038 0
1.56079 0
0.582099 0
0.139152 0
0.801756 0
1.89832 0
0.306079 0
0.0540016 0
1.13245 0
0.913007 0
22.6249 0
0.144949 0
1.48901 0
0.24622 0
0.611537 0
0.608306 0
1.72621 0
0.216184 0
0.520784 0
0.322595 0
0.123577 0
0.336418 0
0.101904 0
3.84432 0
0.394188 0
1.30508 0
0.182228 0
0.127433 0
1.72239 0
1.63651 0
1.03324 0
0.245068 0
1.00845 0
0.38925 0
0.629151 0
0.13575 0
2.40108 0
2.06154 0
0.195664 0
0.0992602 0
0.939008 0
7.96146 0
0.0174123 0
0.979395 0
0.665322 0
0.217638 0
1.45352 0
0.151505 0
0.250148 0
1.6053 0
0.311954 0
0.386121 0
0.415381 0
0.0517991 0
0.235448 0
0.445324 0
0.358179 0
0.448309 0
1.15442 0
0.381559 0
0.0688694 0
0.182515 0
3.59811 0
0.843383 0
0.468536 0
0.375666 0
0.261366 0
0.208942 0
0.13317 0
0.453611 0
0.433241 0
0.51747 0
0.25809 0
0.275506 0
1.92808 0
0.525035 0
0.210953 0
0.137924 0
0.557865 0
4.23792 0
4.54228 0
0.922135 0
0.155572 0
0.0768438 0
0.391158 0
1.16705 0
1.55047 0
0.138464 0
0.383072 0
0.145778 0
0.627486 0
0.109789 0
1.60876 0
0.211849 0
0.139744 0
0.0537309 0
0.0999472 0
1.06701 0
0.999494 0
4.05122 0
17.8007 0
2.15641 0
7.7627 0
0.915902 0
0.100415 0
0.123654 0
0.28173 0
2.31075 0
0.0346942 0
1.05293 0
2.32117 0
0.140166 0
0.342901 0
0.773251 0
0.871968 0
0.364094 0
0.518208 0
1.12464 0
0.57525 0
0.278075 0
0.284898 0
1.81944 0
1.05003 0
0.902564 0
0.946748 0
0.0930441 0
0.627118 0
1.7761 0
0.0283943 0
0.78921 0
0.770697 0
0.550098 0
0.122731 0
0.137252 0
0.342063 0
0.396257 0
0.0403521 0
1.92873 0
1.4425 0
4.82013 0
2.02544 0
0.152508 0
0.423019 0
0.839144 0
0.256971 0
