1.02569 1
1.03802 1
0.657841 1
0.238192 1
4.29432 1
0.634456 1
0.290236 1
0.125207 1
0.683143 1
0.572419 1
3.01848 1
1.44976 1
0.25519 1
4.07168 1
1.03686 1
1.8779 1
0.221187 1
0.646754 1
4.40251 1
0.0343345 1
3.5078 1
0.596324 1
0.604964 1
0.0879657 1
0.325668 1
0.349691 1
0.259144 1
0.421139 1
0.772587 1
0.828978 1
0.651446 1
2.7498 1
0.137213 1
0.199243 1
0.131861 1
0.38462 1
0.786496 1
0.331168 1
1.64834 1
1.0402 1
19.8763 1
0.126321 1
1.51245 1
0.427975 1
0.83273 1
4.45542 1
2.24224 1
0.239371 1
0.408552 1
0.301071 1
0.203428 1
2.67961 1
2.46876 1
0.140228 1
0.187542 1
0.781339 1
1.00491 1
0.385271 1
1.20921 1
2.1465 1
2.58644 1
1.35596 1
1.54732 1
0.267536 1
0.596553 1
0.203259 1
203.149 1
0.385654 1
0.404295 1
0.85766 1
1.15907 1
0.465863 1
5.8023 1
0.223329 1
4.76309 1
0.541028 1
5.31857 1
4.81421 1
0.618879 1
0.718825 1
4.25234 1
0.0707342 1
1.11608 1
1.8997 1
1.14858 1
3.05209 1
0.526938 1
0.164861 1
2.62808 1
0.529268 1
0.160322 1
0.368406 1
0.679663 1
1.61512 1
1.01488 1
0.685455 1
0.158594 1
0.366642 1
1.6674 1
1.51736 1
0.333427 1
0.944562 1
1.23005 1
0.250658 1
2.20407 1
0.267163 1
0.50583 1
0.28058 1
0.287179 1
1.1583 1
1.58688 1
1.65303 1
1.01349 1
0.725463 1
24.2883 1
1.12466 1
0.901502 1
2.52238 1
2.84034 1
0.800363 1
0.231518 1
3.15858 1
1.17436 1
0.206079 1
0.308458 1
0.229327 1
2.5211 1
1.55339 1
1.6365 1
0.533898 1
0.490373 1
2.56683 1
1.76531 1
0.683201 1
1.49799 1
1.86294 1
0.502332 1
0.970026 1
3.73917 1
1.06178 1
0.130441 1
1.26143 1
0.447855 1
0.232849 1
0.98587 1
0.206681 1
0.349918 1
2.87329 1
0.258518 1
2.36396 1
0.563627 1
0.114535 1
0.523813 1
0.581236 1
0.358625 1
3.31307 1
0.761987 1
1.74428 1
0.817298 1
0.21666 1
1.29115 1
1.12158 1
0.213497 1
0.866638 1
1.14614 1
2.05341 1
0.875136 1
0.433741 1
0.386276 1
0.470885 1
0.230374 1
0.177809 1
7.7237 1
1.64223 1
0.292396 1
0.249505 1
0.469307 1
1.42976 1
0.227172 1
0.4976 1
0.690839 1
1.19918 1
0.383302 1
1.70137 1
1.77552 1
1.16423 1
1.66898 1
0.580002 1
0.0921824 1
2.04602 1
3.05033 1
4.59238 1
0.379642 1
1.09299 1
5.82732 1
0.63282 1
1.88994 1
2.48613 1
0.371263 1
0.132401 1
1.34625 1
5.06883 1
0.419333 1
3.61544 1
0.101893 1
1.58854 1
4.25443 1
3.54507 1
2.24675 1
0.237833 1
7.20343 1
6.31817 1
2.14163 1
0.203932 1
0.631545 1
0.221038 1
0.116105 1
0.0947712 1
0.401307 1
3.90037 1
0.176264 1
3.13068 1
0.298943 1
0.047211 1
0.525968 1
1.83034 1
0.263198 1
1.60643 1
0.159468 1
3.58798 1
0.404379 1
1.35759 1
1.26298 1
0.41386 1
3.40202 1
0.158214 1
0.837919 1
2.22285 1
0.773964 1
0.211777 1
1.84674 1
0.133471 1
0.0564233 1
0.510149 1
0.407132 1
0.099069 1
2.54157 1
1.74413 1
0.425836 1
1.5926 1
3.42654 1
1.77247 1
0.184583 1
0.308997 1
0.555758 1
0.225709 1
1.82045 1
0.447268 1
0.359235 1
1.11243 1
1.63857 1
0.252144 1
0.134879 1
1.22495 1
1.6329 1
3.22882 1
0.899911 1
2.50854 1
0.716319 1
0.961241 1
1.46739 1
1.63762 1
1.78242 1
0.144109 1
3.09817 1
1.02797 1
0.20904 1
1.74584 1
2.25521 1
0.777869 1
3.46358 1
0.62064 1
0.218185 1
1.00719 1
0.72743 1
0.861834 1
0.0869063 1
3.60682 1
0.561085 1
0.258397 1
0.128691 1
0.949162 1
0 1
0.115204 1
1.38948 1
0.175146 1
0.944798 1
1.24997 1
0.312283 1
0.438303 1
1.71548 1
0.140179 1
0.405441 1
0.674923 1
0.198003 1
0.455941 1
0.309468 1
0.115921 1
1.06616 1
0.335446 1
12.1856 1
1.95168 1
0.250325 1
0.426206 1
2.20115 1
1.51946 1
3.07271 1
1.4271 1
0.271506 1
0.260508 1
1.01789 1
0.983147 1
5.56102 1
0.891999 1
0.0941307 1
0.166824 1
0.299365 1
0.544011 1
0.864572 1
0.363877 1
0.387447 1
0.986161 1
1.65842 1
1.64399 1
0.0900563 1
0.120211 1
3.77598 1
0.322587 1
2.10615 1
0.305751 1
0.297668 1
2.30243 1
18.1733 1
4.603 1
0.156422 1
3.98205 1
2.41043 1
3.06712 1
0.0403963 1
3.60237 1
1.83069 1
1.02586 1
0.126178 1
0.206379 1
1.55793 1
6.03378 1
0.531734 1
0.327338 1
0.298736 1
0.434261 1
0.55162 1
1.48713 1
0.304645 1
4.82603 1
1.40771 1
0.90335 1
0.211393 1
1.20125 1
0.21705 1
1.90251 1
0.877552 1
0.221812 1
0.217325 1
0.486804 1
0.146827 1
0.46059 1
1.65071 1
1.31928 1
1.13067 1
4.03562 1
1.07303 1
0.776487 1
0.371918 1
0.664269 1
2.72173 1
2.70653 1
0.952352 1
0.462584 1
0.146052 1
0.68749 1
4.05585 1
5.05958 1
2.5928 1
0.0619231 1
0.40233 1
10.1325 1
0.464163 1
0.514126 1
1.9106 1
5.04105 1
1.90299 1
0.29306 1
214.204 1
0.207128 1
0.212946 1
1.09021 1
1.13445 1
1.69959 1
6.51027 1
0.403738 1
0.408619 1
4.01305 1
1.04748 1
2.16413 1
4.94664 1
4.36478 1
0.0648699 1
1.50507 1
0.870748 1
5.3501 1
0.152797 1
0.687364 1
1.45698 1
0.433068 1
0.229872 1
0.970607 1
0.672364 1
0.391772 1
1.04972 1
0.228415 1
0.0990353 1
0.207504 1
3.23541 1
0.542897 1
2.11625 1
0.251294 1
1.02805 1
0.40705 1
2.67928 1
2.78116 1
1.09427 1
2.05011 1
0.218705 1
2.24861 1
0.564043 1
1.7708 1
0.217744 1
1.06817 1
1.88422 1
0.563807 1
1.12683 1
2.00958 1
0.730717 1
1.66062 1
0.688949 1
0.258028 1
0.455755 1
1.44147 1
0.124394 1
0.969208 1
0.561127 1
0.368492 1
1.11141 1
0.656605 1
1.06202 1
1.45493 1
0.451186 1
4.59847 1
0.797323 1
3.80712 1
0.132716 1
1.46308 1
0.845938 1
0.166676 1
3.51881 1
1.99328 1
0.0474491 1
0.54133 1
0.421364 1
0.815539 1
1.10909 1
1.00937 1
0.135818 1
1.10185 1
2.90863 1
17.6589 1
1.91739 1
2.43184 1
0.799449 1
0.723426 1
1.93942 1
1.17764 1
2.76225 1
0.0895341 1
0.191653 1
3.48936 1
0.351508 1
1.60816 1
0.107931 1
0.959768 1
1.55962 1
0.540125 1
0.352474 1
0.475898 1
1.02637 1
1.25347 1
2.84962 1
0.671223 1
1.42433 1
0.138336 1
7.83336 1
0.442221 1
1.22541 1
0.233777 1
0.986849 1
0.26595 1
2.26977 1
1.22597 1
0.304896 1
3.94238 1
0.644 1
2.37421 1
1.05826 1
5.98479 1
4.37254 1
0.944991 1
0.598799 1
0.89853 1
2.57229 1
1.56418 1
2.17408 1
0.144219 1
0.16132 1
1.57547 1
2.00032 1
0.38187 1
2.5272 1
0.145732 1
0.557861 1
0.953879 1
0.380142 1
1.05165 1
0.179612 1
2.87725 1
4.81303 1
1.34978 1
0.395119 1
0.172005 1
3.11034 1
0.770875 1
0.25085 1
1.50974 1
3.71733 1
3.22902 1
0.814818 1
1.28674 1
2.39322 1
1.92499 1
1.44939 1
1.0106 1
0.0688972 1
0.110779 1
2.13742 1
0.903835 1
0.197719 1
0.186804 1
1.65107 1
2.11993 1
0.211958 1
0.228293 1
0.108304 1
2.66239 1
2.67841 1
0.302343 1
0.171918 1
2.5957 1
1.41451 1
4.72618 1
0.0295126 1
1.16375 1
3.35179 1
3.00055 1
10.4484 1
1.41943 1
0.410247 1
3.44633 1
0.484726 1
2.0221 1
1.24055 1
0.379206 1
0.322913 1
1.06435 1
2.09234 1
0.901105 1
0.648058 1
1.66742 1
0.147684 1
0.320931 1
0.389299 1
0.874219 1
1.26025 1
0.856789 1
1.66233 1
1.61231 1
0.362505 1
0.252501 1
0.806381 1
2.3941 1
1.52681 1
0.281925 1
0.326353 1
1.10689 1
0.57766 1
0.133465 1
2.09225 1
1.10168 1
1.66755 1
0.656826 1
0.181063 1
10.209 1
1.37138 1
0.280719 1
0.304031 1
0.184371 1
0.13328 1
7.84121 1
0.129667 1
1.18866 1
0.185417 1
0.238118 1
9.30289 1
1.4433 1
0.0835099 1
6.33025 1
1.70786 1
2.38418 1
6.90764 1
4.57091 1
0.483443 1
2.80502 1
0.3185 1
2.88352 1
2.81672 1
0.303964 1
0.676798 1
4.51413 1
4.02309 1
1.4607 1
3.34029 1
2.49679 1
2.0715 1
1.01161 1
0.511104 1
0.126866 1
0.606416 1
1.66933 1
0.447993 1
3.54412 1
0.486556 1
0.197826 1
0.859502 1
1.7559 1
0.615975 1
1.53503 1
0.445187 1
3.29032 1
0.111617 1
0.0630868 1
0.155474 1
0.386357 1
0.0952635 1
0.18946 1
1.73848 1
0.338518 1
2.08837 1
7.14153 1
0.178088 1
1.4061 1
0.871579 1
55.046 1
0.186158 1
0.456419 1
0.121225 1
0.605367 1
1.1103 1
0.185108 1
0.853931 1
1.56838 1
0.0803158 1
2.57973 1
1.26415 1
2.36038 1
0.893887 1
1.22239 1
2.14023 1
0.297657 1
1.95457 1
1.86209 1
1.10012 1
0.249801 1
0.365052 1
0.178905 1
0.202988 1
1.14813 1
0.157813 1
0.16536 1
0.0939691 1
0.273659 1
0.898912 1
0.157393 1
1.45964 1
0.175868 1
0.409019 1
5.4724 1
1.77016 1
0.584553 1
0.137725 1
1.04709 1
3.62908 1
0.243115 1
1.23446 1
2.31065 1
1.49432 1
0.127487 1
0.826806 1
3.73711 1
0.916162 1
0.347764 1
0.281362 1
1.55305 1
3.96284 1
5.45687 1
0.818717 1
0.769093 1
0.240059 1
0.0981622 1
2.91742 1
0.555233 1
1.71951 1
0.238344 1
0.541689 1
3.71559 1
0.493219 1
1.14521 1
0.190332 1
0.220235 1
3.77624 1
0.578534 1
0.234106 1
0.0160127 1
0.461457 1
0.595452 1
6.03728 1
0.833251 1
0.880002 1
1.08689 1
0.377757 1
0.956479 1
167.201 1
1.75222 1
4.0062 1
0.707032 1
2.0258 1
0.240656 1
0.181852 1
0.0993351 1
6.01525 1
0.915982 1
0.140525 1
0.333923 1
0.60758 1
0.887448 1
1.67818 1
0.222518 1
0.175484 1
0.791859 1
0.266193 1
0.725451 1
5.28936 1
0.173909 1
0.77166 1
134.41 1
0.367183 1
0.178353 1
3.46485 1
0.207367 1
0.507722 1
0.366856 1
0.156855 1
1.46837 1
0.572473 1
1.31628 1
1.09197 1
0.161641 1
4.25273 1
1.5601 1
25.4261 1
1.83231 1
0.538991 1
1.65407 1
0.448311 1
1.55435 1
0.119786 1
1.14781 1
1.00888 1
0.0146667 1
1.0249 1
1.16904 1
1.85681 1
2.92071 1
0.690072 1
1.13579 1
1.13733 1
0.892334 1
1.10218 1
3.11303 1
0.84211 1
5.67472 1
0.605322 1
0.320733 1
0.991155 1
2.31778 1
1.22259 1
1.379 1
1.58763 1
1.47576 1
0.525531 1
8.92062 1
1.25058 1
0.19483 1
2.94114 1
0.0932976 1
0.340907 1
0.783485 1
0.590145 1
0.999913 1
0.218826 1
1.09205 1
1.18656 1
0.188264 1
1.8683 1
0.868076 1
3.2408 1
0.886832 1
0.146789 1
0.492664 1
0.384781 1
3.25046 1
0.172763 1
0.293156 1
2.28107 1
0.652702 1
1.20677 1
7.07241 1
2.45935 1
0.142542 1
0.614344 1
1.82558 1
0.318871 1
0.645195 1
1.35037 1
4.62266 1
1.64748 1
0.539232 1
0.436215 1
0.878434 1
0.80985 1
0.253405 1
4.75253 1
2.60374 1
3.17516 1
1.06012 1
3.75701 1
2.05901 1
7.70377 1
3.82202 1
0.380452 1
0.463231 1
1.00705 1
0.350947 1
0.297522 1
0.147694 1
0.781187 1
3.00353 1
0.854169 1
1.38468 1
0.157923 1
0.472236 1
2.30315 1
0.518432 1
2.77893 1
1.50846 1
0.300853 1
0.095682 1
0.108953 1
1.17445 1
2.62584 1
2.55181 1
1.61443 1
1.06203 1
0.980991 1
0.0664949 1
0.231259 1
1.18067 1
4.27026 1
0.835719 1
13.2339 1
0.543233 1
0.336269 1
3.40612 1
1.19312 1
0.624357 1
0.202303 1
0.125874 1
0.0255753 1
0.558372 1
2.62365 1
0.331276 1
0.302302 1
0.163017 1
0.521891 1
0.308224 1
0.0612815 1
1.0897 1
0.668472 1
6.46787 1
1.56112 1
0.912202 1
0.210972 1
0.872901 1
0.625873 1
1.65658 1
4.91676 1
0.610858 1
0.350991 1
0.364005 1
0.0815392 1
1.88246 1
0.158249 1
2.12892 1
0.111615 1
0.32198 1
0.455679 1
0.490848 1
0.17972 1
0.0878438 1
1.1227 1
0.287106 1
0.141946 1
0.608906 1
3.66588 1
0.198687 1
0.432135 1
1.35249 1
0.219703 1
0.234211 1
0.944445 1
0.249509 1
0.219135 1
1.72079 1
6.18427 1
0.54954 1
0.440976 1
0.928009 1
0.166569 1
1.11905 1
1.83181 1
0.283645 1
0.450133 1
0.327793 1
0.140281 1
1.70866 1
2.57591 1
0.278438 1
2.83572 1
0.709709 1
0.318861 1
0.49461 1
1.89822 1
0.30691 1
1.69789 1
1.4314 1
1.15132 1
0.225491 1
2.23946 1
1.5692 1
5.64038 1
0.646044 1
1.85271 1
2.31577 1
0.104894 1
0.31953 1
1.14231 1
0.478863 1
0.133725 1
2.48855 1
0.389575 1
1.98255 1
1.59118 1
0.724872 1
0.927908 1
0.871615 1
0.0870454 1
0.181301 1
0.861566 1
1.01484 1
1.69379 1
2.31508 1
1.92091 1
1.80464 1
5.82099 1
0.0365462 1
0.431634 1
0.931859 1
2.7078 1
0.26256 1
0.802552 1
3.47192 1
1.0164 1
0.524439 1
0.950939 1
5.6781 1
0.432855 1
1.02633 1
0.3726 1
2.03238 1
0.324417 1
0.215455 1
1.30619 1
0.519 1
0.157649 1
1.7679 1
1.16188 1
3.2989 1
0.236898 1
0.258261 1
0.220462 1
0.489014 1
3.70163 1
0.69242 1
3.7831 1
1.63577 1
0.405963 1
0.0884735 1
0.67065 1
1.16378 1
0.220426 1
0.882488 1
1.85822 1
2.4604 1
0.572861 1
0.609609 1
0.51236 1
2.41196 1
0.30882 1
0.48034 1
1.07494 1
3.4642 1
5.69899 1
2.36338 1
1.62101 1
0.525085 1
0.193332 1
4.02351 1
0.950336 1
1.55297 1
1.53885 1
1.1981 1
2.01587 1
0.58054 1
2.39756 1
0.732488 1
0.535414 1
1.42032 1
2.39176 1
0.0559962 1
2.77615 1
1.2588 1
0.225145 1
1.43576 1
1.05663 1
0.294868 1
0.719687 1
0.0334385 1
1.31921 1
0.313761 1
1.22377 1
2.90422 1
0.870523 1
18.8318 1
20.7581 1
1.12633 1
0.763675 1
2.17849 1
0.149186 1
36.0279 1
0.00760343 1
0.631087 1
0.693496 1
0.463926 1
0.314575 1
0.767177 1
0.480337 1
0.681664 1
2.31753 1
0.136769 1
0.147188 1
2.11069 1
2.4503 1
0.323223 1
5.08741 1
0.163 1
0.255992 1
1.01367 1
1.46419 1
0.603946 1
1.81874 1
0.327541 1
5.38117 1
0.240632 1
1.49223 1
2.62611 1
3.54646 1
0.279114 1
2.32113 1
0.917998 1
0.422436 1
0.416376 1
6.22718 1
0.0538477 0
0.3117 0
0.178483 0
0.243621 0
0.436826 0
0.800345 0
0.163253 0
0.375848 0
0.275968 0
0.523248 0
4.91101 0
0.0784728 0
0.270674 0
0.255342 0
1.55308 0
1.083 0
0.761691 0
0.798667 0
0.61517 0
1.18612 0
1.11775 0
0.0410938 0
2.82872 0
0.841474 0
0.261573 0
0.171502 0
0.764956 0
0.155767 0
0.404375 0
0.0143997 0
1.19679 0
0.0293826 0
1.26831 0
0.204204 0
0.239358 0
1.24252 0
0.223956 0
0.490993 0
0.689289 0
0.962275 0
0.534137 0
0.27779 0
0.119678 0
0.378964 0
0.220781 0
0.503949 0
0.164727 0
0.196952 0
0.362047 0
0.0185088 0
0.341148 0
3.6944 0
0.240705 0
0.104203 0
0.575055 0
0.474955 0
2.15695 0
0.630008 0
5.83341 0
0.202106 0
0.841008 0
0.432401 0
0.363502 0
0.886102 0
0.160235 0
0.355809 0
1.0098 0
0.125057 0
3.64236 0
0.11136 0
0.291975 0
0.0894015 0
0.0985259 0
0.266503 0
0.380624 0
0.728753 0
0.0654464 0
0.920374 0
0.119837 0
0.303709 0
0.330199 0
0.232296 0
1.35978 0
0.11839 0
0.0847645 0
0.0912991 0
0.192441 0
0.25216 0
0.104367 0
1.1951 0
0.494379 0
0.249035 0
0.20388 0
1.63329 0
0.293184 0
0.189786 0
0.116234 0
0.118605 0
0.986885 0
0.385011 0
0.942859 0
0.439993 0
0.637836 0
0.0507713 0
0.0731091 0
0.116851 0
0.174184 0
1.73018 0
0.972334 0
0.900974 0
0.361969 0
0.224595 0
0.433118 0
0.864882 0
0.276504 0
0.224015 0
1.06534 0
0.282969 0
0.61169 0
0.2655 0
0.0701319 0
0.821167 0
0.627819 0
1.51009 0
0.594776 0
6.62371 0
0.0304583 0
0.20404 0
2.7793 0
0.192807 0
0.289862 0
0.207761 0
0.39515 0
0.943479 0
1.29487 0
0.170943 0
1.02961 0
0.877026 0
0.151784 0
0.57373 0
0.20248 0
0.574854 0
6.38322 0
0.172321 0
0.207505 0
0.160684 0
0.621874 0
2.42888 0
0.982927 0
0.180814 0
0.568234 0
0.138884 0
0.109384 0
0.267956 0
0.928267 0
0.2929 0
0.150626 0
0.0648188 0
0.18216 0
0.855554 0
0.0661861 0
0.891123 0
0.395319 0
0.0417266 0
0.0880392 0
0.238409 0
0.20912 0
0.498732 0
0.198939 0
0.208713 0
0.153865 0
0.573575 0
0.264168 0
0.095589 0
0.438694 0
0.309581 0
1.02526 0
2.79781 0
0.0890862 0
0.153358 0
0.104815 0
1.57525 0
0.606528 0
0.0847673 0
0.159795 0
0.746302 0
0.0127897 0
0.286056 0
0.0180018 0
0.223193 0
1.05564 0
0.14478 0
0.236439 0
0.783655 0
0.926433 0
0.766772 0
0.157366 0
0.527897 0
0.258946 0
0.0401133 0
0.524664 0
0.241909 0
0.0946806 0
0.145616 0
0.374963 0
0.131815 0
1.90754 0
0.048625 0
0.243582 0
0.326512 0
0.631077 0
0.711006 0
0.318127 0
0.18683 0
0.499951 0
0.362013 0
0.0501809 0
0.912578 0
0.670137 0
0.0915646 0
0.664127 0
0.136943 0
0.158496 0
0.704049 0
0.0411337 0
0.871853 0
0.206958 0
0.362712 0
0.217968 0
0.471474 0
0.22185 0
0.816898 0
0.48254 0
0.194938 0
0.260107 0
0 0
0.123614 0
0.122157 0
0.198731 0
0.240803 0
0.492977 0
1.18421 0
0.0997729 0
0.231095 0
0.139853 0
0.111359 0
0.357361 0
0.241806 0
0.102996 0
0.702789 0
2.44476 0
1.10492 0
0.463375 0
0.136764 0
1.08254 0
0.148443 0
0.0598405 0
0.58693 0
2.99687 0
1.98873 0
1.08051 0
0.450985 0
0.0870649 0
0.305141 0
0.12701 0
0.31179 0
0.155388 0
1.43423 0
0.416546 0
0.335759 0
1.14367 0
0.685259 0
4.1909 0
0.58306 0
0.772127 0
0.48723 0
0.11178 0
0.237299 0
0.193366 0
0.455242 0
2.38151 0
0.558044 0
0.0812385 0
0.119859 0
0.652601 0
0.345428 0
0.172822 0
1.31277 0
1.66135 0
0.738724 0
0.142574 0
0.874458 0
5.20524 0
0.315691 0
0.48998 0
0.189618 0
0.0883712 0
1.0398 0
0.224533 0
0.223501 0
0.205837 0
0.809831 0
0.878968 0
4.16648 0
2.14006 0
0.487692 0
0.903379 0
0.839667 0
5.0837 0
0.207485 0
0.465381 0
0.270022 0
63.2262 0
0.918907 0
1.1091 0
2.30803 0
0.071138 0
0.32631 0
2.42305 0
0.440416 0
0.162945 0
1.37451 0
0.268661 0
1.23858 0
0.504692 0
0.210047 0
0.132169 0
5.90593 0
0.549021 0
1.86212 0
0.337929 0
0.119626 0
0.154252 0
0.518393 0
1.05831 0
1.02828 0
0.0774459 0
0.456411 0
0.260966 0
0.36111 0
0.293166 0
0.0771213 0
0.283611 0
1.14284 0
0.387978 0
1.23216 0
0.0697725 0
0.155472 0
0.143597 0
0.371156 0
0.294515 0
0.516921 0
0.194613 0
1.59324 0
1.01274 0
0.434691 0
0.0147029 0
1.36411 0
0.736139 0
0.172295 0
0.0635448 0
1.60726 0
2.87594 0
1.13449 0
1.42842 0
0.0241888 0
0.229755 0
0.208533 0
0.488767 0
2.49122 0
0.117913 0
0.135392 0
0.246424 0
1.38266 0
0.865986 0
1.60668 0
0.944217 0
0.0697501 0
0.248082 0
0.361935 0
0.223665 0
0.102308 0
0.13344 0
0.0953256 0
3.4332 0
0.2961 0
1.34705 0
0.19084 0
0.275624 0
0.430383 0
1.41057 0
0.490214 0
0.055988 0
0.135936 0
0.356684 0
1.70744 0
2.55648 0
0.305725 0
0.489688 0
0.996592 0
0.869031 0
1.5449 0
0.243811 0
0.170411 0
0.124589 0
3.49981 0
0.596807 0
2.12109 0
0.0115654 0
0.0700866 0
0.202268 0
0.529672 0
0.289352 0
1.06301 0
0.534061 0
0.925513 0
0.131151 0
2.37675 0
0.366434 0
0.066943 0
2.66669 0
0.363224 0
0.734245 0
1.14577 0
0.217668 0
1.67865 0
1.15924 0
0.774408 0
0.452776 0
0.332827 0
0.342248 0
0.237607 0
0.250892 0
0.129685 0
2.02753 0
0.63299 0
0.509131 0
0.343047 0
0.0970667 0
0.415323 0
0.149389 0
1.29407 0
23.5013 0
0.238332 0
0.138275 0
0.672132 0
1.47513 0
1.88786 0
2.58919 0
1.03901 0
0.286038 0
0.185792 0
1.14413 0
0.265967 0
1.61458 0
0.346375 0
0.30286 0
1.86661 0
1.37032 0
1.7691 0
1.37759 0
0.215431 0
1.06963 0
0.10958 0
0.812786 0
0.45697 0
0.128863 0
0.327663 0
0.188567 0
0.677698 0
0.163591 0
0.273603 0
0.320887 0
0.433697 0
0.0979877 0
0.106593 0
0.162465 0
0.0455744 0
0.298327 0
0.57518 0
0.595537 0
0.167367 0
0.125396 0
2.32082 0
0.251651 0
0.69794 0
4.85046 0
0.232704 0
0.130793 0
1.31757 0
0.313645 0
2.33977 0
0.0770042 0
1.01125 0
0.146949 0
0.454315 0
2.04796 0
0.101233 0
0.246848 0
0.985355 0
0.135288 0
0.713085 0
0.62905 0
0.739351 0
1.69171 0
0.636111 0
0.0389501 0
0.376447 0
2.71003 0
0.264325 0
2.18476 0
1.05151 0
4.77918 0
0.524054 0
0.416456 0
0.317832 0
1.57899 0
0.0624793 0
1.61259 0
0.206013 0
0.147939 0
0.633517 0
1.8938 0
1.11334 0
0.335723 0
1.20863 0
1.0982 0
0.765968 0
0.159104 0
1.07773 0
0.866733 0
0.25432 0
1.08475 0
0.640297 0
0.14368 0
0.691275 0
1.74018 0
0.0949195 0
0.0969844 0
0.31117 0
0.630142 0
0.214547 0
0.582001 0
0.742942 0
1.26222 0
0.327001 0
1.82431 0
0.33236 0
1.84464 0
0.599492 0
2.26766 0
0.0833967 0
0.0391271 0
0.0363895 0
0.310538 0
1.25836 0
0.141524 0
0.307747 0
0.026621 0
1.02195 0
1.13128 0
0.124543 0
1.96259 0
0.229129 0
0.134446 0
0.201809 0
0.171121 0
0.151572 0
0.274033 0
2.29356 0
1.74402 0
0.0492638 0
0.339225 0
1.46488 0
0.0955569 0
1.81237 0
0.507112 0
0.185994 0
0.00795844 0
0.623346 0
0.239425 0
0.358182 0
0.164927 0
0.610473 0
0.892975 0
0.265408 0
1.13379 0
0.161689 0
0.223741 0
0.39389 0
0.19728 0
0.13894 0
1.03578 0
0.328176 0
0.0902514 0
0.0543493 0
0.512443 0
1.76408 0
0.0472255 0
0.611613 0
3.32234 0
0.245012 0
0.112063 0
1.36117 0
0.331016 0
0.141248 0
0.753252 0
2.39386 0
0.482933 0
0.25849 0
0.554562 0
0.15547 0
0.265932 0
0.150147 0
0.312636 0
0.180515 0
1.32792 0
2.28124 0
0.309537 0
0.504357 0
0.292312 0
0.130843 0
0.285803 0
0.192022 0
0.79904 0
0.15932 0
0.104244 0
2.07005 0
0.374346 0
0.496418 0
0.317347 0
0.464767 0
1.25217 0
0.125137 0
2.24022 0
0.689263 0
5.42633 0
0.341999 0
0.869865 0
0.217952 0
0.271098 0
0.965989 0
0.726163 0
0.14084 0
1.59387 0
0.674733 0
1.58877 0
2.15322 0
0.219616 0
0.504989 0
0.196969 0
0.163734 0
0.944019 0
0.253458 0
0.157853 0
0.187594 0
0.185141 0
0.0504717 0
0.16488 0
0.623256 0
0.292105 0
1.38675 0
1.12313 0
0.516331 0
0.929554 0
2.00218 0
0.685255 0
0.574004 0
1.16266 0
0.272243 0
0.308108 0
1.2573 0
2.29176 0
0.194423 0
1.4603 0
2.24214 0
0.679407 0
1.10904 0
0.103652 0
0.29368 0
0.530125 0
0.557859 0
0.560462 0
0.182645 0
0.733258 0
0.221967 0
1.65782 0
3.64282 0
1.07023 0
1.45877 0
0.388335 0
0.169399 0
1.24836 0
0.627321 0
2.40543 0
0.534355 0
1.10375 0
1.67998 0
1.16335 0
0.348002 0
0.995169 0
0.941739 0
0.64765 0
0.962714 0
0.453799 0
0.779842 0
1.8174 0
0.293769 0
2.58744 0
1.07687 0
0.44215 0
0.514811 0
0.66351 0
0.307829 0
0.353842 0
0.265928 0
0.281321 0
0.243045 0
0.174106 0
0.0932999 0
0.152916 0
1.55909 0
0.80027 0
0.259411 0
0.518996 0
2.16654 0
0.733402 0
1.02402 0
3.10019 0
0.859643 0
0.43458 0
0.359389 0
0.459742 0
0.170985 0
0.0117593 0
0.183686 0
0.58156 0
0.629076 0
16.2652 0
0.895521 0
0.192847 0
0.0654589 0
0.259989 0
0.456517 0
0.132176 0
1.09484 0
0.9676 0
0.927128 0
0.735347 0
0.120013 0
0.172479 0
1.65776 0
0.403319 0
0.304858 0
0.605366 0
0.135031 0
1.24793 0
0.205398 0
0.0534846 0
0.38521 0
0.185251 0
1.88632 0
1.6516 0
0.18267 0
0.424447 0
0.0719309 0
0.110067 0
0.332227 0
0.334447 0
0.310624 0
0.550054 0
0.125257 0
0.180986 0
1.81762 0
1.05517 0
0.253124 0
0.421555 0
0.693476 0
0.287517 0
0.297253 0
1.06308 0
0.156157 0
0.461864 0
0.60355 0
0.116658 0
0.772639 0
0.192509 0
1.20796 0
0.11629 0
0.153243 0
0.327714 0
0.176846 0
0.285896 0
1.74771 0
0.640401 0
0.796291 0
0.573037 0
0.354964 0
0.29764 0
0.250901 0
0.679295 0
0.154043 0
0.160725 0
0.215943 0
0.231683 0
3.02577 0
0.310496 0
1.03322 0
0.208145 0
0.538917 0
3.5434 0
0.904506 0
0.107292 0
0.384777 0
0.203986 0
0.24001 0
2.56716 0
1.21646 0
0.053621 0
1.7936 0
0.356338 0
1.35913 0
0.168532 0
0.751202 0
0.0869925 0
0.203061 0
0.622548 0
1.59247 0
0.163865 0
0.886364 0
0.2117 0
0.085088 0
2.35764 0
0.206448 0
0.164644 0
0.015447 0
1.59427 0
0.60246 0
0.662287 0
0.190954 0
1.59554 0
0.643699 0
0.0624116 0
0.832205 0
0.122906 0
0.127803 0
1.20628 0
0.649096 0
0.467673 0
0.373323 0
0.2427 0
0.18798 0
0.670429 0
0.190722 0
0.710005 0
0.794416 0
0.628953 0
0.180348 0
0.479069 0
1.39922 0
0.260962 0
1.88012 0
0.49696 0
0.0373262 0
0.427077 0
0.378022 0
1.3891 0
0.838603 0
1.27077 0
0.191762 0
1.20861 0
0.794792 0
1.06411 0
1.90801 0
0.245704 0
0.278725 0
0.443757 0
1.74845 0
0.241122 0
0.0745596 0
1.06557 0
0.0233165 0
1.6967 0
0.50037 0
0.786592 0
0.547018 0
0.707863 0
0.470205 0
0.281685 0
0.253078 0
0.50112 0
0.133018 0
0.449026 0
0.145856 0
0.417682 0
0.151034 0
1.51209 0
0.287879 0
0.414525 0
0.100797 0
0.705618 0
0.368679 0
1.44471 0
0.633848 0
2.73961 0
2.63087 0
0.755999 0
0.661841 0
0.360675 0
0.212681 0
0.137342 0
2.15195 0
0.452814 0
0.283236 0
0.137825 0
0.39885 0
2.49207 0
0.389833 0
0.974099 0
0.538421 0
0.1636 0
0.193744 0
0.141455 0
0.0606504 0
0.241267 0
0.125528 0
0.272732 0
0.0802483 0
3.99829 0
0.206307 0
1.93576 0
0.137335 0
3.63132 0
0.114162 0
0.136056 0
0.319491 0
0.390221 0
1.20004 0
0.122094 0
1.06277 0
0.477144 0
0.360617 0
0.306485 0
0.0915756 0
1.20299 0
0.233454 0
6.54829 0
0.869591 0
3.29928 0
0.294924 0
2.07017 0
0.474788 0
0.53105 0
1.11654 0
2.14042 0
0.206785 0
0.0498134 0
0.047862 0
1.54521 0
0.708007 0
0.227729 0
0.239669 0
0.477168 0
0.459604 0
0.826309 0
0.772898 0
0.145208 0
0.0841846 0
1.11774 0
0.235251 0
0.229409 0
2.41817 0
0.174028 0
2.81883 0
0.996378 0
0.206207 0
1.28388 0
0.690413 0
0.592466 0
3.10429 0
0.0869426 0
0.512376 0
0.176736 0
0.369334 0
0.0516831 0
0.326285 0
0.110044 0
1.44801 0
0.324407 0
0.950791 0
0.992883 0
0.627178 0
0.0897345 0
0.103634 0
0.780846 0
0.543409 0
0.563437 0
0.115758 0
0.823996 0
0.43301 0
0.140158 0
1.58753 0
0.439134 0
0.119691 0
0.115215 0
1.54036 0
0.250652 0
1.71626 0
0.172802 0
0.347191 0
1.43194 0
0.566322 0
1.75568 0
1.15863 0
2.30709 0
0.369686 0
1.07825 0
0.343579 0
1.86082 0
0.0765359 0
0.132181 0
0.0847175 0
0.720361 0
1.84635 0
1.3728 0
0.507044 0
0.63428 0
0.423176 0
1.1864 0
0.341899 0
0.155031 0
0.292251 0
0.168825 0
1.18385 0
1.59785 0
6.18665 0
0.122212 0
0.206487 0
1.17184 0
3.27001 0
0.634471 0
0.0655997 0
1.28949 0
1.26103 0
0.0390019 0
0.115058 0
0.614744 0
9.74643 0
1.81934 0
0.909234 0
0.151689 0
5.09893 0
0.231639 0
1.28916 0
0.257008 0
0.339703 0
0.761122 0
0.191385 0
0.0541457 0
0.118945 0
4.23736 0
0.132866 0
1.70439 0
0.150989 0
1.10934 0
0.179324 0
0.996188 0
0.126525 0
0.291965 0
0.402518 0
2.34389 0
0.163075 0
14.5342 0
0.262882 0
0.522752 0
0.129344 0
0.123517 0
0.227941 0
0.110882 0
0.228063 0
0.124841 0
0.340346 0
0.308594 0
0.176789 0
0.331537 0
1.61757 0
0.0868523 0
1.92379 0
0.364371 0
0.44826 0
0.673845 0
0.124258 0
0.137244 0
0.159838 0
0.387964 0
2.00501 0
0.438858 0
1.21106 0
0.0768717 0
0.0793176 0
0.393573 0
0 0
0.620661 0
1.68823 0
0.141528 0
1.34309 0
0.215414 0
0.106969 0
0.739788 0
0.223231 0
2.45127 0
0.306261 0
0.0606224 0
0.982287 0
0.736555 0
2.38963 0
0.668513 0
1.02063 0
0.299334 0
3.03072 0
0.753996 0
1.69392 0
0.533809 0
4.1343 0
1.0739 0
0.433869 0
2.79481 0
