1.69656 1
2.39919 1
4.51094 1
1.01052 1
0 1
0.0386564 1
0.0567821 1
1.87239 1
2.24207 1
1.21403 1
0.00976679 1
1.157 1
0.0395261 1
0.0935641 1
0.0570494 1
0.31545 1
3.47662 1
0.0851987 1
3.08663 1
0.06472 1
3.17785 1
0.0666621 1
0.322933 1
0.0915472 1
1.4301 1
0.0454001 1
0.111249 1
0.0400972 1
1.56008 1
0.0528469 1
0.0421995 1
1.12061 1
0.581051 1
2.11011 1
0.0344028 1
5.54975 1
0.427553 1
0.025679 1
1.59115 1
207.336 1
3.53367 1
0.0692796 1
0.0662843 1
1.37372 1
0.0782509 1
0.059747 1
1.83378 1
0.0633802 1
0.079615 1
0.934721 1
0.0308643 1
0.0364924 1
0.0200203 1
0.0647882 1
4.40646 1
0.146567 1
3.03686 1
0.423281 1
1.21409 1
0.133638 1
4.88659 1
1.43626 1
0.0341995 1
0.0338995 1
1.70042 1
0.0411865 1
0.0230476 1
0.0865173 1
0.501449 1
0.0644523 1
0.0485028 1
0.756196 1
1.3643 1
0.556289 1
0.0402079 1
0.244171 1
0.0957747 1
0.026317 1
3.23456 1
0.0959231 1
0.838474 1
0.0895089 1
0.0523118 1
0.0712428 1
0.724531 1
0.59532 1
0.198024 1
0.553028 1
0.0388988 1
0.0606138 1
0.0395198 1
0.244839 1
0.0353209 1
0.00601504 1
0.925092 1
0.316604 1
0.0151781 1
0.117675 1
0.0643181 1
0.682839 1
2.90668 1
0.0601351 1
0.0306979 1
0.245865 1
0.0376921 1
0.771992 1
0.0495027 1
1.02452 1
0.937702 1
0.0926956 1
1.71926 1
0.26683 1
0.0330118 1
1.43338 1
0.355459 1
0.0225563 1
0.365237 1
0.0188278 1
4.87828 1
0.0597478 1
0.013914 1
3.72923 1
0.577396 1
0.0531838 1
1.74689 1
0.118142 1
0.566473 1
0.089651 1
0.0100638 1
0.082958 1
0.0958809 1
0.295851 1
1.38385 1
0.00437993 1
0.053411 1
2.32481 1
0.733746 1
0.264054 1
0.0503211 1
0.0690847 1
0.568692 1
0.0376745 1
0.062346 1
0.0861357 1
0.604295 1
0.0473863 1
1.59185 1
0.0912496 1
0.338542 1
0.0510263 1
2.0185 1
7.77058 1
0.0518936 1
1.47145 1
5.5089 1
0.235044 1
0.0710798 1
0.363069 1
0.0498073 1
0.0765221 1
2.36482 1
0.0376283 1
3.33484 1
0.933785 1
0.0869668 1
0 1
1.39684 1
0.002886 1
0.262715 1
2.02914 1
0.19305 1
0.0632303 1
0.0493697 1
0.0180462 1
0.0513308 1
0.978235 1
1.12816 1
0.224136 1
0.0370263 1
2.34497 1
0.0370792 1
0.0203759 1
0.0829081 1
0.27459 1
0.0682406 1
4.55055 1
2.24666 1
0.0521925 1
0.103791 1
0.0410557 1
0.331521 1
0.0547619 1
0.552592 1
0.89313 1
0.669788 1
0.119722 1
5.44341 1
0.510835 1
0.113669 1
0.0444342 1
0.123793 1
0.0981796 1
0.10564 1
0.0220384 1
0.371384 1
1.04548 1
0.00452899 1
0.066257 1
0.0522845 1
0.710522 1
0.550495 1
0.0506595 1
0.0518216 1
0.0347448 1
0.0337348 1
3.30987 1
0.0650281 1
0.992388 1
0.479818 1
0.389041 1
0.11193 1
0.767331 1
0.503843 1
0.0733596 1
0.0226483 1
0.327047 1
0.437485 1
0.0502694 1
0.0553277 1
0.0226372 1
0.0781724 1
1.6323 1
3.16589 1
0.0420697 1
0.0268788 1
0.599383 1
0.0564889 1
4.02087 1
1.49752 1
0.205199 1
0.107914 1
0.0664697 1
0.0903074 1
0.0434526 1
1.36975 1
0.136854 1
0.322142 1
0.0811429 1
0.951911 1
3.04514 1
0.334987 1
2.05774 1
2.09997 1
0.513759 1
0.0223602 1
0.0125054 1
0.0299769 1
0.0251338 1
2.01863 1
1.65506 1
0.352423 1
0.0934451 1
2.94833 1
3.43106 1
0.053723 1
1.18981 1
0.0684498 1
0.309263 1
0.050391 1
0.603792 1
0.0306847 1
0.48517 1
0.718919 1
0.604939 1
0.511761 1
3.97989 1
0.0920524 1
1.34524 1
0.445606 1
0.770919 1
0.247464 1
0.0784314 1
0.0840661 1
0.452832 1
0.118302 1
1.11987 1
0.915717 1
4.57826 1
0.198617 1
1.34007 1
1.90138 1
1.44526 1
0.051557 1
0.751174 1
0.0294017 1
5.4527 1
1.47658 1
1.43636 1
0.0277937 1
4.10946 1
0.0316631 1
0.0368396 1
0.0804098 1
2.32753 1
0.0616352 1
0.17026 1
0.734155 1
0.319424 1
0.417507 1
0.396841 1
0.0845714 1
0.0394207 1
0.0132915 1
0.0232613 1
3.00129 1
0.257567 1
0.0839079 1
0.145763 1
0.0562689 1
0.0345655 1
0.105866 1
0.00652487 1
0.106266 1
0.0519723 1
0.0399254 1
0.862011 1
0.0504677 1
0.72676 1
0.565156 1
0.473612 1
0.503811 1
0.0596457 1
0.404661 1
0.50182 1
0.0365969 1
0.0504487 1
1.53283 1
0.0388187 1
0.0495933 1
0.0613102 1
3.02038 1
0.456625 1
1.83377 1
0.051331 1
2.45726 1
0.633364 1
0.0348923 1
0.101967 1
0.0227852 1
0.0837629 1
0.0646651 1
0.156594 1
0.0674029 1
0.864119 1
0.044102 1
0.43319 1
1.59948 1
0.413064 1
1.94185 1
0.0613468 1
0.727795 1
0.280668 1
0.0178214 1
1.26796 1
0.116236 1
3.56016 1
1.94947 1
0.0368644 1
0.0136679 1
0.84703 1
1.14149 1
0.0465328 1
0.0842124 1
4.09307 1
0.0821038 1
2.36546 1
0.896394 1
0.463577 1
0.128136 1
0.0745282 1
0.068235 1
0.680508 1
1.2119 1
0.0994026 1
0 1
0.618229 1
0.0370558 1
0.003709 1
2.49272 1
0.121491 1
3.72573 1
0.794965 1
0.763238 1
0.12661 1
0.990486 1
0.13029 1
0.121583 1
2.62617 1
0.0925308 1
0.121798 1
0.0788036 1
0.25779 1
0.307257 1
1.6646 1
3.51296 1
0 1
0.0404297 1
3.23516 1
0.788065 1
0.00435301 1
1.42011 1
0.069255 1
0.159651 1
0.780602 1
0.00320513 1
0.0900833 1
0.572651 1
1.02425 1
0.0178297 1
0.0334714 1
0.038338 1
2.41428 1
0.0289409 1
0.0180312 1
4.41311 1
0.646425 1
0.549514 1
0.0411314 1
0.791976 1
1.95352 1
0.0900393 1
5.05318 1
0.329993 1
4.07603 1
0.00173989 1
1.07066 1
2.30232 1
0.0505143 1
0.0454108 1
0.0301541 1
0.0596417 1
1.18832 1
2.2515 1
0.487196 1
0.0196313 1
0.00935871 1
1.68079 1
0.321725 1
0.0812001 1
0.0572213 1
0.0871351 1
0.0902833 1
1.12277 1
0.161463 1
2.46739 1
2.03644 1
0.314039 1
1.8451 1
0.0714867 1
0.0661499 1
1.92563 1
0.0853766 1
0.774404 1
0.0437238 1
2.87305 1
0.0665942 1
0.0774238 1
0.138653 1
0.0321234 1
0.0523835 1
0.0446448 1
1.56506 1
1.8929 1
0.180433 1
0.02958 1
0.0845226 1
1.10439 1
0.0794465 1
0.0385384 1
0.0622671 1
0.0528065 1
0.679295 1
0.361527 1
0.0482353 1
1.47911 1
0.0422571 1
0.0887345 1
0.0656734 1
0.0523752 1
1.16065 1
0.103633 1
3.18109 1
2.38906 1
0.121015 1
0.249112 1
2.70421 1
2.58663 1
0.174187 1
0.0322032 1
0.109458 1
1.16668 1
0.937091 1
0.0490632 1
0.698287 1
5.16816 1
0.208489 1
0 1
0.513905 1
1.02591 1
0.0192478 1
0.107535 1
1.80416 1
0.354932 1
0.0353009 1
0.376875 1
0.0555948 1
0.0114844 1
196.686 1
0.496713 1
0.759955 1
0.0440012 1
2.27909 1
2.09598 1
0.0599169 1
6.73545 1
0.0596829 1
0.152415 1
0.0597264 1
1.02974 1
0.181724 1
0.0487138 1
0.472225 1
1.14926 1
0.0304334 1
0.0359522 1
0.102255 1
0.638128 1
0.585582 1
0.755045 1
4.03416 1
0.100655 1
0.431983 1
0.507842 1
0.119919 1
0.787687 1
2.78856 1
0.0850154 1
0.0938154 1
0.628699 1
0.0997238 1
0.697415 1
0.177985 1
0.0202206 1
1.58721 1
3.54869 1
0.032813 1
0.0594383 1
1.70898 1
0.317242 1
1.66693 1
1.33991 1
0.0819882 1
3.6501 1
1.4081 1
0.156205 1
1.60256 1
0.0440776 1
0.651856 1
0.394852 1
0.516294 1
5.20526 1
0.0697916 1
0.0706573 1
0.0555898 1
0.019436 1
2.16841 1
1.59184 1
0.289504 1
0.0953665 1
0.0267501 1
0.0112613 1
0.30803 1
3.25181 1
0.412293 1
1.38559 1
0.188368 1
0.205789 1
0.00689825 1
0.662098 1
0.00878327 1
0.0643812 1
0.38529 1
1.63664 1
0.0892708 1
1.33077 1
0.0330921 1
0.434073 1
1.56968 1
1.30511 1
0.0337707 1
0.0319078 1
0.0956737 1
0.05122 1
0.0263494 1
0.0420774 1
1.08031 1
0.0248217 1
0.813486 1
2.4239 1
5.42732 1
0.171432 1
0.0438737 1
0.686189 1
2.13817 1
0.443564 1
0.01768 1
0.0694304 1
0.425995 1
0.0871823 1
0.0915391 1
2.42027 1
0.153907 1
0.0476672 1
0.045616 1
0.0420332 1
0.79911 1
1.4386 1
0.0392316 1
1.15907 1
0.247002 1
0.046849 1
0.259117 1
0.0569841 1
2.85257 1
0.310223 1
0.505253 1
0.399811 1
0.0718732 1
0.933433 1
0.658688 1
0.05225 1
0.255422 1
0.445952 1
0.143717 1
0.181169 1
1.68935 1
0.728193 1
0.276186 1
0.0703746 1
0.0980778 1
0.0942173 1
0.103913 1
0.0264858 1
0.0551612 1
2.97063 1
0.0535859 1
0.137745 1
0.245541 1
0.046032 1
2.21267 1
0.283075 1
0.229192 1
2.60402 1
0.0502036 1
0.0257562 1
0.997433 1
0.17628 1
0.109135 1
0.246553 1
0.381915 1
1.20671 1
0.0329013 1
0.55499 1
0.0269793 1
0.333384 1
0.0207237 0
0.0381463 0
0.0589922 0
0.85219 0
0.241646 0
0.404387 0
0.0856773 0
0.0764066 0
0.0704563 0
0.0550678 0
0.509402 0
0.0498243 0
0.00836098 0
0.0743084 0
0.0729905 0
0.0700587 0
0.0707075 0
0.0984721 0
0.0861975 0
0.148324 0
0.852938 0
0.42273 0
0.073902 0
0.0417209 0
0.0603219 0
0.18597 0
0.0494113 0
0.0187516 0
0.0458374 0
8.84767 0
3.88497 0
0.0746693 0
0.0257696 0
0.0549314 0
0.0431603 0
0.0952666 0
0.0279041 0
1.05631 0
0.0816667 0
0.249734 0
1.03951 0
1.58686 0
0.00941745 0
0.0341173 0
0.241572 0
0.0516594 0
0.409448 0
0.0415344 0
0.0721966 0
0.0201927 0
0.104699 0
0.0243506 0
0.091516 0
0.0442998 0
0.0169857 0
0.035978 0
1.92615 0
0.0559556 0
0.0556113 0
0.0475184 0
0.0510036 0
0.0737587 0
0.118584 0
0.127379 0
0.0567714 0
0.582789 0
0.0621809 0
0.0112976 0
0.0292099 0
0.0754973 0
0.0672878 0
0.125965 0
0.0579611 0
0.0234143 0
0.272181 0
0.08701 0
0.0806857 0
0.340705 0
0.0302227 0
0.181804 0
0.0170456 0
0.0589084 0
0.0873504 0
0.170341 0
0.05087 0
0.098462 0
0.0698814 0
0.0514631 0
0.0891097 0
0.156602 0
0.0253152 0
0.0507337 0
0.0754365 0
0.0561335 0
0.114422 0
0.0965808 0
0.0543888 0
0.0161631 0
0.0271159 0
0.0878844 0
0.021241 0
0.335302 0
0 0
0.00701754 0
0.145954 0
0.00419482 0
0.111195 0
0.810722 0
0.104303 0
0.0126358 0
0.0756331 0
0.0990261 0
0.0670568 0
11.4132 0
0.921086 0
1.72076 0
0.12348 0
0.0255963 0
0.109917 0
0.0322216 0
0.076747 0
0.0643579 0
0.0580603 0
0.0955928 0
0.0437753 0
0.0485977 0
0.0679974 0
7.24891 0
0.0411962 0
0.0446434 0
0.151058 0
0.035962 0
0.0588374 0
2.12502 0
2.24589 0
0.0631649 0
0.0427076 0
0.0454191 0
0.0170696 0
0.0331235 0
0.16956 0
0.363902 0
0.0728441 0
0.03136 0
0.0370565 0
0.890833 0
0.105582 0
0.0611944 0
0.0787709 0
0.0423919 0
0.0641514 0
0.0389634 0
0.0546185 0
4.08657 0
0.0521186 0
0.0338485 0
0.0855817 0
0.0760899 0
0.0551042 0
0.164099 0
0.0874481 0
0.0344684 0
1.1726 0
0.00162319 0
0.018743 0
0.0654225 0
0.614645 0
0.0654509 0
0.765828 0
0.0461991 0
0.0105399 0
0.0896273 0
0.0344197 0
0.0922894 0
0.0904558 0
1.95666 0
3.73323 0
0.0394427 0
0.0987797 0
0.0312719 0
0.0064777 0
0.0652129 0
0.0553232 0
0.031625 0
0.128571 0
0.0594677 0
0.16245 0
0.0963555 0
0.0480248 0
0.0557134 0
0.0522795 0
0.0568477 0
0.067231 0
0.0369487 0
0.114642 0
0.00856589 0
0.0647255 0
0.0616602 0
0.0407324 0
0 0
0.0710238 0
0.0833746 0
0.00415094 0
0.0661005 0
0.0703892 0
0.0740052 0
0.192113 0
0.0295887 0
0.0596589 0
0.0119706 0
0.0451307 0
0.0605417 0
0.0694 0
0.00541682 0
0.0447124 0
0.0571863 0
0.0306992 0
0.0487878 0
0.0824966 0
0.0450651 0
0.200637 0
0.12495 0
0.759488 0
0.0778825 0
0.0323538 0
0.646507 0
0.0646001 0
0.163013 0
0.0385262 0
0.0845396 0
0.0704004 0
0.0674018 0
0.0844962 0
0.123793 0
0.0781033 0
0.0385859 0
0.0398127 0
0.0717583 0
0.0876181 0
0.0623834 0
0.143172 0
0.0318322 0
0.0921748 0
0.0524344 0
0.0714991 0
0.405504 0
0.0496706 0
0.0152633 0
0.0546382 0
0.0459724 0
0.0597023 0
0.062196 0
0.0862843 0
0.0394613 0
0.0579065 0
0.0808186 0
0.0943177 0
0.0894431 0
1.70282 0
0.0627278 0
0.0704843 0
0.069908 0
0.0866763 0
0.0790406 0
0.0571584 0
0.0440489 0
0.0506949 0
0.044867 0
0.0509683 0
0.0777343 0
0.0880932 0
0.0936064 0
0.0122761 0
0.0539224 0
0.0881089 0
0.113458 0
0.0403031 0
0.0526149 0
0.0578188 0
0.11511 0
0.0888173 0
0.0296492 0
0.347497 0
0.0652354 0
1.86723 0
0.0166716 0
0.0825082 0
0.0612294 0
0.0441572 0
0.0503654 0
0.361373 0
0.0575276 0
0.0796117 0
0.0697456 0
0.0673459 0
0.0631517 0
0.126041 0
0.0224304 0
0.409824 0
2.05005 0
0.0328522 0
0.465332 0
0.0344597 0
0.0255402 0
0.0176649 0
0.0738701 0
0.0468608 0
0.0455832 0
0.0623433 0
0.0496152 0
0.07339 0
0.0837547 0
0.00801181 0
0.108313 0
0.151249 0
3.56523 0
0.0389055 0
0.0234081 0
0.165026 0
0.0522113 0
0.0369241 0
0.102272 0
0.0565062 0
0.00989402 0
0.0697597 0
0.0524023 0
0.098618 0
0.0442961 0
0.127366 0
0.0340448 0
3.57714 0
0.00841361 0
0.0216375 0
0.0756938 0
0.0907101 0
0.0580687 0
0.121621 0
0.033934 0
0.0369863 0
0.0522545 0
0.0333187 0
0.0615442 0
0.0645586 0
0.0278788 0
0.0803503 0
0.02723 0
0.0768813 0
0.0837044 0
0.0267015 0
0.0315357 0
0.0307331 0
0.0683949 0
0.394983 0
0.0203796 0
0.0813904 0
0.0698403 0
7.65552 0
0.0591153 0
0.0354253 0
0.0525955 0
0.082968 0
0.0499777 0
0.0394093 0
0.0845333 0
0.0451601 0
0.140157 0
0.124081 0
0.0829031 0
0.0305222 0
0.0932462 0
0.139108 0
0.0591001 0
0.0197572 0
0.0480949 0
1.03723 0
0.0725508 0
0.0957786 0
0.905897 0
0.0840487 0
0.0935208 0
0.0738529 0
0.0291861 0
0.0712719 0
0.0807316 0
0.0289194 0
0.0512798 0
0.0332007 0
0.0508731 0
0.0357277 0
0.22091 0
0.0298739 0
0.090223 0
2.76991 0
0.0702029 0
0.0980051 0
4.35229 0
0.0452161 0
1.44689 0
0.059338 0
0.06715 0
0.0130719 0
0.0228406 0
0.0395756 0
0.01258 0
0.495558 0
0.0708676 0
0.0511921 0
0.0262207 0
0.0540102 0
0.0501892 0
0.379041 0
0.0184849 0
0 0
0.0709255 0
0.019921 0
0.68216 0
0.047814 0
0.28622 0
0.111445 0
0.447337 0
0.0562006 0
0.103707 0
0.0772519 0
0.133322 0
1.57195 0
0.0997547 0
0.0887275 0
0.119406 0
0.0322279 0
0.0171598 0
0.0998926 0
0.214086 0
0.125065 0
0.0171347 0
0.155439 0
0.00992539 0
0.0195054 0
3.02872 0
0.111486 0
0.0894439 0
0.0352088 0
0.043007 0
0.0512047 0
0.908973 0
0.0821581 0
0.0627554 0
0.073708 0
0.0571743 0
0.026324 0
0.0409175 0
0.0215581 0
0.0256947 0
0.0226039 0
0.035681 0
1.38469 0
0.040967 0
0.0627427 0
0.0653694 0
0.0693137 0
1.1731 0
0.0372939 0
0.041847 0
0.0471772 0
0.0100221 0
0.0273612 0
0.0164258 0
0.0882391 0
0.0771755 0
0.049502 0
0.0329228 0
0.0541109 0
0.03316 0
0.0636266 0
0.0856919 0
0.122 0
0.062825 0
0.059885 0
0.091554 0
0.0432292 0
1.24894 0
0.0580288 0
0.0448921 0
0.0376771 0
0.0495036 0
0.0116794 0
0.0577822 0
0.00736214 0
0.0500761 0
0.0525427 0
0.0396833 0
0.0255481 0
0.0657001 0
0.0537752 0
0.0862577 0
0.0735589 0
0.0488977 0
0.00294118 0
0.0626779 0
0.0138931 0
0.0550464 0
1.90705 0
0.109958 0
0.0862435 0
0.0672572 0
0.0257563 0
0.109762 0
0.05333 0
0.0356574 0
0.0470788 0
0.0265674 0
0.0209004 0
1.98571 0
0.0854601 0
0.0539572 0
0.0350865 0
0.0519993 0
0.133001 0
0.246899 0
0.0417653 0
0.0998515 0
0.0411389 0
0.036521 0
0.108005 0
0.0190426 0
0.0585334 0
0.0562012 0
0.0365263 0
0.0935667 0
0.269255 0
0.022381 0
0.0430552 0
0.0295761 0
0.181502 0
0.00789513 0
0.0702293 0
0.437501 0
0.794284 0
0.0659138 0
0.0032426 0
1.51469 0
0.0233156 0
0.018201 0
0.468415 0
0.0203349 0
0.0723133 0
0.0575095 0
0.0316129 0
0.0327531 0
0.0646476 0
0.715734 0
0.0201455 0
0.0314583 0
0.112797 0
0.0981174 0
0.0199986 0
0.0857114 0
0.116341 0
0.0154846 0
0.0713079 0
0.0655358 0
0.293781 0
1.39571 0
0.0629744 0
0.0439526 0
0.0276034 0
0.201221 0
0.0739674 0
0.065254 0
0 0
0.038642 0
0.124683 0
0.0727247 0
0.0395132 0
0.860393 0
0.732956 0
0.341256 0
0.0628536 0
0.022211 0
0.0689699 0
0.0363601 0
0.0911382 0
0.0302034 0
0.0386891 0
0.0673034 0
0.870765 0
0.0729731 0
0.0810769 0
0.0609536 0
0.140219 0
0.561891 0
0.0543363 0
0.0633246 0
0.025473 0
0.0827382 0
0.0452436 0
0.042053 0
0.00712366 0
0.00187266 0
0.356066 0
4.76237 0
0.064955 0
0.0454156 0
0.0755787 0
0.158523 0
0.0495095 0
0.183466 0
0.0527382 0
0.140072 0
0.0553331 0
0.0723144 0
0.0150086 0
0.993779 0
0.0152666 0
0.123784 0
0.114087 0
0.0763789 0
0.0390633 0
0.031627 0
0.06505 0
0.0595939 0
0.10811 0
0.06857 0
0.0149608 0
0.0436373 0
0.0484113 0
0.0187419 0
0.106113 0
0.00911921 0
0.045651 0
0.0432331 0
0.0824524 0
0.128477 0
0.00555541 0
0.0934164 0
0.0264576 0
0.0750585 0
0.0499814 0
0.565635 0
0.0337217 0
0.0428588 0
0.104808 0
0.100494 0
0.0217031 0
0.0889334 0
0.0570518 0
0.073983 0
0.0633209 0
0.0566981 0
0.0663366 0
0.0884307 0
0.100221 0
0.0398769 0
0.0438012 0
0.109721 0
0.0199586 0
0.065582 0
1.23433 0
0.0476156 0
0.0417225 0
0.0566644 0
0.0572233 0
0.0542715 0
0.047946 0
0.0653371 0
0.0764271 0
0.0593095 0
0.114654 0
0.0777341 0
0.0522624 0
0.0511342 0
0.0763166 0
3.75474 0
0.046364 0
0.677989 0
0.096493 0
0.0507291 0
0.13791 0
0.0487745 0
0.137896 0
