1.21174 1
2.87939 1
0.875736 1
4.98184 1
0.752872 1
3.66049 1
0.198 1
3.1804 1
0.24566 1
0.427077 1
0.660585 1
0.539875 1
189.938 1
0.265599 1
179.882 1
3.02085 1
0.41545 1
0.368763 1
2.39067 1
1.11199 1
1.39096 1
0.360044 1
0.100438 1
6.37101 1
0.345103 1
0.733006 1
5.28375 1
0.555424 1
2.46796 1
1.90795 1
0.0916589 1
0.350771 1
6.9964 1
2.30752 1
0.441042 1
0.40559 1
0.362416 1
0.907072 1
0.0887731 1
0.81393 1
0.766801 1
0.56031 1
1.63514 1
0.458665 1
3.60234 1
0.0942348 1
2.47399 1
1.99383 1
2.29038 1
1.87969 1
0.710476 1
2.0291 1
0.604762 1
0.675178 1
1.62726 1
1.98237 1
0.0334457 1
0.371733 1
0.680139 1
0.857163 1
0.708482 1
0.202031 1
0.969491 1
3.43647 1
0.233969 1
1.19367 1
6.43718 1
0.351238 1
0.279036 1
1.52642 1
0.893239 1
0.0680219 1
0.379543 1
0.246437 1
0.147001 1
2.13294 1
0.217872 1
4.2526 1
0.382784 1
0.193926 1
2.02604 1
1.94227 1
1.58116 1
0.188061 1
0.207423 1
1.02643 1
0.0730088 1
0.155957 1
0.253205 1
0.480071 1
1.8391 1
0.386055 1
2.23219 1
4.54848 1
3.51101 1
1.53915 1
1.28766 1
1.46767 1
1.24742 1
0 1
84.3708 1
3.58507 1
3.43554 1
0.335806 1
0.411292 1
0.487008 1
0.149715 1
2.13757 1
1.10191 1
0.264948 1
0.654364 1
1.42943 1
0.406872 1
0.846492 1
0.54309 1
0.556375 1
22.8743 1
1.71681 1
2.62192 1
0.184627 1
0.194133 1
0.162599 1
2.51433 1
1.782 1
1.91746 1
0.992664 1
0.552689 1
1.12067 1
0.208961 1
1.08249 1
9.72304 1
4.09808 1
0.669791 1
0.437737 1
0.325063 1
1.51737 1
2.57331 1
0.620052 1
0.57792 1
0.753129 1
4.28236 1
0.210132 1
2.62056 1
1.48497 1
0.901904 1
2.28452 1
0.52899 1
2.88953 1
1.06093 1
1.29345 1
0.328388 1
0.44763 1
1.03953 1
0.295819 1
2.37367 1
0.976379 1
0.488327 1
0.361492 1
0.134599 1
1.03137 1
0.132259 1
0.173806 1
1.55642 1
0.325278 1
0.558706 1
1.00142 1
0.453252 1
0.24368 1
1.03614 1
0.993177 1
3.06218 1
0.47353 1
0.221638 1
1.05054 1
0.240536 1
12.2221 1
0.985932 1
0.00377097 1
0.215259 1
1.72765 1
0.143645 1
3.49032 1
2.78032 1
0.387808 1
0.122303 1
0.101505 1
8.3406 1
0.152714 1
0.133105 1
0.163524 1
0.200697 1
0.236343 1
2.03786 1
9.68018 1
0.135805 1
0.707843 1
0.559486 1
2.16455 1
1.63021 1
6.86726 1
2.63086 1
0.865271 1
1.75007 1
0.344307 1
0.978629 1
0.599317 1
0.316447 1
4.00855 1
1.46844 1
3.59814 1
0.592744 1
6.41426 1
0.848061 1
0.344714 1
2.85885 1
1.81776 1
1.75416 1
0.546718 1
3.90342 1
0.322097 1
0.884024 1
1.03676 1
1.02372 1
4.1135 1
0.372727 1
0.273286 1
0.17408 1
1.22425 1
10.0365 1
0.162192 1
1.07735 1
1.33884 1
0.0675415 1
1.06475 1
4.59603 1
1.11113 1
0.556392 1
0.461598 1
1.34585 1
1.53514 1
0.999406 1
1.41683 1
0.535912 1
0.643725 1
0.648158 1
6.35683 1
1.0277 1
2.24379 1
4.30546 1
0.141925 1
0.101634 1
0.692992 1
0.748765 1
0.642561 1
0.159289 1
0.280536 1
0.0981698 1
0.324108 1
2.27044 1
0.170669 1
2.09967 1
1.684 1
0.370831 1
0.11424 1
0.43842 1
1.68205 1
0.633251 1
0.532274 1
0.371904 1
0.357362 1
0.998651 1
0.590128 1
0.620647 1
4.45162 1
2.22242 1
4.09462 1
0.222287 1
1.32335 1
0.812128 1
3.84045 1
1.58021 1
3.1635 1
2.83139 1
0.0305893 1
0.260066 1
0.811333 1
0.505878 1
0.285474 1
1.16711 1
1.86636 1
1.60012 1
0.361662 1
11.8461 1
0.965387 1
0.0528607 1
0.59834 1
1.82821 1
1.48333 1
1.77023 1
1.3085 1
0.941679 1
0.226536 1
4.16307 1
0.112446 1
3.90443 1
0.626001 1
1.78219 1
0.394781 1
0.287177 1
0.350947 1
182.115 1
2.48923 1
29.2275 1
0.059567 1
0.990921 1
1.03419 1
0.526034 1
0.493448 1
0.801156 1
0.54542 1
4.91173 1
1.34557 1
0.748802 1
3.68074 1
3.68583 1
0.22935 1
0.375549 1
0.814526 1
1.94629 1
3.59884 1
0.2678 1
5.02187 1
1.04658 1
1.73305 1
0.447786 1
1.84985 1
1.01067 1
0.585112 1
2.9051 1
0.167234 1
0.407336 1
5.23702 1
0.345964 1
0.185631 1
0.644522 1
0.710306 1
2.41254 1
0.975036 1
0.478873 1
5.46182 1
0.894015 1
0.151179 1
2.1307 1
0.315794 1
0.373654 1
5.02793 1
4.70332 1
0.457799 1
1.87639 1
1.32775 1
0.0426159 1
0.367771 1
0.5452 1
1.17478 1
0.607226 1
0.565927 1
4.13778 1
1.75645 1
0.292009 1
0.221712 1
0.805977 1
2.48812 1
1.13057 1
0.267232 1
0.26834 1
1.54308 1
1.05455 1
0.527572 1
1.16394 1
3.679 1
3.03686 1
0.7171 1
0.46487 1
3.07713 1
0.405477 1
0.944041 1
1.52361 1
4.8697 1
3.9428 1
3.29828 1
1.62452 1
0.410429 1
0.805845 1
0.201514 1
0.595943 1
1.78523 1
0.430133 1
1.13023 1
0.842518 1
0.998885 1
0.0686311 1
1.05863 1
2.11612 1
0.975291 1
2.99107 1
2.04572 1
12.0827 1
1.11879 1
0.314299 1
4.56861 1
0.186642 1
1.58211 1
6.24187 1
4.24984 1
1.81092 1
0.112165 1
1.40783 1
1.36437 1
1.99492 1
5.82998 1
0.372345 1
0.685245 1
1.65595 1
1.5948 1
1.93532 1
0.529202 1
0.44436 1
1.73048 1
0.35256 1
0.188098 1
2.78876 1
1.75475 1
3.27779 1
0.244866 1
0.25334 1
2.17053 1
14.9906 1
0.762384 1
0.686919 1
3.84408 1
0.265499 1
0.44361 1
0.222213 1
69.7246 1
1.39885 1
1.85349 1
0.200486 1
4.11394 1
0.422677 1
1.11097 1
0.20529 1
23.3344 1
0.277692 1
0.750221 1
1.60715 1
2.93671 1
3.79767 1
4.0337 1
1.73017 1
1.18572 1
0.223594 1
0.603706 1
0.621358 1
0.0709456 1
1.74225 1
1.82228 1
3.3826 1
0.26963 1
4.1699 1
0.676547 1
0.281828 1
0.821352 1
2.01465 1
0.636121 1
0.411733 1
1.0952 1
1.18844 1
1.26177 1
0.209054 1
0.253403 1
0.255817 1
0.977436 1
0.580369 1
1.55604 1
0.701143 1
2.10149 1
0.262911 1
0.103493 1
1.06892 1
0.311728 1
0.602627 1
0.210618 1
1.51515 1
0.637544 1
0.164987 1
2.02567 1
0.569172 1
0.487172 1
1.57959 1
1.26834 1
6.84719 1
0.529317 1
0.226049 1
0.0922458 1
0.134804 1
0.28612 1
0.281777 1
1.53096 1
0.299311 1
0.474221 1
0.239786 1
0.148699 1
0.808912 1
1.00798 1
3.98487 1
0.637759 1
1.38929 1
2.92599 1
0.148571 1
0.723249 1
0.388908 1
0.478639 1
0.835058 1
2.59837 1
1.85058 1
0.704147 1
0.186545 1
0.191398 1
0.698647 1
0.442426 1
1.04611 1
2.71309 1
0.34817 1
1.15024 1
2.77345 1
1.21441 1
0.770672 1
1.07983 1
0.0778389 1
0.244075 1
0.332161 1
0.0936344 1
1.01923 1
1.09876 1
1.81427 1
0.87095 1
0.15776 1
0.163977 1
0.0221815 1
1.25464 1
0.672742 1
6.34673 1
0.48877 1
0.728631 1
0.661449 1
2.42999 1
0.223257 1
1.5234 1
0.270633 1
0.703272 1
0.568431 1
0.869083 1
0.36679 1
0.113402 1
1.5204 1
1.04781 1
0.756578 1
0.422453 1
1.37923 1
0.584455 1
1.2169 1
6.76392 1
1.66829 1
0.27624 1
2.50434 1
1.22042 1
1.67211 1
1.14548 1
0.278519 1
1.58452 1
1.21936 1
0.984009 1
3.75312 1
0.141539 1
1.96223 1
2.06549 1
2.27883 1
3.02534 1
0.366802 1
0.476051 1
1.55663 1
0.387941 1
1.46875 1
3.39684 1
2.51348 1
1.9666 1
0.480274 1
0.25396 1
2.53201 1
0.841539 1
0.780315 1
0.794362 1
0.559821 1
1.38202 1
0.201277 1
2.54268 1
0.330766 1
0.664711 1
0.475215 1
8.08633 1
0.0224576 1
1.5063 1
0.0568123 1
0.80107 1
1.3169 1
0.931325 1
0.605869 1
0.551787 1
0.512656 1
0.173634 1
6.59088 1
0.914616 1
68.4126 1
0.322813 1
0.770593 1
1.28946 1
1.74706 1
0.729867 1
0.0219732 1
2.38482 1
0.629134 1
0.0807764 1
0.341875 1
0.864207 1
0.911809 1
0.324473 1
4.36745 1
0.990517 1
1.26583 1
12.5287 1
0.335599 1
0.23454 1
1.82317 1
0.818697 1
1.31095 1
2.45853 1
2.532 1
2.0998 1
1.38689 1
1.09654 1
0.413717 1
1.25566 1
0.694265 1
1.48917 1
0.0621743 1
1.26347 1
0.0841239 1
0.567628 1
0.346841 1
0.234824 1
0.724284 1
0.694916 1
1.9928 1
0.99166 1
0.0990005 1
0.118188 1
1.35639 1
1.59292 1
0.246822 1
0.730241 1
0.881287 1
6.69881 1
1.89569 1
0.137712 1
4.07375 1
0.922164 1
2.87862 1
0.227201 1
0.950618 1
3.84361 1
0.58969 1
1.27225 1
0.890815 1
1.3909 1
5.62437 1
1.52061 1
4.18717 1
0.449602 1
0.817226 1
0.66513 1
1.14826 1
2.59427 1
3.88188 1
0.794466 1
0.890006 1
0.338348 1
2.33928 1
0.820551 1
1.9814 1
0.424265 1
1.51208 1
7.87702 1
4.10965 1
0.0976397 1
0.193637 1
2.52307 1
0.476869 1
0.27056 1
2.51751 1
0.540774 1
5.25889 1
3.53936 1
2.83738 1
0.270003 1
0.563182 1
1.77291 1
3.62738 1
1.32416 1
1.62323 1
3.95914 1
1.98363 1
1.20436 1
1.12597 1
1.81745 1
1.00679 1
1.83143 1
0.845458 1
1.90668 1
1.14579 1
0.49791 1
0.0427335 1
1.03773 1
1.19919 1
0.416802 1
1.618 1
1.09082 1
1.29174 1
1.10253 1
0.546768 1
3.1713 1
2.16172 1
2.3559 1
0.471992 1
1.33304 1
1.01069 1
0.454114 1
0.383017 1
0.893791 1
0.872418 1
1.26424 1
0.702405 1
1.20153 1
0.174678 1
2.44828 1
1.12763 1
3.22191 1
1.25651 1
0.0273876 1
1.04438 1
1.8049 1
0.577373 1
0.530313 1
0.197561 1
0.568132 1
0.0958127 1
0.00570564 1
0.0564074 1
0.781087 1
0.24469 1
1.08704 1
0.241057 1
1.32606 1
0.801269 1
0.630713 1
0.541832 1
1.69568 1
0.0477008 1
0.98385 1
0.624268 1
3.06359 1
2.06845 1
0.416022 1
2.34088 1
0.197506 1
0.79579 1
3.22163 1
1.31834 1
0.0531905 1
3.38045 1
2.92566 1
0.229691 1
5.40277 1
0.306321 1
0.24821 1
2.81344 1
1.64971 1
2.72937 1
0.162575 1
0.226734 1
0.462033 1
0.590071 1
0.939865 1
0.387924 1
0.722812 1
3.03326 1
1.77219 1
1.53007 1
0.757556 1
0.227902 1
0.999275 1
0.46717 1
0.955994 1
0.81509 1
0.133011 1
0.101621 1
1.08763 1
0.833576 1
0.420387 1
0.132056 1
1.00472 1
1.23151 1
0.280211 1
1.08361 1
0.62687 1
0.882366 1
4.51757 1
2.75864 1
0.747024 1
12.255 1
0.981743 1
0.359502 1
1.04803 1
0.342448 1
0.156294 1
0.407308 1
0.12563 1
2.28751 1
1.20658 1
1.5598 1
0.22499 1
0.805555 1
0.30224 1
2.55265 1
3.54208 1
4.14922 1
0.147265 1
0.0683686 1
0.242364 1
0.408652 1
4.21588 1
4.76547 1
0.248868 1
0.0502477 1
0.094096 1
0.701903 1
1.7225 1
0.384568 1
0.36254 1
0.675682 1
0.690481 1
0.361005 1
0.127344 1
4.32715 1
1.41749 1
1.03755 1
1.02924 1
0.166223 1
0.312518 1
0.508352 1
1.3464 1
1.70183 1
0.506374 1
0.282636 1
0.311729 1
1.08449 1
1.58857 1
0.183961 1
0.0810183 1
1.70133 1
1.20426 1
0.174668 1
1.4026 1
1.61071 1
2.36448 1
5.28504 1
0.357312 1
0.304092 1
2.30238 1
1.18262 1
3.73186 1
0.387872 1
1.76876 1
0.326123 1
0.44154 1
0.0888261 1
0.638199 1
0.0821887 1
0.417187 1
0.171472 1
0.111389 1
1.33754 1
0.17081 1
0.972496 1
0.331332 1
0.0954178 1
0.229252 1
0.140807 1
0.464123 1
6.87314 1
0.146645 1
0.323576 1
2.88974 1
1.02666 1
0.598867 1
1.12332 1
7.0376 1
4.62237 1
2.11145 1
2.43686 1
0.212711 1
0.531576 1
2.97072 1
2.91232 1
2.11401 1
0.353547 1
3.06503 1
0.166766 1
1.4822 1
0.465003 1
1.97888 1
0.765521 1
0.559008 1
0.84014 1
0.868 1
0.211208 1
2.0171 1
1.6529 1
0.0749156 1
2.6837 1
0.415723 1
3.06054 1
3.17218 1
2.41108 1
0.503486 1
0.39351 1
1.67496 1
6.81639 1
3.37009 1
3.42434 1
3.43676 1
0.86657 1
0.502138 1
1.06767 1
0.380196 1
1.53449 1
0.305999 1
1.26485 1
0.429501 1
1.39599 1
10.7203 1
0.02032 1
1.11589 1
0.710522 1
2.28365 1
4.15882 1
0.288532 1
1.52728 1
6.77992 1
2.02527 1
0.381177 1
2.10916 1
0.569597 1
0.153699 1
11.2608 1
0.679883 1
1.45383 1
0.783181 1
14.6719 1
0.799068 1
2.12841 1
0.308562 1
0.261844 1
0.831216 1
0.83829 1
2.10005 1
0.302187 1
2.51655 1
0.16933 1
1.74219 1
0.206189 1
1.5742 1
4.47085 1
0.500924 1
0.302334 1
0.689214 1
2.37751 1
1.11362 1
0.292509 1
1.27321 1
0.526028 1
0.121846 1
2.90444 1
0.253431 1
0.273044 1
2.18152 1
0.0610074 1
0.503359 1
0.578347 1
0.949239 1
2.01066 1
0.135395 1
1.39486 1
0.206903 1
0.630463 1
32.3647 1
0.0756592 1
0.402165 1
0.738431 1
2.13761 1
0.0204605 1
0.721849 1
0.216995 1
0.735287 1
0.53277 1
0.97497 1
0.77798 1
0.413755 1
1.36755 1
1.24371 1
0.148402 1
0.161201 1
1.14194 1
0.16254 1
62.4522 1
0.338483 1
0.313189 1
0.556455 1
0.160575 1
0.949465 1
3.33242 1
0.538447 1
0.529608 1
3.15474 1
0.488834 1
0.847622 1
0.220575 1
2.03726 1
0.355418 1
2.20346 1
0.53419 1
0.411569 1
1.32889 1
0.083616 1
1.0418 1
0.6075 1
0.425439 1
0.0876903 1
2.65285 1
2.62867 1
6.59028 1
0.115656 1
2.26524 1
0.313987 1
0.186637 1
0.422188 1
1.84685 1
0.0616125 1
8.31013 1
4.6905 1
0.276014 1
1.14126 1
0.451227 1
1.60086 1
6.78808 1
1.35636 1
0.233393 1
0.254428 1
160.964 1
1.06924 1
0.0348965 1
3.19892 1
0.259015 1
0.608376 1
1.90191 1
0.149405 1
0.361373 1
2.15148 1
0.907531 1
1.06671 1
0.635646 1
2.00415 1
2.37102 1
1.9574 1
0.17583 1
3.78038 1
0.88412 1
2.94271 1
0.726905 1
2.17119 1
0.737251 1
1.09293 1
0.118526 1
0.361297 1
0.317361 1
1.31865 1
1.35586 1
1.33736 1
1.38686 1
2.63414 1
3.20238 1
28.865 1
0.125102 1
0.115484 1
1.86117 1
0.213038 1
1.94238 1
0.924234 1
2.97974 1
0.360374 1
0.186412 1
2.28631 1
3.57886 1
0.117144 1
1.07778 1
0.737529 1
5.04269 1
1.66137 1
0.647718 1
4.83605 1
0.605223 1
1.87903 1
0.663411 1
2.1484 1
0.0195336 1
0.327353 1
2.38064 1
1.17845 1
1.83549 1
0.441294 1
1.30385 1
2.21088 1
1.49146 1
0.432818 1
1.03127 1
0.927442 1
0.943116 1
0.184978 1
3.34888 1
1.16279 1
2.0439 1
0.370025 1
0.701539 1
0.863958 1
0.378799 1
0.207674 1
0.461072 1
1.36101 1
0.711439 1
1.04958 1
0.0815623 0
0.97934 0
0.0535303 0
0.342313 0
0.868924 0
0.274552 0
0.690587 0
3.97643 0
0.575516 0
0.138809 0
0.330423 0
0.818997 0
0.23576 0
0.129065 0
0.275909 0
0.253813 0
0.745117 0
0.114576 0
0.0873067 0
0.364277 0
0.0591596 0
0.139207 0
2.91425 0
0.309019 0
0.384272 0
0.489853 0
0.290107 0
1.79416 0
0.339186 0
0.0999716 0
0.546024 0
0.500507 0
0.172907 0
0.424634 0
0.0856198 0
0.181062 0
1.44118 0
0.268248 0
0.351062 0
0.27172 0
0.333816 0
1.0068 0
0.673756 0
0.240733 0
0.181528 0
0.108646 0
0.169512 0
2.25236 0
0.790274 0
9.67871 0
0.327353 0
0.56991 0
0.911107 0
2.34579 0
0.0853703 0
0.140792 0
0.789228 0
1.22115 0
1.15696 0
1.15878 0
0.621621 0
0.0399732 0
15.4708 0
0.762664 0
0.171827 0
0.122792 0
0.733745 0
0 0
29.6782 0
0.336686 0
0.425763 0
0.269736 0
0.557008 0
0.225596 0
0.144939 0
0.788437 0
0.6249 0
0.652623 0
0.395966 0
0.522893 0
5.55778 0
0.0695718 0
0.257265 0
1.20455 0
0.385669 0
0.51032 0
5.55314 0
3.31741 0
0.567753 0
1.17162 0
0.06445 0
0.159723 0
3.97946 0
0.116298 0
0.88929 0
2.50658 0
0.0511597 0
0.886489 0
0.194307 0
0.0143355 0
0.233337 0
0.933485 0
0.851576 0
1.13455 0
0.68902 0
0.951538 0
1.16453 0
0.349347 0
0.159468 0
3.89333 0
0.36238 0
0.218167 0
0.230525 0
0.878576 0
0.255845 0
1.6674 0
0.124612 0
0.26016 0
0.444497 0
0.22945 0
4.44244 0
0.146476 0
1.65474 0
1.99331 0
0.405886 0
0.234912 0
0.453676 0
1.44313 0
0.244498 0
2.25243 0
0.430378 0
0.311631 0
1.20607 0
0.283069 0
1.1016 0
0.127051 0
0.0843151 0
0.102703 0
0.243555 0
0.306981 0
0.723476 0
0.168119 0
0.216813 0
0.761461 0
0.431035 0
2.2053 0
0.127758 0
0.997069 0
1.36723 0
0.407936 0
0.334773 0
0.117525 0
0.15044 0
0.394356 0
0.23356 0
0.0383512 0
0.868347 0
0.0583107 0
0.139152 0
2.81365 0
0.176718 0
0.366361 0
0.425757 0
0.764485 0
1.72083 0
0.670323 0
4.61181 0
1.40477 0
0.152475 0
0.0528671 0
0.492069 0
0.868483 0
0.152998 0
0.617425 0
0.551943 0
0.407791 0
0.141621 0
0.179916 0
4.86879 0
0.0610187 0
0.795237 0
0.128161 0
0.900045 0
0.73632 0
0.13548 0
0.446499 0
1.16294 0
0.524564 0
2.57847 0
0.553369 0
0.449467 0
0.891743 0
1.75483 0
1.17573 0
0.245113 0
0.13168 0
0.290328 0
0.269542 0
0.167057 0
9.68777 0
0.338439 0
0.271531 0
1.00592 0
1.64256 0
0.253137 0
0.127678 0
0.914425 0
0.743875 0
2.15618 0
0.294834 0
0.10977 0
0.542821 0
0.155319 0
0.527051 0
1.61446 0
0.338348 0
2.19002 0
0.117561 0
0.16279 0
0.510632 0
8.86395 0
0.103062 0
2.69465 0
0.341246 0
0.142414 0
0.50445 0
0.239698 0
0.0573593 0
1.07327 0
0.225551 0
0.130958 0
0.125205 0
0.11988 0
0.397047 0
0.1222 0
0.226894 0
0.190708 0
0.44627 0
0.63742 0
0.425637 0
0.641294 0
2.43878 0
0.489568 0
0.480561 0
0.831538 0
0.343262 0
1.36303 0
0.25715 0
0.532824 0
0.287608 0
0.675876 0
1.14961 0
0.274976 0
0.216015 0
0.114378 0
4.82414 0
0.539761 0
1.63088 0
0.127605 0
0.57371 0
2.4361 0
0.623338 0
0.108313 0
0.239626 0
0.135441 0
0.0927129 0
0.914577 0
0.220099 0
0.132682 0
0.126135 0
0.311034 0
0.13003 0
0.337438 0
1.71763 0
4.07971 0
0.23942 0
0.298807 0
0.783959 0
0.67946 0
2.04595 0
0.174648 0
0.251472 0
0.900616 0
0.0687371 0
0.308098 0
1.00938 0
1.71512 0
0.0571885 0
1.7295 0
0.276076 0
1.28161 0
0.174441 0
1.78549 0
1.51959 0
0 0
0.994863 0
0.790982 0
0.192102 0
0.616948 0
0.136904 0
1.15952 0
0.214165 0
0.0430365 0
1.00316 0
0.628207 0
0.129804 0
0.299756 0
0.228272 0
0.938337 0
0.293252 0
0.114841 0
1.68519 0
0.321961 0
2.01308 0
0.256167 0
0.881167 0
0.612086 0
2.89856 0
1.64413 0
0.0797419 0
1.28965 0
0.110276 0
0.444936 0
3.02262 0
1.4756 0
0.15308 0
0.166778 0
0.129457 0
0.305572 0
0.264042 0
3.19631 0
0.982669 0
0.803706 0
0.589085 0
0.739724 0
1.71483 0
1.53711 0
0.575075 0
0.547244 0
0.874036 0
0.204315 0
0.738346 0
0.514448 0
0.374092 0
0.300741 0
0.134827 0
0.155048 0
1.52788 0
1.23541 0
2.63552 0
1.87545 0
0.305471 0
2.17891 0
2.24292 0
1.2884 0
0.513417 0
0.0318682 0
1.81808 0
0.56004 0
2.1021 0
0.193886 0
0.46377 0
0.487546 0
1.30947 0
0.0819102 0
0.675216 0
1.53367 0
1.63104 0
0.0832169 0
0.234549 0
0.17124 0
0.206134 0
0.692261 0
0.219977 0
1.21017 0
0.917096 0
0.536657 0
0.167079 0
0.357632 0
0.0786183 0
4.26062 0
0.812838 0
0.655198 0
0 0
0.146867 0
0.833434 0
0.182271 0
0.1383 0
0.0457387 0
0.335605 0
0.047741 0
2.77562 0
1.1909 0
2.04444 0
0.0223678 0
0.0741392 0
0.914967 0
0.888453 0
1.15566 0
4.89533 0
0.588735 0
0.106113 0
1.08241 0
0.396664 0
0.629281 0
0.0484836 0
0.645195 0
1.34963 0
0.337847 0
119.408 0
0.281522 0
2.09401 0
0.128574 0
0.124021 0
0.933913 0
0.467053 0
0.407533 0
0.302449 0
0.20543 0
0.234069 0
0.880115 0
0.984642 0
1.65846 0
0.114717 0
0.116209 0
0.239876 0
0.860925 0
0.142297 0
0.349799 0
0.664604 0
0.504461 0
0.838241 0
0.501844 0
0.134099 0
0.667853 0
0.182753 0
0.0871452 0
4.03689 0
0.0104921 0
2.98175 0
0.549772 0
0.754201 0
0.127083 0
0.151018 0
0.151096 0
0.0514039 0
0.934333 0
0.0274914 0
0.793817 0
0.174052 0
0.692806 0
0.112688 0
2.02123 0
1.1746 0
0.108095 0
5.24552 0
0.274698 0
0.02825 0
0.890532 0
0.140169 0
0.0804473 0
0.400799 0
0.252598 0
0.139524 0
0.473474 0
1.22323 0
0.293834 0
0.171593 0
0.373685 0
0.20059 0
0.144685 0
0.898621 0
0.167656 0
3.47141 0
0.148632 0
1.4637 0
0.334467 0
0.19646 0
0.777196 0
0.147645 0
0.0682829 0
0.613978 0
0.613554 0
1.02052 0
0.238386 0
1.27941 0
0.0502344 0
0.236749 0
0.396423 0
0.210891 0
0.165561 0
0.109394 0
0.271763 0
0.715719 0
0.151593 0
1.93146 0
0.130482 0
0.481022 0
0.124415 0
0.221537 0
0.669322 0
0.502674 0
2.15254 0
0.367697 0
1.21599 0
0.169253 0
0.955748 0
0.139732 0
0.196587 0
0.515775 0
0.620529 0
0.215605 0
0.0388067 0
0.509042 0
0.327138 0
0.578698 0
0.272677 0
1.08693 0
0.0745135 0
0.236461 0
3.43205 0
0.197511 0
0.277658 0
1.40081 0
2.61918 0
0.123548 0
0.300392 0
0.193403 0
1.97925 0
0.112183 0
0.457196 0
0.343664 0
0.161488 0
1.17481 0
0.786527 0
1.14692 0
0.5989 0
0.659544 0
0.283056 0
0.51873 0
0.171868 0
0.0844367 0
0.134416 0
0.269156 0
5.62331 0
0.907515 0
0.79673 0
0.284382 0
0.295172 0
1.46202 0
1.5971 0
0.238442 0
0.544044 0
0.436102 0
0.44 0
0.308398 0
0.108471 0
0.217883 0
0.0665067 0
0.500517 0
0.114665 0
0.986304 0
1.74327 0
0.619091 0
0.602701 0
0.323892 0
1.06557 0
0.511941 0
0.37414 0
0.460498 0
2.00489 0
1.21187 0
0.861439 0
4.01136 0
0.296072 0
0.248009 0
0.39228 0
0.170917 0
0.592413 0
1.23258 0
1.21372 0
0.238812 0
0.20342 0
0.71608 0
2.19091 0
0.854263 0
0.785725 0
0.131334 0
3.34043 0
0.636557 0
0.908956 0
0.118882 0
1.12959 0
0.527152 0
0.987201 0
0.263133 0
1.27297 0
0.858216 0
0.389767 0
0.639582 0
2.32165 0
0.292128 0
0.606059 0
0.169125 0
0.0721864 0
0.529921 0
1.2564 0
0.208808 0
0.438642 0
0.297891 0
0.0790391 0
0.115528 0
2.10964 0
0.754434 0
0.529915 0
0.338402 0
0.0383644 0
0.193341 0
0.317785 0
0.134177 0
0.493296 0
0.0981482 0
0.452869 0
0.175213 0
0 0
0.169317 0
0.332329 0
2.36756 0
0.083774 0
0.371152 0
2.16968 0
0.498798 0
0.50251 0
0.268596 0
0.366657 0
0.137005 0
0.495105 0
0.351622 0
0.383498 0
0.117581 0
1.06816 0
1.00885 0
1.29452 0
0.127331 0
1.09229 0
0.266655 0
0.486012 0
0.126668 0
1.66291 0
2.88118 0
0.359082 0
3.92692 0
0.470873 0
0.191977 0
0.30865 0
0.245968 0
0.754769 0
0.120695 0
1.46404 0
2.55584 0
0.250925 0
0.229553 0
2.28216 0
2.48895 0
0.167598 0
0.109375 0
0.215233 0
0.455629 0
0.116988 0
0.192672 0
0.227793 0
0.0828241 0
0.177794 0
0.175363 0
0.176909 0
4.3571 0
0.217088 0
0.0302604 0
0.157592 0
0.145665 0
0.548773 0
0.592252 0
0.590143 0
0.75614 0
1.4815 0
0.0794879 0
2.62589 0
0.470756 0
0.0548148 0
0.265739 0
1.56634 0
2.38069 0
1.01164 0
0.058212 0
0.921159 0
0.0203787 0
0.176676 0
0.328653 0
2.1664 0
0.0429929 0
0.0812616 0
0.591093 0
0.165147 0
0.9815 0
0.0943639 0
0.27633 0
0.886429 0
0.203728 0
0.229224 0
0.861072 0
1.30045 0
0.201903 0
0.368421 0
0.808166 0
1.09244 0
1.11818 0
0.220083 0
1.31776 0
0.530223 0
0.503677 0
0.453035 0
1.3523 0
0.256913 0
0.0614697 0
3.56614 0
1.08445 0
1.5784 0
1.61706 0
0.879854 0
0.611175 0
1.26594 0
0.224368 0
0.486653 0
1.01876 0
0.569624 0
0.216786 0
0.636364 0
1.14624 0
0.798353 0
0.654098 0
0.24051 0
10.7838 0
0.41963 0
0.7417 0
0.312727 0
0.236865 0
2.02664 0
0.560643 0
3.14981 0
0.240892 0
0.751636 0
1.77515 0
0.511618 0
0.406557 0
0.0703481 0
0.401637 0
0.254144 0
0.595071 0
0.621053 0
0.231018 0
0.223076 0
2.58235 0
1.16476 0
0.995548 0
0.128595 0
1.6895 0
0.325395 0
0.10131 0
3.15319 0
0.234595 0
0.784194 0
0.111718 0
0.433935 0
1.17969 0
1.48008 0
0.346783 0
0.671051 0
0.283991 0
0.987842 0
1.02042 0
2.17932 0
0.58858 0
1.15736 0
0.343404 0
0.314558 0
1.12446 0
0.861885 0
0.0274875 0
4.44435 0
0.641813 0
0.824509 0
1.55279 0
0.603823 0
0.381342 0
0.124553 0
0.566425 0
0.403509 0
0.0442311 0
0.397602 0
0.175567 0
0.370525 0
0.258141 0
0.338093 0
0.671993 0
1.15744 0
1.16568 0
0.234975 0
0.168782 0
0.160366 0
1.31256 0
0.494782 0
0.476498 0
0.0925372 0
0.363782 0
1.07724 0
1.02627 0
0.385917 0
1.21157 0
0.684218 0
0.376396 0
0.021009 0
0.125023 0
0.286135 0
0.28562 0
0.570786 0
1.92418 0
0.566624 0
0.22924 0
0.199647 0
1.08194 0
0.468363 0
0.164202 0
0.0900949 0
0.070868 0
0.76808 0
1.0203 0
0.142055 0
0.4199 0
0.744525 0
3.66835 0
0.183977 0
0.177351 0
0.109691 0
0.0588924 0
0.483898 0
0.445546 0
0.998777 0
0.0747654 0
3.08309 0
0.29523 0
0.279489 0
0.17971 0
0.375299 0
0.846453 0
0.583032 0
4.23024 0
0.108765 0
0.144027 0
0.530756 0
3.14539 0
0.977788 0
1.56205 0
0.649203 0
1.91317 0
0.6032 0
1.1666 0
0.0154869 0
0.728059 0
0.951645 0
0.107473 0
0.305458 0
0.232035 0
0.156687 0
0.132469 0
0.835357 0
0.627815 0
0.0959743 0
0.550114 0
0.304082 0
0.547177 0
0.997556 0
5.42603 0
1.60374 0
2.37258 0
0.0916548 0
0.876816 0
0.340206 0
1.8437 0
1.11485 0
0.348268 0
1.2059 0
0.28208 0
0.21558 0
0.200569 0
0.625771 0
0.159728 0
0.163754 0
0.644204 0
0.462814 0
0.273284 0
0.155218 0
0.305373 0
0.0802165 0
0.280791 0
1.34829 0
0.449167 0
0.475645 0
0.670174 0
0.235444 0
0.445855 0
0.799256 0
1.16358 0
0.419764 0
0.114167 0
0.207621 0
1.71525 0
0.337202 0
0.184872 0
0.887134 0
0.790436 0
2.19655 0
0.177535 0
0.175041 0
0.117806 0
0.246215 0
0.199118 0
1.17716 0
1.31844 0
0.484296 0
0.227394 0
1.00919 0
0.668409 0
0.187727 0
0.724979 0
1.31429 0
2.00363 0
1.90978 0
0.449163 0
0.488556 0
0.0593029 0
0.735718 0
0.0830547 0
2.44534 0
0.132423 0
1.22811 0
0.437441 0
0.292082 0
0.941685 0
1.88915 0
0.259564 0
0.371042 0
0.204064 0
0.693095 0
0.499293 0
0.1154 0
0.11522 0
0.331038 0
1.72158 0
0.232549 0
0.0768399 0
0.512837 0
3.69733 0
0.108744 0
2.27041 0
1.70633 0
0.385934 0
3.69685 0
0.129331 0
0.668888 0
1.57444 0
0.251269 0
0.455175 0
0.291987 0
0.344929 0
0.375277 0
1.45969 0
1.02465 0
0.214546 0
0.119001 0
0.815355 0
1.0196 0
0.0579083 0
0.198875 0
0.52149 0
0.0895215 0
0.467165 0
1.10557 0
0.205238 0
3.00015 0
0.532795 0
0.564595 0
0.22933 0
0.55326 0
0.186172 0
0.789206 0
0.558923 0
0.195805 0
0.0254902 0
0.110127 0
0.180667 0
0.11472 0
0.270892 0
0.228217 0
1.72697 0
0.110888 0
0.884986 0
0.680066 0
0.403932 0
0.297144 0
0.257194 0
0.750677 0
2.23787 0
0.216392 0
0.159151 0
0.275679 0
0.441521 0
1.17366 0
1.03763 0
3.03436 0
0.965395 0
0.406535 0
2.43375 0
0.262883 0
0.49214 0
0.153042 0
0.238609 0
1.14071 0
0.211033 0
0.177126 0
0.713809 0
5.50773 0
0.527915 0
0.461385 0
0.0177473 0
1.06115 0
0.0828419 0
0.392511 0
0.927793 0
0.421346 0
0.278287 0
0.172122 0
0.0695875 0
0.155164 0
2.74249 0
0.350936 0
0.723627 0
0.236213 0
0.30614 0
0.6351 0
0.413962 0
0.542345 0
0.137745 0
0.72114 0
0.214303 0
0.411546 0
0.393383 0
0.188521 0
0.193622 0
0.301633 0
0.164132 0
0.519134 0
0.458051 0
0.209592 0
0.147875 0
0.384967 0
0.427427 0
0.597382 0
0.101025 0
0.249591 0
0.226418 0
0.293898 0
0.324947 0
0.303408 0
1.35828 0
0.202502 0
0.222721 0
1.67222 0
1.5947 0
0.248106 0
1.90461 0
0.498868 0
2.00336 0
0.627242 0
0.802239 0
0.098357 0
1.42053 0
0.209101 0
0.298067 0
1.66584 0
0.229849 0
1.52539 0
1.63682 0
4.02619 0
1.3871 0
3.53398 0
0.687093 0
0.374702 0
2.36013 0
0.161341 0
1.95995 0
0.245371 0
0.178942 0
1.83857 0
0.969505 0
0.210963 0
0.169021 0
5.70228 0
2.57322 0
0.866888 0
1.88358 0
0.267273 0
0.901198 0
0.0722656 0
0.718267 0
0.139921 0
0.312526 0
0.429257 0
0.420276 0
1.0332 0
0.500026 0
0.941812 0
1.6203 0
1.02611 0
0.63205 0
0.684731 0
0.16575 0
0.658693 0
0.881102 0
0.0562147 0
1.2467 0
1.91448 0
1.94008 0
0.20609 0
0.1779 0
0.111979 0
2.13973 0
0.210703 0
0.750545 0
0.319919 0
2.58549 0
1.10161 0
1.44738 0
5.55112 0
0.196288 0
0.618788 0
0.861599 0
0.0889837 0
0.590455 0
0.72448 0
1.07361 0
0.289017 0
1.30496 0
0.616018 0
0.362856 0
1.52265 0
0.11782 0
0.130514 0
