4.9409 1
0.00975976 1
0.0482082 1
1.582 1
0.012676 1
3.01737 1
0.484525 1
0.114339 1
0.366243 1
0.670329 1
0.113647 1
0.188141 1
0.666918 1
6.88861 1
0.1535 1
0.495576 1
0.0148851 1
0.0489866 1
2.85997 1
0.259706 1
0.0141985 1
1.62693 1
0.228817 1
0.235529 1
0.0343258 1
0.0952427 1
0.046292 1
0.269284 1
1.07844 1
1.18048 1
0.0285045 1
0.110365 1
0.254628 1
0.369778 1
0.147862 1
0.0660473 1
0.0685665 1
0.0668416 1
0.0805661 1
1.81046 1
2.59202 1
1.35924 1
0.053105 1
0.108736 1
0.416341 1
0.310748 1
0.0251197 1
0.765595 1
1.38948 1
0.0350117 1
0.231107 1
0.0387512 1
0.272327 1
1.0894 1
1.62457 1
0.0358046 1
0.109898 1
0.0796534 1
0.00463502 1
0.214702 1
0.0482276 1
0.0435084 1
0 1
2.96908 1
1.14559 1
0.0373888 1
0.2926 1
0.0523494 1
0.0685958 1
0.983804 1
0.135928 1
2.05132 1
0.0706364 1
0.71756 1
0.0417028 1
0.276188 1
0.18498 1
0.106041 1
0.0324474 1
0.0965701 1
1.85422 1
0.0690329 1
0.0593237 1
1.68554 1
0.545993 1
0.0859755 1
0.344031 1
0.0446429 1
0.0611372 1
0.090265 1
4.90442 1
0.575048 1
0.685741 1
0.596273 1
0.0347657 1
0.0384126 1
0.676432 1
0.110261 1
2.51026 1
0.2343 1
0.119858 1
3.41418 1
1.45908 1
0.712716 1
3.89568 1
1.12002 1
1.28662 1
0.443484 1
0.0478119 1
0.267591 1
0 1
0.977281 1
0.202954 1
0.357063 1
0.550612 1
0.249561 1
0.0872324 1
2.87034 1
0.0743614 1
0.0320023 1
1.42403 1
0.048783 1
0.0119769 1
0.0411644 1
1.55551 1
0.0464454 1
0.0794801 1
0.0764273 1
0.062111 1
0.0435651 1
0.389671 1
0.545213 1
0.927387 1
1.07099 1
1.38779 1
0 1
0.0833508 1
0.20377 1
2.30164 1
0.378005 1
0.121407 1
0.0924019 1
0.715426 1
0.0921966 1
12.9341 1
0.371378 1
0.0652966 1
0.606897 1
0.0420263 1
1.74432 1
0.139752 1
0.0530525 1
2.05145 1
0.0510459 1
0.129979 1
0.0532154 1
1.56601 1
0.915079 1
0.104566 1
3.64631 1
1.19642 1
0.0700029 1
0.179698 1
1.57496 1
0.267645 1
3.52207 1
197.244 1
0.0572868 1
0.0922896 1
0.84036 1
0.0599486 1
0.0434659 1
1.73957 1
0.28222 1
0.0703905 1
0.0811966 1
2.11196 1
0.44596 1
1.48446 1
0.079703 1
0.232952 1
0.050142 1
0.393854 1
1.35447 1
0.0226746 1
0.441949 1
0.0813435 1
0.431749 1
0.0611298 1
0.354154 1
0.431884 1
0.0366835 1
0.0241247 1
1.01881 1
1.65491 1
0.816324 1
0.29251 1
0.639224 1
0.160981 1
0.0360636 1
0.0407182 1
0.205346 1
1.00196 1
0.0476664 1
0 1
0.0505501 1
199.252 1
0.462189 1
1.97506 1
0.0844222 1
0.442594 1
0.456332 1
0.216813 1
0.0397892 1
1.554 1
0.144645 1
1.43632 1
0.078807 1
0.465522 1
2.24271 1
0.120409 1
0.71191 1
1.59846 1
1.30314 1
0.109353 1
0.0773542 1
0.0639292 1
0.0900679 1
0.0454944 1
0.867152 1
0.230692 1
0.0958339 1
0.459741 1
0.0690442 1
0.00616957 1
0.0717734 1
0.515291 1
1.14834 1
3.50178 1
0.510674 1
0.121692 1
0.0351275 1
0.0788367 1
2.20431 1
0.0896063 1
0.551269 1
0.0811787 1
0.0562793 1
0.519576 1
2.41109 1
1.28139 1
0.947109 1
0.330994 1
0.0662708 1
2.0355 1
0.072108 1
0.304869 1
0.0426991 1
0.951192 1
0.0854361 1
0.796364 1
0.164687 1
1.2786 1
0.0783429 1
3.15981 1
0.0406958 1
0.0335044 1
1.04861 1
0.39591 1
0.0414122 1
0.143363 1
2.24479 1
0.0286608 1
0.291431 1
0.0919863 1
0.361578 1
1.96742 1
0.489372 1
0.667127 1
0.0189733 1
0.0532269 1
0.0702774 1
0.0933097 1
2.43144 1
1.27882 1
0.226572 1
0.44235 1
0.0568518 1
1.0678 1
0.0770673 1
0.444509 1
1.35233 1
0.951285 1
0.0715289 1
1.85784 1
2.51519 1
0.914046 1
1.37593 1
0.429799 1
0.19928 1
0.071511 1
0.0327776 1
0.0399859 1
0.774428 1
0.481885 1
0.298311 1
0.00925808 1
1.07793 1
1.41345 1
9.91539 1
1.77852 1
0.495173 1
0.0900062 1
10.4993 1
0.140308 1
0.097358 1
0.0841922 1
2.5196 1
0.04941 1
0.0601441 1
0.0799076 1
2.2653 1
2.03651 1
0.148099 1
0.00804368 1
0.00366845 1
3.74822 1
0.369118 1
0.369297 1
1.95828 1
0.116686 1
0.0937815 1
0.170194 1
0.465068 1
0.084001 1
0.0567456 1
0.934131 1
2.59018 1
0.0466155 1
0.133548 1
0.131768 1
0.47297 1
1.64941 1
0.218941 1
2.50332 1
0.056 1
0.10864 1
0.0465844 1
0.776557 1
0.174175 1
0.100567 1
1.39645 1
0.0277735 1
0.437396 1
0.0939512 1
0.134766 1
0.12187 1
0.134139 1
0.0696231 1
0.0813483 1
0.429157 1
0.119102 1
0 1
2.19742 1
0.056582 1
161.765 1
1.22836 1
0.110685 1
1.03826 1
1.12915 1
0.0478669 1
4.1985 1
2.34052 1
1.84681 1
1.30979 1
0.385577 1
0.0254099 1
0.0402707 1
2.61856 1
0.0260968 1
0.0417302 1
1.3846 1
1.00654 1
0.0330636 1
0.0659896 1
0.039371 1
0.0184685 1
0.0828873 1
1.23076 1
0.0543208 1
0.0320248 1
0.0858364 1
4.59107 1
0.0308314 1
0.168529 1
0.304396 1
1.75147 1
0.00905258 1
0.35792 1
0.119345 1
0.0306122 1
5.40994 1
0.628188 1
0.0844572 1
0.068588 1
0.0546429 1
2.42194 1
0.634109 1
0.682815 1
0.381548 1
0.0861265 1
2.71892 1
0.890117 1
0.0592062 1
0.0134482 1
1.34164 1
2.712 1
0.14289 1
0.66618 1
0.0318182 1
1.42207 1
1.15559 1
0.0366236 1
0.533442 1
0.227834 1
1.76658 1
0.0751226 1
0.0291568 1
0.0340084 1
0.079582 1
2.2851 1
0.00324432 1
2.02988 1
3.05939 1
0.0384996 1
2.35062 1
0.324911 1
4.02265 1
0.696189 1
0.21622 1
0.293236 1
0.246783 1
0.0713213 1
0.0272627 1
0.0458122 1
0.0192242 1
1.18553 1
0.935597 1
0.0168002 1
0.113569 1
0.054627 1
0.0992016 1
0.869234 1
0.578528 1
1.37997 1
1.29401 1
0.724437 1
0.0661525 1
0.805052 1
0.0317363 1
0.036766 1
0.0465602 1
0.964409 1
3.47031 1
2.01278 1
0.611045 1
0.144357 1
0.0443355 1
0.0453483 1
0.0692868 1
0.266902 1
0.00838917 1
0.0749306 1
0.0880766 1
1.49734 1
0.0770403 1
0.0117915 1
0.691832 1
0.0326748 1
0.39593 1
0.0973376 1
0.0627713 1
0.043411 1
0.0455487 1
0.179321 1
0.0833389 1
0.37309 1
0.0146272 1
0.049628 1
2.49568 1
1.31225 1
0.0927995 1
0.0367566 1
4.24613 1
0.023622 1
0.0478845 1
0.537242 1
0.0848723 1
0.0255578 1
0.0234338 1
187.221 1
2.27343 1
0.039366 1
2.67116 1
0.351567 1
0.0623419 1
0.18646 1
0.0327472 1
4.76996 1
0.418389 1
3.53447 1
0.211446 1
0.0606848 1
0.0709129 1
0.568924 1
0.0633575 1
0.0759639 1
0.128602 1
0.0356431 1
1.29995 1
0.045042 1
2.10983 1
0.0690391 1
0.0995893 1
0.104789 1
1.0754 1
0.0506957 1
0.0370088 1
0 1
0.125984 1
0.365475 1
0.181637 1
0.422153 1
3.76346 1
0.0713257 1
0.0522829 1
1.13602 1
2.61266 1
0.0431867 1
5.19348 1
2.01137 1
0.0859955 1
0.0305519 1
1.31217 1
0.0849844 1
0.496806 1
1.43507 1
0.542484 1
0.431334 1
0.578622 1
2.23013 1
0.0217581 1
0.849168 1
0.107273 1
0.0625522 1
0.870364 1
0.113519 1
0.0158307 1
0.417944 1
1.12984 1
2.2003 1
0.0656606 1
0.0636678 1
0.5846 1
0.042281 1
0.670952 1
0.0232772 1
0.079343 1
2.06601 1
0.0419327 1
0.228274 1
0.0216218 1
0.0840281 1
0.0366801 1
0.0552388 1
0.042317 1
0.34396 1
1.5098 1
0.0754972 1
0 1
0.111243 1
0.102526 1
1.72805 1
0.0399981 1
0.162662 1
5.60133 1
0.0973645 1
0.0450152 1
2.01567 1
1.09679 1
0.148427 1
0.0927386 1
0.564318 1
1.34194 1
0.516878 1
0.869407 1
1.02586 1
1.87599 1
0.0888009 1
0.0419196 1
0.0817241 1
0.831782 1
0.0493421 1
0.0526037 1
0.0717042 1
0.0674041 1
0.366138 1
0.0691319 1
0.0459763 1
0.0718871 1
0.0242388 1
0.0486306 1
0.0800518 1
0.513442 1
0.382594 1
0.0716881 1
0.454032 1
0.193844 1
0.197803 1
3.43064 1
0.0249574 1
1.99481 1
0.494026 1
0.0671528 1
0.638635 1
0.0452725 1
0.478129 1
0.0259152 1
0.111784 1
4.9438 1
0 1
0.123183 1
0.0791817 1
1.36288 1
0.115173 1
2.92661 1
4.86907 1
1.44518 1
0.330447 1
0.120144 1
0.0875569 1
0.44979 1
3.21802 1
0.0367218 1
0.0849738 1
0.0426195 1
0.0684022 1
0.0449223 1
1.14284 1
0.0702577 1
0.861441 1
0.373071 1
0.0712372 1
1.02008 1
0.0241743 1
0.0447954 1
1.33004 1
2.35219 1
0.498465 1
1.48148 1
0.0409825 1
0.0298791 1
0.147244 1
0.101187 1
0.362118 1
0.0657665 1
0.0801209 1
2.60776 1
2.58893 1
0.0565278 0
0.843329 0
0.101371 0
0.118803 0
0.0400932 0
0.114229 0
0.0720761 0
0.0263415 0
0.0516483 0
1.97342 0
0.0496428 0
0.118445 0
0.053634 0
0.095587 0
0.0992825 0
0.0268284 0
0.105193 0
0.0747466 0
0.478752 0
0.0447795 0
0.696885 0
0.0806753 0
0.0311128 0
0.0934839 0
1.17565 0
0.0876597 0
0.0962269 0
0.0692867 0
0.404373 0
0.0601415 0
0.0908232 0
0.0828397 0
0.115635 0
2.63966 0
0.00957768 0
0.0564511 0
0.462744 0
0.113452 0
0.652109 0
0.00926278 0
0.0831139 0
0.0673817 0
0.0579927 0
0.0820842 0
0.0733674 0
0.0466303 0
0.0879232 0
0.287782 0
0.0807153 0
0.0442318 0
0.0640161 0
0.0714769 0
0.0495788 0
0.0395568 0
0.0297573 0
0.0568098 0
0 0
2.9593 0
0.411372 0
0.0651625 0
0.100292 0
0.099925 0
0.0344231 0
0.0246002 0
0.165457 0
1.16073 0
0.0480915 0
0.0444801 0
2.64644 0
0.0693357 0
0.094073 0
0.0843549 0
0.071879 0
0.0117104 0
0.0120242 0
0.0373309 0
0.0827605 0
0.12998 0
0.0225298 0
0.0497491 0
0.483756 0
0.0707361 0
0 0
0.05205 0
0.0679038 0
0.0228605 0
0.066343 0
0.0596205 0
0.0313181 0
0.0372716 0
0.0245726 0
0.175854 0
0.0696001 0
0.0817108 0
0.047763 0
0.11324 0
0.0429776 0
0.0408687 0
0.0473081 0
0.0323343 0
0.0415374 0
0.0583839 0
0.0557765 0
0.0178739 0
0.0656488 0
0.0767023 0
0.0484835 0
0.0453747 0
1.22223 0
0.0561044 0
0.78354 0
0.0931658 0
0.102328 0
0.12835 0
0.138688 0
0.870584 0
0.072097 0
0.698466 0
0.0553494 0
0.0732211 0
0.0862439 0
0.221328 0
0.0598961 0
0.0597955 0
0.0153809 0
0.0658754 0
0.0866673 0
0.096969 0
0.0695634 0
0.0316343 0
0.0802101 0
0.275598 0
0.0579053 0
0.0503813 0
0.0493715 0
0.0635445 0
0.0456699 0
0.303018 0
0.0540622 0
0.0561803 0
0.0283351 0
0.0505642 0
0.103917 0
0.155915 0
0 0
0.0511941 0
0.127222 0
0.0812711 0
0.304298 0
0.0908411 0
4.49082 0
0.0193405 0
0.0429604 0
0.0238664 0
0.0398551 0
0.0939212 0
0.0873113 0
0.046659 0
2.72239 0
0.0637535 0
0.671083 0
0.0160013 0
0.218849 0
0.0280074 0
0.0696 0
0.903642 0
0.0797347 0
0.235912 0
0.0480192 0
0.478891 0
0.0346325 0
0.0481886 0
0.0919169 0
0.0463802 0
0.0509003 0
0.0727198 0
0.0668934 0
0.05919 0
1.7135 0
0.010837 0
0.071292 0
0.0652289 0
0.0789709 0
0.0276351 0
0.0391594 0
0.0516949 0
0.0328806 0
0.0605275 0
0.0725583 0
0.0210755 0
0.423169 0
0.0370961 0
0.0563301 0
0.0368198 0
0.099583 0
0.0532983 0
0.367095 0
0.31639 0
0.12043 0
0.0870075 0
0.0279225 0
0.0340289 0
0.0456459 0
0.0275384 0
0.0325226 0
0.856203 0
0.0435593 0
0.0550733 0
0.0339999 0
0.2333 0
0.0569073 0
0.0694871 0
0.0215509 0
2.42834 0
0.0461805 0
1.21202 0
0.186771 0
0.0957949 0
2.65581 0
0.0665246 0
0.0393733 0
0.0745336 0
0.0790708 0
0.0975314 0
0.0425366 0
0.226583 0
0.0168428 0
0.0378971 0
0.0825322 0
0.255154 0
0.00198647 0
0.246951 0
0.0827133 0
0.0599207 0
0.0503317 0
0.0398428 0
0.0669749 0
0.0282422 0
0.0500425 0
0.0682278 0
0.086754 0
0.0993716 0
0.103123 0
0.86249 0
0.0526333 0
0.0851224 0
0.0327218 0
0.276419 0
0.182285 0
0.114151 0
0.0460715 0
0.0753461 0
0.0435765 0
0.0700457 0
0.0495545 0
0.0525599 0
2.54235 0
0.102315 0
0.0262228 0
0.0391088 0
0.0723217 0
0.0328884 0
0.0428486 0
0.0292076 0
0.0583823 0
0.0475 0
0.0468325 0
0.0633383 0
0.0823318 0
0.0709521 0
0.0767807 0
0.0839689 0
0.267227 0
0.134487 0
0.379496 0
0.0381017 0
1.09988 0
0.165059 0
0.412797 0
0.0280824 0
0.0608502 0
0.0528175 0
0.00937552 0
0.617908 0
0.0862977 0
0.0879492 0
0.0816122 0
0.104387 0
0.0135955 0
0.0693538 0
0.0974745 0
0.0689786 0
0.0152936 0
0.0499271 0
0.033979 0
0.00537715 0
0.0333119 0
0.164045 0
0.317489 0
0.0318979 0
0.0600392 0
0.0306405 0
0.0173898 0
0.064242 0
0.0646159 0
1.83044 0
0.0629535 0
0.0237544 0
0.0305076 0
2.84238 0
0.0379223 0
0.0591928 0
0.00372823 0
0.0560613 0
0.0947581 0
0.0919176 0
0.581171 0
2.31108 0
0.0989881 0
1.07877 0
0.0596307 0
0.0753158 0
0.359071 0
0.0613219 0
0.0416023 0
0.0137067 0
0.900913 0
0.0442384 0
0.0492905 0
0.0434331 0
0.0849692 0
0.269035 0
0.031129 0
0.0646641 0
0.0242804 0
0.0624479 0
0.0580355 0
0.0531089 0
0.0730536 0
0.0357208 0
0.067195 0
0.173003 0
0.122742 0
0.0172871 0
0.0187982 0
0.0678341 0
0.111742 0
0.229711 0
0.0733086 0
0.0489633 0
0.0447368 0
2.10012 0
0.0657366 0
0.0286107 0
1.28026 0
0.0986659 0
0.0302174 0
0.0395532 0
1.12551 0
0.0938547 0
0.0258475 0
0.0110316 0
0.0514962 0
0.123775 0
0.0434587 0
0.00993022 0
0.0529143 0
2.19117 0
0.0225938 0
0.0540652 0
0.108528 0
0.0422853 0
0.0261298 0
0.0386979 0
0.104511 0
0.0669963 0
0.0580589 0
0.0147527 0
0.0353018 0
0.0485048 0
0.184189 0
0.0332258 0
0.0334814 0
0.0527209 0
0.0742442 0
0.0417631 0
0.059985 0
0.0557473 0
0.0793774 0
0.0719718 0
0.149337 0
0.0676935 0
0.0326833 0
0.0311847 0
0.145254 0
0.0213249 0
0.00705174 0
0.0214154 0
0.470902 0
2.55665 0
0.0778237 0
0.708785 0
0.0382037 0
0.059388 0
0.207569 0
0.0622318 0
0.617554 0
1.76871 0
0.12915 0
0.136404 0
0.00166974 0
0.0245539 0
0.0388683 0
0.0912785 0
0.116431 0
0.0538316 0
0.0431973 0
2.54802 0
0.0837764 0
0.00117447 0
0.0578375 0
0.903543 0
0.0555961 0
0.0678928 0
0.0158014 0
0.0982839 0
0.0808016 0
0.561534 0
0.0599527 0
0 0
0.0156496 0
0.0476505 0
0.0703552 0
0.050309 0
0.0974126 0
0.0718844 0
0.0194002 0
0 0
0.0627215 0
0.101388 0
0.208715 0
0.0750774 0
0.112647 0
0.0636568 0
0.109142 0
0.731321 0
0.00382674 0
0.503033 0
0.0376242 0
0.994003 0
0.0328499 0
0.144456 0
0.158379 0
0.0728885 0
0.0376725 0
0.0682698 0
0.416348 0
0.089635 0
0.0735226 0
0.0595878 0
0.0303442 0
0.407097 0
0.0469149 0
0.0942384 0
0.0327666 0
0.140673 0
0.0256382 0
0.826118 0
0.0239679 0
0.43444 0
0.717826 0
0.0319431 0
0.0566194 0
0.018693 0
0.120718 0
0.0520357 0
0.0645893 0
0.0227397 0
0.0216471 0
0.0691822 0
0.0870213 0
0.106162 0
0.0544096 0
0.0520487 0
0.130125 0
0.0959752 0
0.0644637 0
0.0538218 0
0.0492327 0
0.0362794 0
0.0815853 0
0.0457822 0
0.339741 0
0.019436 0
0.070223 0
0.0328658 0
0.111428 0
0.120644 0
0.053966 0
0.0377299 0
0.160851 0
0.0649483 0
0.744779 0
0.0553081 0
0.0825519 0
0.0784314 0
0.0425005 0
0.0951564 0
0.157306 0
0.117119 0
0.0410124 0
0.0367875 0
0.105906 0
0.0790123 0
0.0615535 0
0.432015 0
0.396503 0
0.0465804 0
0.122733 0
0.0528597 0
0.0418599 0
0.0656476 0
0.154032 0
0.071352 0
0.075827 0
0.0222572 0
0.146385 0
0.0699852 0
0.0538518 0
0.40172 0
0.0257224 0
0.0271512 0
0.0588366 0
0.0633695 0
0.0986214 0
0.194381 0
0.0526568 0
0.0618451 0
0.0676561 0
0.0161252 0
0.0439391 0
0.0873562 0
0.0745975 0
0.0276467 0
0.0567218 0
0 0
0.096405 0
0.0246797 0
0.0471169 0
1.06173 0
0.0835659 0
0.0519324 0
0.030144 0
0.0395276 0
0.0213869 0
0.039154 0
0.11358 0
0.041912 0
0.694025 0
0.024137 0
1.37201 0
0.0624758 0
0.0242281 0
0.0381371 0
0.109537 0
0.0251599 0
0.0957835 0
0.0435527 0
0.052837 0
0.0315986 0
0.0160055 0
0.0292039 0
0.691987 0
0.0357412 0
0.0809962 0
0.0783422 0
0.0810271 0
0.0666712 0
1.59054 0
0.0583922 0
0.0407312 0
0.0243185 0
0.0354656 0
0.0111779 0
0.0262981 0
0.0158625 0
0.0317381 0
0.039649 0
0.0775982 0
0.0356359 0
0.0549327 0
0.0778288 0
0.0773419 0
0.0817972 0
0.087456 0
0.0611285 0
0.0766068 0
0.0989016 0
0.362799 0
0.197183 0
0.0864899 0
0.0229083 0
0.0109945 0
0.0461291 0
0.99538 0
0.0900838 0
0.0886362 0
0.0315431 0
0.0674149 0
0.0596379 0
0.0854135 0
0.0543157 0
0.062242 0
0.0780242 0
1.32251 0
0.0412292 0
0.105353 0
0.115192 0
0.0162974 0
0.0894625 0
0.0864276 0
0.33454 0
0.0680489 0
0.016297 0
0.105417 0
0.812589 0
0.0597149 0
0.0185786 0
0.21595 0
0.043238 0
0.0367685 0
0.0570577 0
0.093696 0
0.935793 0
0.023899 0
0.102376 0
0.0355158 0
0.0916527 0
0.0129472 0
0.0535393 0
2.0659 0
0.0704857 0
0.24553 0
0.126327 0
0.0461046 0
0.0303883 0
0.0349656 0
0.100432 0
0.0753018 0
0.489461 0
0.105759 0
0.0332784 0
0.850049 0
0.542817 0
0.0329903 0
0.0404539 0
0.0513903 0
0.0691807 0
0.0474553 0
0.103948 0
0.0651028 0
0.0903814 0
0.0531959 0
0.0519713 0
0.0824177 0
0.025114 0
0.441465 0
0.069208 0
0.0741597 0
0.0711599 0
0.0806562 0
0.464304 0
0.0449113 0
