0.164148 1
1.27573 1
0.117585 1
0.063215 1
2.31074 1
0.0508292 1
0.0469219 1
3.20436 1
2.60112 1
3.46778 1
0.046562 1
0.198258 1
0.0416616 1
0.380031 1
0.793476 1
1.5752 1
0.0918257 1
0.0223602 1
0.0627281 1
0.0637819 1
0.118499 1
2.15339 1
0.0426511 1
0.848971 1
0.0884932 1
0.0233854 1
0.0746854 1
1.8182 1
1.34765 1
1.41404 1
0.0450189 1
0.903809 1
1.79367 1
1.08774 1
0.12372 1
0.0277853 1
6.01184 1
0.0466502 1
1.08086 1
0.530911 1
0.880202 1
0.131965 1
0.857826 1
0.0305394 1
1.73621 1
0.070227 1
0.240304 1
0.0228054 1
0.558511 1
2.38867 1
2.68186 1
0.0504949 1
0.0661693 1
0.0684652 1
0.31589 1
0.0626109 1
0.1178 1
0.0572393 1
0.0492471 1
0.130511 1
1.24835 1
0.0677268 1
0.0284208 1
0.0551857 1
0.0856244 1
0.210415 1
1.35314 1
0.0544611 1
0.0738696 1
0.0898303 1
0.0715125 1
1.88835 1
1.25028 1
0.096131 1
0.0744749 1
0.049112 1
0.0524534 1
0.0700042 1
0.748884 1
4.85072 1
0.0527324 1
0.0241735 1
0.0361343 1
1.51058 1
0.113516 1
0.22739 1
0.0812623 1
0.0894763 1
0.161577 1
0.0338022 1
0.0232945 1
0.0248264 1
0.0913052 1
1.28785 1
0.467405 1
1.11346 1
2.70985 1
0.0695317 1
0.06096 1
0.631398 1
0.0927152 1
0.076332 1
0.908334 1
0.0167609 1
1.39844 1
0.28287 1
3.47577 1
0.045229 1
0.0173038 1
0.042562 1
1.23215 1
0.40499 1
0.0417936 1
0.0885062 1
1.78244 1
0.0913064 1
1.50857 1
0.81926 1
0.44743 1
226.629 1
1.82858 1
0.0237729 1
0.0487731 1
0.0863795 1
1.78075 1
3.58199 1
1.90503 1
0.254869 1
0.916499 1
0.0799499 1
0.770287 1
0.743631 1
0.0421603 1
0.0873769 1
0.0551709 1
3.08952 1
0.050314 1
0.0285783 1
0.288282 1
0.0802693 1
0.0875893 1
0.0369034 1
190.108 1
0.00801061 1
0.302183 1
1.47206 1
3.14665 1
0.0568879 1
0.57614 1
0.936755 1
0.116786 1
8.10956 1
3.11816 1
0.034973 1
3.27488 1
0.962795 1
4.15048 1
0.0309641 1
2.27889 1
0.0556528 1
1.91003 1
0.00431921 1
3.71029 1
2.89483 1
0.124856 1
0.756297 1
0.055734 1
0.0823318 1
0.0694725 1
0.288361 1
0.537703 1
0.0980581 1
0.19771 1
0.0171705 1
0.815185 1
1.06618 1
0.0722688 1
0.0773081 1
0.261498 1
0.0431191 1
1.03303 1
0.311259 1
0.0250042 1
1.82268 1
0.00171572 1
2.29681 1
0.0363636 1
0 1
0.385129 1
1.16828 1
0.141001 1
0.0791371 1
0.058825 1
0.00918663 1
0.0569943 1
6.30442 1
0.0833435 1
0.941414 1
0.0143879 1
0.292032 1
0.207453 1
0.0569633 1
0.346656 1
0.687205 1
0.0437205 1
0.045471 1
0.0202613 1
1.31276 1
5.01682 1
0.0829913 1
1.5357 1
0.153349 1
0.0439979 1
1.37031 1
0.0919761 1
5.08376 1
0.825476 1
1.39079 1
0.442562 1
0.119362 1
4.49972 1
0.606831 1
1.47804 1
0.0260419 1
0.0548222 1
0.0119811 1
0 1
0.0669094 1
1.43825 1
0.0610513 1
2.30823 1
1.21784 1
0.0633254 1
0.0677334 1
1.03122 1
0.0899839 1
0.0811262 1
0.0733455 1
1.90236 1
0.0818374 1
0.672149 1
0.694862 1
0.0700429 1
2.28018 1
1.67122 1
0.412192 1
0.0381834 1
0.0832452 1
0.15197 1
0.0525541 1
0.149927 1
0.100488 1
0.0539429 1
1.65383 1
1.61219 1
0.705866 1
3.59098 1
0.0708435 1
0.741816 1
0.310355 1
0.750418 1
0.112675 1
0.165694 1
0.06387 1
0.0301726 1
0.0764602 1
0.98885 1
0.0331489 1
0.0131478 1
0.472907 1
0.391546 1
0.0556465 1
1.13602 1
0.0347894 1
0.0555813 1
1.29224 1
0.0197588 1
0.044681 1
2.73142 1
0.0868628 1
0.262552 1
1.19234 1
0 1
1.43321 1
0.0661518 1
0.0759209 1
0.0837753 1
0.720829 1
0.797862 1
0.0783294 1
0.054954 1
0.376698 1
0 1
0.277308 1
0.709857 1
0.0812403 1
4.77159 1
0.903367 1
0.0776024 1
0.0710528 1
0.0606111 1
2.56104 1
0.152877 1
1.08244 1
0.0324899 1
0.12124 1
0.045342 1
0.356937 1
0.185959 1
1.65216 1
0.03006 1
0.116246 1
0.108159 1
0.0542067 1
1.25487 1
0.0516414 1
0.0475843 1
0.561439 1
2.01262 1
0.270698 1
0.254242 1
1.20682 1
5.59346 1
0.212231 1
0.0134633 1
0.0599615 1
1.2865 1
0.0536884 1
0.621268 1
0.290508 1
0.0482955 1
0.0482954 1
0.033256 1
2.14486 1
2.21878 1
0.0762808 1
3.43542 1
0.0965465 1
1.98213 1
0.130826 1
0.644718 1
0.789628 1
0.112936 1
0.0271025 1
3.89542 1
0.0345609 1
0.0158589 1
0.0445707 1
1.69794 1
0.060309 1
0.177885 1
0.267694 1
0.0283486 1
0.0153784 1
0.0611287 1
2.30339 1
0.0652167 1
0.0581215 1
0.105149 1
2.67766 1
0.0755653 1
0.291991 1
0.0322356 1
0.940751 1
2.00146 1
1.02866 1
0.34134 1
0.0368066 1
0.262828 1
0.100495 1
0.0205424 1
0.0559192 1
1.66045 1
0.0732021 1
0.0757673 1
1.14048 1
0.798639 1
0.593486 1
0.546093 1
0.0811923 1
2.83032 1
0.499245 1
0.0493082 1
0.180017 1
1.03198 1
0.0275175 1
0.683528 1
0.689299 1
0.0395344 1
0.0705128 1
0.655619 1
0.53633 1
0.0537332 1
0.08963 1
0.0743398 1
0.0191612 1
2.23004 1
0 1
0.0498142 1
3.01012 1
0.0154844 1
0.0446062 1
0.736879 1
0.243826 1
0.318009 1
0.293636 1
0.948211 1
0.0313592 1
0.0679681 1
0.202973 1
0.110811 1
0.0777055 1
0.0934931 1
0.9349 1
0.0777591 1
0.474724 1
1.47345 1
0.10556 1
0.380907 1
1.65569 1
0.0516223 1
0.0417487 1
0.840133 1
0.929598 1
0.111142 1
0.0272131 1
1.60715 1
0.856696 1
0.0885444 1
2.24403 1
0.0999089 1
0.0618451 1
1.45663 1
0.833244 1
0.00189428 1
0.0896312 1
0.283639 1
3.58426 1
0.0262811 1
0.0213895 1
0.0720778 1
0.0581532 1
2.00891 1
0.119239 1
0.0319818 1
0.0683077 1
0.089121 1
0.727792 1
0.00659228 1
0.0657133 1
0.135279 1
0.146067 1
0.0478138 1
0.291104 1
3.45015 1
0.0515178 1
0.0686808 1
2.06876 1
0.00320991 1
1.41416 1
0.970059 1
0.176928 1
1.7584 1
0.035481 1
1.33408 1
0.0662634 1
1.44579 1
1.28118 1
0.784699 1
1.29379 1
0.0510034 1
0.0193446 1
0.450022 1
0.0247292 1
0.574637 1
0.0246583 1
0.040163 1
0.112214 1
0.0259914 1
2.88777 1
0.594855 1
0.0626804 1
0.0788997 1
0.0414635 1
0.0556639 1
0.0893099 1
0.395059 1
0.396226 1
0.939681 1
0.917662 1
0.184339 1
0.57421 1
0.217055 1
1.25714 1
0.0246105 1
0.0997686 1
0.0949054 1
0.564108 1
1.54752 1
0.115077 1
0.33731 1
0.127382 1
0.824136 1
0.0956671 1
1.25057 1
0.0219065 1
3.63574 1
0.0468417 1
0.0645303 1
0.0402013 1
0.132707 1
0.932259 1
1.30798 1
0.115959 1
0.224589 1
0.0407939 1
0.31695 1
0.0843317 1
3.08534 1
1.1705 1
2.1885 1
0.722399 1
0.0662174 1
0.168275 1
0.0138231 1
0.0378159 1
8.15536 1
0.03739 1
0.311751 1
0.717546 1
1.67399 1
0.0879655 1
0.394376 1
0.0574168 1
0.0794123 1
0.11535 1
0.0245413 1
0.0712331 1
0.0394894 1
0.0240343 1
3.4892 1
1.12481 1
1.51418 1
0.0788932 1
0.987237 1
0.803648 1
1.0121 1
0.421533 1
0.0205859 1
0.037231 1
0.297264 1
0.100143 1
0.253231 1
1.68388 1
0.0450606 1
0.354348 1
0.206124 1
2.76914 1
2.08403 1
0.194665 1
0.0937563 1
0.470041 1
0.715335 1
0.0265516 1
0.626923 1
0.0225254 1
0.342698 1
3.29481 1
0.700934 1
3.24767 1
0.0727968 1
0.0367166 1
0.03371 1
0.0259017 1
0.0499413 1
0.0764976 1
0.204075 1
0.0848669 1
0.13434 1
0.320815 1
2.91898 1
3.85446 1
0.0674937 1
0.496916 1
0.218647 1
0.0224116 1
0.046984 1
11.0116 1
0.0774544 1
0.0757883 1
0.0962529 1
0.0408513 1
0.0406992 1
0.339677 1
0.139129 1
0.0568254 1
1.01556 1
0.0236123 1
0.705521 1
0.0689434 1
1.50713 1
1.84975 1
0.467054 1
0.0223602 1
1.39375 1
0.0539661 1
0.361313 1
0.0533275 1
3.43397 1
2.12332 1
0.0481607 1
1.46582 1
207.083 1
0.135898 1
0.217562 1
0.565327 1
0.0374298 1
0.0893121 1
1.12137 1
0.440845 1
0.105876 1
0.0890284 1
0.0218884 1
0.676843 1
0.331217 1
1.95598 1
0.0433083 1
3.6607 1
1.54029 1
0.0661173 1
0.895658 1
0.089587 1
1.05098 1
0.0586266 1
0.437835 1
0.868989 1
0.108715 1
0.119694 1
2.06926 1
0.169187 1
0.0713069 1
0.0423247 1
1.08589 1
0.989743 1
0.0235277 1
0.0206288 1
0.0181588 1
0.0512594 1
0.0469747 1
2.17095 1
0.0289661 1
0.0674838 1
0.051857 1
0.782108 1
0.558136 1
0.0067942 1
0.0493383 1
0.228776 1
1.26818 1
0.590326 1
0.298372 1
0.626733 1
0.0554109 1
0.765809 1
0.648461 1
1.89177 1
0.0815256 1
1.03235 1
1.4922 1
0.21111 1
2.02986 1
0.562256 1
0.0912861 1
0.032089 0
0.0726578 0
0.0607848 0
0.0487815 0
0.0699309 0
0.0133691 0
0.132195 0
0.0575173 0
0.0229297 0
0.0328868 0
0.0847866 0
0.0511176 0
0.0777957 0
0.00434529 0
0.00528794 0
0.0986723 0
0.0809517 0
0.0650629 0
0.058374 0
0.0437525 0
0.0980243 0
0.00482101 0
0.0494304 0
0.0379092 0
0.0338292 0
0.115548 0
0.00967587 0
0.086634 0
0.36085 0
0.113325 0
0.0289557 0
0.0407719 0
1.89619 0
0.0154568 0
0.0393955 0
0.0112287 0
0.101412 0
0.047653 0
1.75585 0
0.00890422 0
0.0529281 0
0.712111 0
1.08413 0
0.0954982 0
0.0750812 0
0.0640023 0
0.0704634 0
0.0856868 0
0.0569755 0
0.145575 0
0.0582981 0
0.157735 0
0.0395763 0
0.0588693 0
0.0725607 0
2.21075 0
0.0989149 0
0.107734 0
0.123788 0
3.81158 0
0.0413018 0
0.96123 0
0.274718 0
0.0541667 0
0.0368099 0
0.0351931 0
0.362284 0
0.0934235 0
0.0532411 0
0.0597923 0
0.0923475 0
0.0982394 0
0.0220218 0
0.0472407 0
2.99076 0
4.7671 0
0.127116 0
0.04059 0
0.124635 0
0.0510204 0
0.0411677 0
0.17028 0
0.0917703 0
0.0704755 0
0.100842 0
0.0734559 0
0.0134757 0
0.0212192 0
0.099446 0
0.0597837 0
0.514769 0
0.0524393 0
1.03361 0
0.432708 0
0.0441453 0
0.0744184 0
0.610733 0
0.0318781 0
0.0872933 0
0.0859557 0
0.0836688 0
0.0745309 0
0.285101 0
0.107525 0
0.0734482 0
0.122402 0
0 0
0.70322 0
2.18971 0
0.0285654 0
0.0526672 0
0.0569069 0
0.0403092 0
0.0702239 0
0.0801155 0
0.448262 0
0.0588249 0
0.0487773 0
0.0375508 0
0.0758471 0
0.11275 0
0.0763351 0
0.0930403 0
0.00766807 0
0.0377522 0
0.319619 0
0.0268999 0
0.106572 0
0.0515787 0
0.586485 0
0.0285955 0
0.0392025 0
0.279106 0
0.0696311 0
0.128095 0
0.0960758 0
0.0368897 0
0.0838349 0
0.0447214 0
0.121436 0
0.100373 0
0.0628548 0
0.0289389 0
0.130452 0
0.0545724 0
0.248187 0
0.0558636 0
0.0678381 0
0.0135479 0
0.0590079 0
0.0909046 0
0.0792003 0
0.098063 0
0.0313882 0
0.0236096 0
0.0824664 0
0.0676031 0
0.0535714 0
0 0
0.0473737 0
0.0209254 0
0.114345 0
0.0235506 0
0.106842 0
0.104117 0
0.365605 0
0.0381622 0
0.0375904 0
0.903105 0
0.079172 0
0.072127 0
0.046327 0
0.111978 0
3.23769 0
0.0332435 0
0.0536921 0
0.123253 0
1.4396 0
0.0983657 0
0.0548899 0
0.745645 0
0.0394987 0
0.02875 0
0.0771812 0
0.0619724 0
0.0338156 0
0.148262 0
0.00665927 0
0.0419671 0
0.0340665 0
0.05736 0
0.0773073 0
0.0729943 0
0.047743 0
0.100826 0
0.0632138 0
0.0552872 0
0.125784 0
0.0449977 0
0.0633103 0
0.0161125 0
0.995896 0
0.0432714 0
0.0516628 0
0.119785 0
0.0459891 0
0.069297 0
0.0893717 0
0.615176 0
1.89454 0
0.290905 0
1.20438 0
0.0390448 0
0.0644817 0
0.137028 0
0.064223 0
0.873295 0
0.0537041 0
0.0603602 0
0.0081781 0
0.399228 0
0.110898 0
0.0359096 0
0.159542 0
0.0587998 0
0.704334 0
0.0433757 0
0.0256159 0
0.0519905 0
0.109823 0
0.108176 0
0.0100033 0
0.0668896 0
0.0300144 0
0.0671862 0
0.331504 0
0.0978523 0
0.0589487 0
0.57549 0
0.0475979 0
0.0582581 0
0 0
0.0101723 0
0.0761356 0
0.0340004 0
0.521697 0
0 0
0.0457569 0
0.0393192 0
2.12631 0
0.050691 0
0.0617351 0
0.0783122 0
0.0291661 0
0.053485 0
0.0825187 0
0.0281196 0
0.0869565 0
0.0427552 0
0.0331554 0
0.0591913 0
0.0244715 0
0.0673125 0
0.0522136 0
0.0188091 0
0.0583227 0
0.0334279 0
0.0262128 0
0.0550314 0
0.0547287 0
2.00733 0
0.0516201 0
0.09258 0
0.0927064 0
0.0768345 0
0.00763124 0
0.0603567 0
0.0376034 0
0.0747306 0
0.0609814 0
0.0837733 0
0.00971245 0
0.0400769 0
0.0518876 0
0.042488 0
0.0311117 0
0.0324756 0
0.0913882 0
0.0427002 0
0.0364503 0
0.0785838 0
0.0644411 0
0.0413322 0
1.57987 0
0.270842 0
0.037641 0
0.127558 0
0.00860899 0
0.0480333 0
2.48106 0
0.0596755 0
0.0395426 0
0.0898379 0
1.45296 0
0.0308391 0
0.0628422 0
0.0708378 0
0.0330808 0
0.0300795 0
0.0306122 0
0.0224919 0
0.430514 0
0.0460948 0
0.0564373 0
0.0533844 0
0.0907849 0
0.119631 0
0.0782749 0
0.0476729 0
0.164726 0
0.112181 0
0.0419481 0
0.391061 0
0.09621 0
0.364148 0
0.0469413 0
0.253271 0
0.0383191 0
2.35658 0
0.0987092 0
0.0530397 0
0.104739 0
0.933602 0
0.0119952 0
0.0448291 0
0.500908 0
0.0451917 0
0.065237 0
0.0410137 0
3.99574 0
0.0740637 0
0.0928946 0
0.81153 0
0.325428 0
0.0985387 0
0.0197022 0
0.0256907 0
0.040478 0
1.4502 0
0.0421601 0
0.0230121 0
0.046554 0
0.0843452 0
0.0766787 0
0.0671452 0
0.241832 0
0.0849719 0
0.0688118 0
0.0741219 0
0.0735611 0
0.899983 0
0.0702838 0
0.0385477 0
0.876677 0
0.0983293 0
0.0772926 0
0.328982 0
0.141381 0
0.0607346 0
0.0469739 0
0.0737816 0
0.0871038 0
0.0869062 0
0.0319123 0
0.0634245 0
0.0606321 0
0.0402056 0
0.0440088 0
1.30782 0
0.0805939 0
0.0599055 0
0.0212962 0
0.0676979 0
0.0597081 0
0.0942761 0
0.104911 0
0.0628019 0
0.185065 0
0.108809 0
0.0315989 0
0.0727715 0
0.0229261 0
0.0645359 0
0.0210309 0
0.261472 0
0.0387815 0
0.109999 0
0.685131 0
0.0698806 0
0.0778859 0
0.00849945 0
0.054887 0
0.011659 0
0.0782753 0
0.045792 0
0.0825824 0
0.00498777 0
1.21117 0
0.0867609 0
0.0421483 0
0.0501148 0
0.0315453 0
0.0521451 0
0.0355314 0
0.0437068 0
0.0773042 0
0.081719 0
0.13166 0
0.0769871 0
0.0741822 0
0.028425 0
0.0801546 0
0.0406982 0
0.0429488 0
0.302129 0
0.844375 0
0.0195982 0
0.0272805 0
0.0750481 0
0.0943467 0
1.02632 0
0.0490224 0
0.119123 0
0.100641 0
0.0586657 0
0.058093 0
0.0483302 0
0.375489 0
0.15142 0
0.070006 0
0.0364529 0
0.0209338 0
0.0815348 0
0.0852742 0
0.0780852 0
0.0312915 0
0.0284884 0
0.103911 0
0.0692173 0
0.0283101 0
3.87094 0
0.00397922 0
0.649454 0
0.0493108 0
0.079425 0
0.224082 0
0.150252 0
0.0183784 0
0.0569444 0
1.13583 0
0.814834 0
0.0469334 0
0.0350693 0
0.0253382 0
0.0663081 0
0.185211 0
0.0740741 0
0.0186901 0
0.0636714 0
0.0337999 0
0.0461729 0
0.0617531 0
0.0510175 0
0.676738 0
0.0528165 0
2.09674 0
0.0734516 0
0.12282 0
0.00412864 0
0.070233 0
0.0448759 0
0.0974905 0
0.0346012 0
0.0225579 0
0.0698308 0
0.155455 0
1.35062 0
0.106395 0
0.332719 0
0.0606441 0
0.0227206 0
0.0554726 0
0.482328 0
0.0489356 0
0.0432312 0
0.0385528 0
0.0324223 0
0.0543817 0
0.0422522 0
0.0809248 0
0.0943423 0
0.071152 0
0.144887 0
0.0597403 0
0.0325 0
0.0398004 0
0.00257088 0
0.0318743 0
0.0659271 0
1.49421 0
0.954247 0
0.0624075 0
0.130267 0
0.308653 0
0.0265149 0
0.0919104 0
0.0410355 0
0.00727273 0
1.03805 0
0.035156 0
0.0812328 0
0.0324788 0
0.116819 0
0.209006 0
0.07179 0
0.0389785 0
0.0479233 0
0.0803663 0
0.132332 0
0.0745587 0
1.63377 0
0.331464 0
0.0839029 0
0.0760875 0
0.0913386 0
0.0370221 0
0.0239063 0
0.027897 0
0.244942 0
0.0717674 0
0.0501803 0
0.0630702 0
1.00021 0
0.0471288 0
0.0525787 0
0.0118005 0
0.0129318 0
0.5459 0
1.26756 0
0.0655537 0
0.144211 0
0.0674072 0
0.0801137 0
0.0970064 0
0.0454366 0
0.0602305 0
0.0365666 0
0.110764 0
0.0432533 0
0.0798671 0
0.0627494 0
0.435199 0
0.0100992 0
0.471335 0
0.102107 0
0.0301557 0
0.0741533 0
0.0575408 0
0.0725489 0
0.0431938 0
0.0353274 0
0.0344137 0
0.0566327 0
0.0180189 0
0.134262 0
0.102749 0
0.0255641 0
0.0529447 0
7.1764 0
0.166163 0
0.135214 0
0.0588689 0
0.0468442 0
0.897752 0
0.0404859 0
0.921477 0
0.0692283 0
0.0459349 0
1.08906 0
0.0332677 0
0.0406355 0
0.0185378 0
0.315465 0
0.0294624 0
0.0171555 0
0.079367 0
0.0490726 0
0.0357924 0
0.957359 0
0.81138 0
0.0373856 0
0.700759 0
0.118008 0
0.0606163 0
0.077129 0
0.0536917 0
0.707095 0
0.0693791 0
0.0133668 0
0.054842 0
0.978306 0
0.0833157 0
0.0643512 0
0.0608501 0
0.132665 0
0.586042 0
0.906041 0
0.0147475 0
0.0616805 0
0.0489691 0
0.0901257 0
0.0138258 0
0.0650027 0
0.0823824 0
0.117991 0
0.0638372 0
0.927702 0
2.26328 0
0.0595898 0
0.00486371 0
0.045794 0
0.0796446 0
0.082456 0
0.128677 0
0.0736391 0
0.0506859 0
0.769143 0
0.164771 0
0.0249535 0
0.104749 0
0.360681 0
0.0755456 0
0.0308796 0
1.32259 0
0.0425926 0
0.0319276 0
0.075432 0
0.0568217 0
0.152905 0
0.0347692 0
3.02396 0
0.0493513 0
0.0809847 0
0.0946451 0
0.082423 0
0.0932949 0
0.0388009 0
0.154743 0
3.09077 0
0.145042 0
0.099021 0
0.0260505 0
0.0636613 0
0.0469655 0
0.0551642 0
0.018738 0
0.0287251 0
0.0851998 0
0.080075 0
0.0520308 0
0.0509092 0
0.047165 0
0.731089 0
0.074898 0
