0.206387 1
0.134076 1
0.0414697 1
0.0503941 1
0.0221609 1
2.45297 1
0.671311 1
0.0699088 1
0.0404665 1
0.105047 1
0.516053 1
0.0732024 1
0.0435382 1
0.259839 1
0.405699 1
0.427364 1
0.498978 1
0.490483 1
3.79043 1
0.0219466 1
1.66541 1
1.18238 1
0.0395538 1
0.0384132 1
191.504 1
0.0345096 1
0.0686826 1
0.057354 1
1.98236 1
0.0483322 1
0.100598 1
0.074618 1
0.827284 1
1.3391 1
0.0397449 1
0.0180164 1
0.0230713 1
1.14481 1
7.1891 1
1.03251 1
0.485886 1
0.070104 1
0.0983375 1
0.939569 1
2.70364 1
0.045966 1
1.7531 1
0.0283447 1
0.682714 1
1.8581 1
0.066357 1
0.0288725 1
1.9053 1
0.0265003 1
0.241328 1
1.00299 1
0.0325925 1
0.455793 1
2.09727 1
1.18615 1
0.0453577 1
0.128523 1
0.120225 1
2.44338 1
1.87394 1
0.0655958 1
0.0741096 1
0.0326842 1
0.0794994 1
0.0696064 1
2.3412 1
2.42115 1
2.48499 1
3.17042 1
2.81082 1
0.492111 1
0.165003 1
0.583 1
1.89626 1
0.0267315 1
4.56265 1
0.0421112 1
0.870721 1
2.24805 1
0.0696091 1
0.743606 1
0.0184281 1
0.299835 1
0.55911 1
0.066198 1
1.26256 1
3.10727 1
0.639272 1
0.0642205 1
0.0984994 1
0.0779607 1
0.0571396 1
0.0222426 1
0.376963 1
0.0719868 1
0.105781 1
0.594464 1
3.03571 1
0.417355 1
0.0805821 1
0.144262 1
0.0919993 1
0.991665 1
3.97111 1
0.152991 1
0.111205 1
0.0320058 1
1.12424 1
0.0703635 1
1.2315 1
0.0824399 1
0.0254283 1
2.35457 1
0.718401 1
1.79344 1
0.0716129 1
0.220807 1
5.35103 1
1.72264 1
4.60622 1
0.127078 1
1.36953 1
0.00223353 1
0.135097 1
0.886188 1
3.49679 1
3.88913 1
0.00770264 1
0.0715284 1
0.214514 1
0.0256516 1
0.555382 1
6.17008 1
0.0137571 1
0.0789526 1
0.0235716 1
1.00235 1
0.0542644 1
0.116057 1
3.04888 1
0.246875 1
0.00784728 1
0.265748 1
0.120978 1
0.125475 1
0.151975 1
0.194162 1
0.0671966 1
1.32978 1
0.0661948 1
0.413811 1
0.0415715 1
0.00912017 1
0.071008 1
0.0651011 1
0.122581 1
2.86796 1
0.756815 1
3.04209 1
1.2411 1
0.101716 1
0.0853674 1
0.0416432 1
2.8688 1
0.256579 1
0.0644968 1
0.0776942 1
0.0354963 1
0.0890946 1
0.9747 1
0.0476034 1
2.11896 1
0.0771118 1
0.0525779 1
2.85479 1
0.0190972 1
2.09908 1
4.92772 1
0.350311 1
0.919494 1
0.0455934 1
0.0485952 1
0.493824 1
0.0351961 1
1.14956 1
0.0928318 1
0.918983 1
0.368007 1
0.244678 1
0.100478 1
0.101909 1
0.0366172 1
0.274184 1
0.137184 1
5.43714 1
1.72922 1
0.207412 1
0.0700043 1
0.0524613 1
1.45754 1
0.342929 1
0.110984 1
0.24813 1
0.704632 1
0.107118 1
1.26354 1
0.636543 1
0.0409445 1
0.0670386 1
0.0503001 1
0.0647075 1
1.53059 1
0.102357 1
0.365925 1
0.0274195 1
0.10422 1
1.94115 1
0.703962 1
0.102747 1
0.00636859 1
0.0793207 1
2.09946 1
0.503616 1
0.14831 1
0.0587732 1
1.86174 1
0.0550784 1
0.3038 1
0.0400478 1
0.26643 1
0.0746907 1
0.205059 1
0.0421343 1
4.81776 1
0.94741 1
0.438822 1
0.0384293 1
0.0994449 1
0.0636265 1
3.76541 1
0.294845 1
0.497376 1
0.0727427 1
1.1137 1
10.9853 1
1.79638 1
1.11441 1
0.016503 1
0.949433 1
0.0352014 1
0.087864 1
0.101324 1
0.0679989 1
1.5377 1
1.09047 1
1.77967 1
4.19936 1
0.0470671 1
1.47244 1
3.82637 1
0.0219521 1
0.910645 1
1.37787 1
0.0440985 1
0.0527826 1
0.477311 1
0.0751095 1
0.0214435 1
0.0954894 1
0.0495102 1
1.91484 1
0.603929 1
2.23044 1
1.7818 1
4.16946 1
3.52198 1
0.107816 1
0.0742278 1
0.466093 1
1.97105 1
0.355099 1
1.34443 1
0.0739729 1
5.8064 1
0.109712 1
0.140512 1
2.97239 1
0.0396181 1
1.48398 1
0.0669773 1
0.013777 1
1.72701 1
0.0686241 1
0.136299 1
1.47759 1
0.022762 1
1.24956 1
0.839134 1
0.132741 1
0.0270525 1
0.321138 1
0.00112464 1
0.0653654 1
0.3779 1
0.0911493 1
0.573168 1
0.0619219 1
4.26766 1
0.0259987 1
3.97675 1
0.804112 1
0.401599 1
0.078446 1
0.298366 1
0.284355 1
0.509344 1
0.275326 1
0.943046 1
0.502999 1
1.23735 1
1.86379 1
1.17738 1
1.73777 1
0.0982745 1
0.0497381 1
0.132801 1
0.336356 1
0.0171253 1
0.390044 1
0.771964 1
0.0576035 1
0.0497268 1
0.115273 1
0.0747922 1
0.867734 1
0.0103286 1
0.0462158 1
0.480908 1
0.123863 1
0.0642943 1
0.0443987 1
0.118717 1
0.072205 1
0.0505372 1
1.24641 1
0.493947 1
0.0785091 1
1.36047 1
0.222816 1
1.25485 1
0.558443 1
1.56668 1
0.0708695 1
2.59895 1
1.75982 1
0.0451331 1
0.0276114 1
0.803102 1
0.0643996 1
0.914263 1
1.01308 1
1.1971 1
0.0966873 1
0.0558729 1
0.0938309 1
9.14502 1
1.22569 1
2.23606 1
0.0478305 1
0.484352 1
0.0301006 1
1.75127 1
0.10751 1
2.45357 1
0.334376 1
2.96647 1
0.0673055 1
0.346381 1
0.130521 1
0.0644897 1
0.0646957 1
0.0585138 1
0.774925 1
2.4435 1
0.0239957 1
0.0242988 1
0.104522 1
0.749567 1
2.23805 1
0.394292 1
0.0744491 1
1.13175 1
0.739857 1
0.299986 1
0.0479295 1
0.386047 1
1.66201 1
0.892895 1
2.1674 1
0.0397545 1
0.119915 1
0.0511605 1
0.0823787 1
0.748731 1
0.838598 1
0.10261 1
1.29215 1
0.394308 1
0.100919 1
1.55049 1
0.142697 1
0.0880734 1
0.452785 1
0.00795089 1
1.38585 1
0.131886 1
0.591388 1
2.91148 1
0.085645 1
0.0582448 1
0.0426552 1
0.257212 1
1.94685 1
0.0969802 1
1.09281 1
3.58657 1
0.0740855 1
0.0724624 1
0.767075 1
2.15904 1
7.51276 1
2.04702 1
0.352667 1
0.0605263 1
1.73911 1
0.759651 1
1.29037 1
4.06074 1
0.345672 1
2.5517 1
0.095801 1
1.3193 1
2.79916 1
1.40859 1
3.18269 1
0.0573093 1
0.196219 1
0.42871 1
5.64612 1
0.453615 1
0.163367 1
0.0699006 1
1.47464 1
0.0842653 1
0.192497 1
1.8359 1
3.31211 1
0.0801863 1
0.288978 1
0.0587996 1
0.0780586 1
0.0860401 1
0.449878 1
0.050396 1
10.5032 1
1.17304 1
0.359578 1
0.0653089 1
1.63917 1
0.0711972 1
0.668854 1
0.0772144 1
0.884216 1
0.0982162 1
1.1663 1
0.0696092 1
3.04226 1
0.918507 1
0.17636 1
0.0106912 1
0.0656863 1
0.104741 1
0.532241 1
2.39691 1
0.702002 1
0.0657273 1
0.0350727 1
0.0207164 1
0.533125 1
1.54401 1
1.08772 1
0.0164216 1
0.0340278 1
2.23834 1
0.103092 1
0.0436045 1
0.180423 1
0.073964 1
0.0370205 1
0.692536 1
0.398826 1
0.0722469 1
1.60795 1
0.117068 1
0.432375 1
0.711181 1
0 1
0.425647 1
0.813806 1
0.0537785 1
0.0670863 1
0.022725 1
0.34373 1
0.0231799 1
0.037252 1
0.324856 1
1.99184 1
0.0749074 1
0.10627 1
0.456556 1
0.0314254 1
0.0637719 1
0.127115 1
3.51605 1
0.0393062 1
0.0492565 1
0.0539224 1
0.0418377 1
1.39897 1
0.694921 1
0.0612194 1
0.104169 1
0 1
0.0557828 1
0.405129 1
0.047152 1
0.400244 1
2.99771 1
2.28418 1
0.0204051 1
0 1
0.0657088 1
3.42653 1
0.0295851 1
0.363456 1
0.134635 1
0.0515537 1
1.83097 1
0.0493805 1
0.0881155 1
0.0429974 1
0.0730496 1
2.52354 1
1.19803 1
0.446968 1
0.0391209 1
0.0222381 1
1.03111 1
0.957754 1
0.112105 1
0.0561969 1
0.0924015 1
0.0242828 1
0.481647 1
2.42931 1
0.0344845 1
0.245774 1
0.281275 1
0.73845 1
2.12707 1
0.0501821 1
0.0254957 1
1.19177 1
0.112207 1
0.0657243 1
0.116535 1
0.0131643 1
0.0381212 1
0.209994 1
0.149646 1
3.42794 1
0.0986305 1
1.01441 1
0.67168 1
0.0273508 1
1.72248 1
0.0681493 1
0.272789 1
2.21714 1
0.0296212 1
0.17086 1
0.349675 1
3.25936 1
1.43978 1
0 1
0.0789444 1
9.06654 1
0.0444881 1
0.910203 1
0.194684 1
0.274685 1
0.165213 1
2.73737 1
0.0566103 1
0.22845 1
0.0560032 1
0.0670006 1
0.651336 1
0.281966 1
0.096254 1
0.0380708 1
0.0257376 1
3.43445 1
0.0249825 1
0.262707 1
0.551116 1
0.0223346 1
0.0638201 1
0.0548219 1
0.0758139 1
0.381742 1
1.35713 1
0.0254813 1
0.471821 1
2.17468 1
0.0467274 1
0.0429273 1
0.0214238 1
1.61097 1
0.597623 1
0.302799 1
2.67891 1
0.0226886 1
0.332019 1
3.43175 1
1.44881 1
2.36659 1
0.0522542 1
2.845 1
0.0982487 1
17.4532 1
0.10204 1
0.492387 1
0.50494 1
0.0815882 1
2.21783 1
0.0587778 1
0.476279 1
0.151058 1
1.36993 1
0.0763088 1
0.147837 1
1.185 1
1.30111 1
0.058834 1
0.137374 1
0.0264852 0
0.363943 0
0.411228 0
0.0611566 0
0.0510861 0
0.0629861 0
0.125779 0
0.0661325 0
0.0567034 0
0.0586478 0
0.0501811 0
0.0122359 0
0.0555204 0
1.95584 0
0.04415 0
0.585254 0
0.0497803 0
0.854776 0
0.634652 0
0.494891 0
0.635767 0
0.0765065 0
0.08064 0
0.0227311 0
0.0727528 0
0.264557 0
0.134506 0
0.450661 0
0.0412969 0
0.0342669 0
0.0731538 0
0.64496 0
0.0549226 0
0.0497194 0
0.0177312 0
1.80845 0
0.0817745 0
0.0493141 0
0.0484925 0
0.0259643 0
1.00525 0
0.353064 0
0.118372 0
0.0459671 0
0.0463015 0
0.688731 0
0.0521766 0
0.0574382 0
0.0706932 0
0.0111111 0
0.537541 0
0.061207 0
0.0445545 0
0.0703183 0
0.0624167 0
0.0202397 0
0.0510294 0
3.33222 0
0.0902956 0
0.0287193 0
2.83794 0
0.187768 0
0.0535586 0
0.0540448 0
0.2476 0
3.83964 0
0.0632274 0
0.0450666 0
0.0266182 0
0.17921 0
0.0441453 0
0.0362087 0
1.37093 0
0.0443403 0
0.0144848 0
0.0408317 0
0.0592754 0
0.0521351 0
0.0376477 0
0.0489056 0
0.0220195 0
0.0101471 0
0.152073 0
0.0742393 0
0.040368 0
0.0390258 0
0.0468968 0
0.0861728 0
0.0530855 0
0.00819066 0
0.0412227 0
0.0462302 0
0.335371 0
0.0898172 0
0.0291357 0
0.100413 0
0.0183445 0
1.28228 0
0.0458642 0
0.0815594 0
0.00119812 0
0.0171258 0
0.0313761 0
0.557795 0
0.0582621 0
0.0570353 0
0.0962576 0
0.0195927 0
0.580893 0
0.0110577 0
0.417361 0
1.74698 0
0.0339778 0
0.0510394 0
5.44416 0
0.182509 0
0.0737909 0
0.15969 0
0.0357704 0
0.0617917 0
0.00669363 0
0.00697934 0
0.0459728 0
0.228331 0
0.0452403 0
0.0606353 0
0.0784262 0
0.069011 0
0.0472666 0
0.440547 0
0.0547355 0
0.0572392 0
0.0139178 0
0.11163 0
0.0294063 0
0.30002 0
0.0527914 0
0.0525758 0
0.0223704 0
0.0234498 0
0.0692943 0
0.0809514 0
0.0143585 0
0.0472806 0
0.0478919 0
0.0307359 0
0.0492976 0
0.0826981 0
0.284997 0
0.123679 0
0.0565645 0
0.0748999 0
0.0495624 0
0.0704668 0
0.0439207 0
0.0561836 0
0.016647 0
0.0794085 0
0.0235464 0
0.066456 0
4.99804 0
0.0742002 0
0.0507775 0
0.0682522 0
0.134264 0
0.0555576 0
0.0911015 0
0.016989 0
0.0621954 0
0.0469647 0
0.0616189 0
0.0456059 0
0.0300346 0
0.0389883 0
0.0255797 0
0.0447874 0
0.0643437 0
2.7599 0
0.0726214 0
0.0463547 0
0.060957 0
0.14095 0
0.0595015 0
0.126756 0
0.0176084 0
0.167988 0
0.0515025 0
0.0743463 0
0.56691 0
1.52202 0
0.065045 0
0.0432096 0
0.0608159 0
0.0455276 0
0.0210149 0
0.0625051 0
0.55092 0
0.0889471 0
0.0613417 0
5.67472 0
0.0540019 0
0.0522829 0
0.0602161 0
0.0201565 0
0.0537357 0
0.0651383 0
0.012605 0
0.036882 0
0.0897469 0
0.0987157 0
0.229204 0
0.0549576 0
0.0863428 0
0.0828859 0
0.076025 0
0.180714 0
0.0318704 0
0.0585325 0
0.0860044 0
0.0461727 0
0.0378913 0
0.00663987 0
0.0739269 0
0.0512505 0
0.0828558 0
0.0122449 0
0.00633026 0
0.0599919 0
0.0902324 0
0.391386 0
0.0613948 0
1.33477 0
0.0281277 0
0.0445287 0
1.45912 0
0.0563665 0
1.10742 0
0.0770272 0
0.0176076 0
0.0649317 0
0.0174472 0
0.0578565 0
0.0870147 0
0.0437632 0
0.0722672 0
0.0416875 0
0.0640675 0
0.00422443 0
0.105975 0
0.0304 0
0.0261656 0
0.0389915 0
0.00808534 0
0.0737008 0
0.0335165 0
0.522864 0
0.0356075 0
0.0378325 0
0.0463673 0
0.0353791 0
0.0994632 0
0.0486188 0
0.117282 0
0.0164347 0
0.0607524 0
0.143497 0
0.108919 0
0.0597032 0
0.0903977 0
0.0281871 0
0.0533666 0
0.0880481 0
0.0342595 0
0.0547126 0
0.0744598 0
0.0766768 0
2.93586 0
0.0251 0
0.0230119 0
0.0659156 0
0.026999 0
0.0391763 0
0.0473638 0
0.0650925 0
0.018227 0
0.229105 0
0.0563481 0
0.802364 0
0.0802405 0
0.0599358 0
3.34518 0
0.0695433 0
0.0232421 0
0.037833 0
0.665339 0
0.0306795 0
0.0830343 0
0.0706493 0
0.309379 0
0.0182378 0
0.0494393 0
0.143589 0
0.00876206 0
0.0754441 0
0.0226667 0
0.0365308 0
0.034652 0
0.694622 0
0.016255 0
0.0618237 0
0.135417 0
0.0599242 0
0.0384368 0
0.107064 0
0.0387388 0
0.0657205 0
0.0722571 0
0.668117 0
0.0888183 0
0.0697292 0
0.11779 0
0.0438141 0
0.164831 0
0.0508719 0
0.0190494 0
0.0758966 0
0.0451116 0
0.0815555 0
0.104022 0
0.0301311 0
0.0358134 0
0.73731 0
0.0250426 0
0.651173 0
0.0593184 0
0.0165493 0
0.0627445 0
0.038139 0
0.0386636 0
0.0780287 0
0.0281982 0
0.0229826 0
0.0654479 0
3.62384 0
0.0485953 0
0.0645433 0
0.255234 0
0.0409214 0
0.00903444 0
0.0202056 0
0.0362708 0
0.0615898 0
0.703354 0
0.0685135 0
0.0368919 0
0.361836 0
0.593991 0
0.0805838 0
0.0640938 0
0.705185 0
0.0454754 0
0.0788365 0
0.0658675 0
0.0477053 0
0.0256648 0
0.0409393 0
0.0586819 0
0.0655263 0
0.0486864 0
0.0591896 0
0.0122493 0
0.0433802 0
0.0230765 0
0.457487 0
0.0356083 0
0.030732 0
0.546845 0
1.48226 0
0.0668366 0
0.0171102 0
0.0819339 0
0.0807314 0
0.0640245 0
0.0490704 0
0.0804605 0
0.106348 0
0.0187553 0
0.0739745 0
0.0536872 0
0.0519911 0
0.0512292 0
0.595127 0
0.0541596 0
0.415025 0
0.132658 0
0.0461653 0
2.34242 0
0.079001 0
0.114996 0
0.0251981 0
0.0789995 0
0.0542886 0
0.0845849 0
0.0505364 0
0.0166722 0
0.0881855 0
0.0161039 0
0.269994 0
0.0627598 0
0.482003 0
0.0526972 0
0.0478365 0
0.0331073 0
0.0496701 0
0.0885262 0
0.0281942 0
0.048752 0
0.0507645 0
0.0605988 0
0.0735588 0
0.050834 0
0.0632698 0
0.0887245 0
0.0367085 0
0.0116621 0
0 0
0.576857 0
0.0736741 0
0.0641752 0
0.138124 0
3.50805 0
0 0
0.0618291 0
0.0162395 0
0.0428034 0
0.0416508 0
0.0360533 0
0.0392638 0
0.0693871 0
0.0290276 0
0.0802412 0
0.0399762 0
0.0538865 0
0.0735778 0
0.0449715 0
0.0548041 0
0.0492987 0
0.0838783 0
0.121045 0
0.118776 0
0.0675686 0
0.0528167 0
0.00400397 0
0.0559587 0
0.110346 0
0.00177126 0
0.00447833 0
0.0422789 0
0 0
0.321807 0
0.0916772 0
0.00357161 0
0.110647 0
0.0315982 0
0.0824265 0
0.121388 0
0.0516853 0
0.0308933 0
1.46821 0
0.0388496 0
0.0291312 0
0.0448827 0
0.0245958 0
0.0561209 0
0 0
0.0164726 0
0.258131 0
0.0737873 0
0.0708076 0
0.0143452 0
0.059067 0
0.102201 0
0.0395303 0
0.156733 0
0.0931362 0
0 0
0 0
0.0649779 0
0.0405646 0
0.0663151 0
0.227725 0
0.0452006 0
0.0295196 0
0.00703229 0
0.0327031 0
0.0911824 0
0.0995624 0
0.0525953 0
0.038284 0
0.205566 0
0.0578938 0
0.0501415 0
0.0424881 0
0.43273 0
0.110399 0
0.367989 0
0.0516824 0
0.032826 0
0.0291332 0
0.0513819 0
0.0864671 0
2.05769 0
0.0238803 0
0.0086838 0
0.0273606 0
0.0701 0
0.302649 0
0.0786094 0
0.128586 0
0.0619267 0
0.546394 0
0.232842 0
0.0659118 0
0.0345161 0
0.0220627 0
0.736419 0
0.399024 0
0.0239116 0
0.00384358 0
0.0635612 0
0.0595048 0
0.110541 0
0.417426 0
0.0887077 0
0.0787431 0
0.0661828 0
0.0574649 0
0.0888317 0
0.0422049 0
0.0402753 0
0.0383905 0
0.0507309 0
0.104256 0
0.055379 0
0.0479891 0
0.0686194 0
2.18726 0
0.0838569 0
0.0890442 0
0.0481143 0
0.022839 0
0.0604771 0
0.131681 0
0.0544297 0
0.0220927 0
0.0125055 0
0.031532 0
0.0363354 0
0.0641718 0
0.270303 0
0.12272 0
0.012161 0
0.00929611 0
1.3202 0
0.362535 0
0.0766727 0
0.104401 0
0.0836035 0
0.0244155 0
0.926201 0
1.26841 0
1.37582 0
0.0403018 0
0.0282422 0
0.0634187 0
0.0789464 0
0.389818 0
0.0527398 0
0 0
0.0334569 0
0.403917 0
0.0782343 0
0.0126962 0
0.0596279 0
0.0474864 0
0.143869 0
0.0771301 0
0.0559254 0
0.0812778 0
0.0330987 0
0.0537168 0
0.0703076 0
0.226031 0
0 0
0.0864739 0
0.0667492 0
0.0402408 0
0.0422694 0
0.123008 0
0.0861981 0
0.0624872 0
0.0711956 0
0.0667096 0
0.0466309 0
0.0360816 0
0.0785025 0
1.40076 0
0.0265534 0
1.3177 0
0.0532447 0
0.0379862 0
0.115525 0
0.0226282 0
0.112437 0
0.0877362 0
0.0690648 0
0.0325384 0
0.015941 0
0.00757071 0
0.0310075 0
0.042508 0
0.0303325 0
0.601468 0
1.3614 0
0.0153733 0
0.0530021 0
0.0604576 0
0.0198126 0
0.164608 0
0.0758969 0
0.0624167 0
0.0148848 0
0.062951 0
0.0516451 0
0.272708 0
0.0325276 0
0.33461 0
0.0609037 0
0.0688854 0
0.0281141 0
0.94126 0
0.0773327 0
0.0418795 0
0.0773625 0
0.0865767 0
0.0524546 0
0.0752082 0
0.0247227 0
0.0895931 0
0.0567999 0
0 0
0.0397745 0
0.0314778 0
0.0378641 0
1.31577 0
0.0640337 0
0.0259245 0
0.0740211 0
0.0221497 0
0.0463827 0
0.0622325 0
0.532277 0
0.087814 0
0.0535451 0
0.101701 0
0.372001 0
