0.647558 1
0.101487 1
1.78651 1
0.910851 1
0.126149 1
0.204701 1
0.934231 1
0 1
0.0552491 1
1.11542 1
3.40923 1
0.797463 1
0.0202276 1
0.0431029 1
0.140346 1
4.19523 1
0.449131 1
0.231276 1
0.0584853 1
1.70235 1
1.33039 1
0.793296 1
0.272132 1
0.103485 1
1.21141 1
0.0223646 1
1.44561 1
4.06523 1
1.66311 1
0.508211 1
0.0350299 1
1.57599 1
1.90807 1
1.00244 1
0.0189207 1
2.57193 1
2.25171 1
2.21239 1
0.0251391 1
0.03757 1
0.0342639 1
1.70511 1
0.0576074 1
0.0191343 1
0.0792886 1
0.0839903 1
0.0767279 1
0.646013 1
2.39116 1
1.81153 1
0.589648 1
0.050495 1
0.347245 1
0.0639944 1
1.71201 1
0.0394014 1
3.38538 1
0.147908 1
0.0255024 1
0.0579348 1
0.941131 1
0.519302 1
0.484921 1
1.23983 1
0.0433845 1
0.0658022 1
0.0442013 1
1.00031 1
0.912336 1
0.0793608 1
0.0203432 1
0.296652 1
0.071645 1
1.60797 1
0.544862 1
0.422885 1
0.0996964 1
3.51414 1
1.77164 1
0.115738 1
0.75443 1
0.0510243 1
0.00772135 1
0.0972316 1
0.160133 1
0.0239737 1
3.05534 1
0.717133 1
0.731893 1
0.036433 1
0.00731848 1
4.67983 1
0.0786787 1
0.337494 1
0.0107267 1
0.0692094 1
0.0353233 1
3.16892 1
0.309249 1
0.0595049 1
4.47936 1
0.427746 1
0.0311458 1
0.256792 1
0.100076 1
2.22077 1
0.09095 1
1.04139 1
0.0825984 1
0.13768 1
0.513668 1
0.0228385 1
0.148183 1
0.661887 1
0.0915285 1
0.753527 1
0.0683205 1
2.19866 1
1.64054 1
1.42172 1
0.0365462 1
0.820277 1
0.560617 1
1.54701 1
0.0607015 1
0.677552 1
0.772169 1
0.137379 1
0.0358674 1
0.0488171 1
1.29025 1
1.97192 1
0.587471 1
0.0198004 1
0.12263 1
3.36598 1
0.871086 1
1.11436 1
0.0321762 1
0.11356 1
0.0460831 1
0.0850906 1
0.0624221 1
0.0476021 1
0.0276935 1
0.0231405 1
0 1
0.0321633 1
0.921891 1
0.0705373 1
3.06099 1
0.375122 1
0.491398 1
0.28389 1
0.0395379 1
0.061788 1
2.66352 1
0.137874 1
0.0835463 1
0.034706 1
2.84351 1
0.605954 1
2.49785 1
0.468692 1
0.902966 1
0.0954852 1
1.10666 1
0.0302436 1
1.12858 1
0.387708 1
0.0185584 1
0.134331 1
0.872991 1
0.0313067 1
2.08467 1
0.0236824 1
0 1
0.00902256 1
0.167817 1
0.0233581 1
0.45853 1
0.533496 1
2.06932 1
0.816789 1
0.00290033 1
0.21193 1
0.928019 1
0.24224 1
0.0476652 1
0.353503 1
1.47981 1
0.0371258 1
0.000420293 1
0.0272137 1
0.57835 1
0.288285 1
0.353788 1
0.0779995 1
0.447611 1
1.83548 1
0.0698313 1
0.0351261 1
0.0672165 1
0.263223 1
0.138524 1
0.0502587 1
0.133907 1
0.849371 1
0.0513222 1
3.01151 1
1.83024 1
0.980584 1
0.0339661 1
3.81366 1
0 1
0.0130608 1
0.782084 1
1.83535 1
0.0734027 1
0.124208 1
0.0527048 1
0.0943602 1
0.229092 1
0.700471 1
0.503364 1
0.0937684 1
0.182486 1
1.18679 1
0.0480246 1
2.0568 1
0.0287746 1
0.0570237 1
0.0469494 1
2.82029 1
0.0911886 1
6.62803 1
0.335778 1
1.34658 1
0.116877 1
0.0551611 1
0.113527 1
0.756917 1
0.177029 1
1.54818 1
0.681912 1
1.28423 1
0.473052 1
0.00886415 1
0.0563293 1
0.0212227 1
0.18251 1
0.515228 1
0.0654909 1
0.030712 1
3.95898 1
0.0364279 1
0.652558 1
0.118786 1
2.98659 1
0.0613815 1
0.0720473 1
0.542522 1
0.121964 1
0.0412642 1
0.280543 1
2.85346 1
0.0371012 1
0.0626322 1
0.720242 1
0.552375 1
0.590407 1
0.11644 1
0 1
0.0431887 1
0.0245226 1
0.0270046 1
2.33034 1
0.471701 1
0.0721166 1
0.235105 1
3.62105 1
0.997002 1
0.0808624 1
1.02043 1
0.167226 1
1.89275 1
0.608972 1
0.0482673 1
0.0407723 1
0.110729 1
0.823785 1
0.0361379 1
0.423045 1
0.0275291 1
0.0807018 1
0.0118973 1
0.258529 1
0.0574477 1
0.313222 1
0.528793 1
0.0406562 1
0.312863 1
0.868634 1
0.0720763 1
0.909936 1
0.0422955 1
0.0599523 1
0.042076 1
0.0609665 1
0.442354 1
0.0482651 1
1.70257 1
0.0215641 1
1.44247 1
0.0419008 1
0.211924 1
0.0297515 1
0.0448782 1
1.60171 1
0.779262 1
0.589161 1
0.49243 1
3.61566 1
5.49517 1
0.0408961 1
0.0472119 1
0.139767 1
0.0749757 1
0.628614 1
0.222321 1
1.6416 1
0.768467 1
0.0710056 1
3.23091 1
1.19761 1
0.0741298 1
3.09029 1
0.0546473 1
2.26236 1
0.0968021 1
0.212388 1
0.0940841 1
0.675955 1
0.269527 1
1.48553 1
0.0499592 1
0.214037 1
2.11934 1
0.104689 1
0.0627096 1
1.6573 1
0.472269 1
187.416 1
0.894828 1
0.000870945 1
0.0939936 1
0.113202 1
1.26505 1
1.14866 1
0.0898659 1
0.0252095 1
0.0216258 1
3.83763 1
0.61104 1
1.96042 1
2.47578 1
0.0631742 1
0.0885747 1
0.358141 1
0.0578195 1
0.071353 1
0.0674813 1
0.0293576 1
0.0886993 1
0.820284 1
2.17502 1
0.038154 1
2.51225 1
0.0234344 1
0.583198 1
1.95648 1
0.0477122 1
0.0267074 1
0.0565361 1
1.30413 1
2.10529 1
0.0111915 1
0.136382 1
3.25601 1
0.0895752 1
1.38872 1
0.0746081 1
0.0922469 1
0.041087 1
0.764108 1
2.46582 1
0.501727 1
0.622599 1
0.57531 1
1.20298 1
0.106463 1
0.181949 1
0.0711095 1
0 1
0.702225 1
0.0984088 1
0.0271097 1
0.149543 1
0.0597856 1
0.059077 1
0.0451833 1
0.878539 1
0.879997 1
1.32287 1
0.0322194 1
0.0429193 1
0.086991 1
1.11814 1
2.16901 1
0.627425 1
1.47927 1
0.84786 1
1.32168 1
0.0696264 1
1.15438 1
0.0310503 1
0.208742 1
0.614707 1
0.675994 1
0.411395 1
0.904755 1
5.63785 1
1.58602 1
0.443352 1
0.403977 1
0.102899 1
0.0371966 1
0.102997 1
6.19731 1
0.0617801 1
0.141466 1
1.82581 1
0.0224661 1
0.327886 1
1.49949 1
1.02324 1
0.151777 1
0.900002 1
0.442427 1
0.01761 1
0.243707 1
0.056508 1
0.118675 1
0.0276893 1
184.916 1
0.620643 1
0.0332701 1
2.27535 1
0.232349 1
4.45102 1
0.0244729 1
0.102512 1
0.048736 1
1.78377 1
0.247889 1
0.0390272 1
0.127939 1
0.047724 1
0.117292 1
1.20776 1
0.0644452 1
1.20587 1
0.02931 1
1.37813 1
0.662673 1
0.177026 1
1.31404 1
0.049142 1
0.0257764 1
0.171123 1
0.0269856 1
0.516738 1
2.39246 1
0.0497151 1
0.0939053 1
3.71858 1
0.0507354 1
0.776393 1
0.0597416 1
0.540387 1
1.30473 1
2.25371 1
0.0285428 1
0.921744 1
0.0353647 1
0.0638111 1
1.01807 1
0.0619026 1
0.619969 1
0.324718 1
0.777428 1
0.939433 1
0.127081 1
0.412654 1
0.0394522 1
0.0753619 1
0.0438865 1
0.0851108 1
0.195487 1
0.0607372 1
0.0418256 1
0.207522 1
0.276014 1
0.0295288 1
0.573628 1
1.0174 1
0.122107 1
0.100671 1
0.0309382 1
0.0738019 1
0.0522214 1
0.0344235 1
0.102282 1
2.46337 1
2.56132 1
5.27579 1
2.52331 1
0.0391997 1
1.29607 1
0.133933 1
0.106632 1
0.0295282 1
4.08525 1
0.0571499 1
1.2337 1
0.346211 1
0.0462382 1
0.277091 1
0.418354 1
0.0652258 1
0.0588149 1
1.11164 1
0.345932 1
0.0594345 1
2.74301 1
0.231499 1
0.0670539 1
0.960946 1
0.321797 1
0.108645 1
0.0930513 1
0.0671728 1
0.114495 1
0.566132 1
0.0355158 1
0.0286305 1
0.0815486 1
0.713297 1
2.92063 1
0.181195 1
0.0617533 1
0.209469 1
0.0445887 1
0.0207052 1
3.5283 1
0.107513 1
0.0251825 1
0.240303 1
0.0294774 1
1.04125 1
0.210149 1
0.208627 1
0.226708 1
0.0711631 1
0.744462 1
4.13886 1
2.02527 1
0.0803094 1
0.137941 1
0.0734941 1
0.847657 1
0.64508 1
0.85147 1
0.313937 1
0.549443 1
0 1
1.66637 1
0.0319237 1
0.0432131 1
0.104454 1
0.0837002 1
0.445343 1
0.656848 1
0.0924683 1
0.562205 1
0.494413 1
0.0350952 1
2.67941 1
0.142196 1
0.8229 1
1.1384 1
0.0206711 1
1.54367 1
1.29871 1
0.0682193 1
0.112601 1
0.996301 1
0.191384 1
0.40679 1
7.24868 1
0.0292615 1
0.00635969 1
1.88534 1
0.0585799 1
0.0436173 1
0.0524985 1
0.0323872 1
0.72276 1
0.0651731 1
0.0380345 1
0.121618 1
0.0818318 1
0.0422912 1
0.0229563 1
0.879384 1
0.700482 1
0.040677 1
0.0695754 1
1.76551 1
0.787318 1
0.0492883 1
0.229542 1
1.29937 1
0.511506 1
0.220881 1
0.365159 1
1.49423 1
0.0338419 1
0.53773 1
0.96259 1
0.926242 1
0.550626 1
0.0955079 1
0.391289 1
0.0484528 0
0.0246262 0
0.0701716 0
0.043459 0
0.119701 0
0.0556549 0
0.0400508 0
0.0541252 0
0.286742 0
0.0576739 0
0.0191702 0
0.0835095 0
0.0453695 0
2.48053 0
0.0215699 0
0.0861733 0
0.0909663 0
0.0337575 0
0.0484967 0
0.0496761 0
0.0521968 0
0.110759 0
0.0318385 0
0.0942929 0
0.0209306 0
0.867861 0
0.0687807 0
0.065433 0
0.0664028 0
0.0211753 0
0.0274811 0
0.0142731 0
0.10553 0
0.022115 0
0.134033 0
0.0584795 0
0.0646144 0
0.0642004 0
0.0616634 0
0.0505467 0
0.0449763 0
0.594722 0
0.0730191 0
0.0481221 0
0.0469552 0
0.0720851 0
0.0219078 0
0.0314748 0
0.0447155 0
0.450442 0
0.0636246 0
0.049373 0
0.0911506 0
0.0193356 0
0.0529651 0
0.139786 0
0.0566636 0
0.839946 0
0.0843305 0
0.0738054 0
0.0197357 0
0.0841334 0
0 0
0.578788 0
0.048733 0
0.072142 0
0.0562837 0
0.0383304 0
0.051173 0
0.0555877 0
0.018859 0
0.372135 0
0.0727056 0
0.024558 0
0.0512564 0
0.10581 0
0.0480135 0
0.0310207 0
0.0267496 0
0.0439824 0
1.05529 0
0.038894 0
0.0350318 0
0.044776 0
0.0921862 0
0.0407369 0
0.0511758 0
0.0274125 0
0.377138 0
0.0430997 0
0.0304688 0
0.0348996 0
0.06022 0
0.0558626 0
0.0471923 0
0.548736 0
0.0808677 0
0.0179677 0
0.111263 0
0.0599747 0
0.0491633 0
0.0234367 0
0.654981 0
0.0344519 0
0.148627 0
0.0441547 0
0.0571412 0
0.0473746 0
0.0365102 0
0.0226471 0
0.0365096 0
0.0477168 0
0.049229 0
0.0698188 0
0.0590811 0
0.042126 0
0.112031 0
0.320633 0
0.0177831 0
0.0630459 0
0.856056 0
0.0764294 0
0.0596835 0
0.0425479 0
0.0310194 0
0.039151 0
0.073486 0
0.0890494 0
0.0899957 0
0.122865 0
0.0762778 0
0.0878072 0
0.513572 0
0.0781931 0
0.0591896 0
0.0504911 0
0.0591797 0
0 0
0.0670295 0
0.0702387 0
0 0
0.23779 0
0.0578361 0
0.13202 0
1.39244 0
0.11997 0
0.0416183 0
0 0
0.0972567 0
0.483056 0
0.0290209 0
0.338969 0
0.141532 0
0.0455703 0
1.3978 0
0.0561882 0
0.587436 0
0.202399 0
0.0602329 0
0.0443742 0
0.078758 0
0.0658572 0
2.76378 0
0 0
0.0352782 0
0.0270371 0
0.0477381 0
1.21699 0
0.0707392 0
0.0334516 0
0.0968199 0
0.0405045 0
0.0815054 0
0.0324862 0
0.0124148 0
0.00264405 0
0.0313706 0
0.0148308 0
0.0681213 0
0.012987 0
0.058693 0
0.0681872 0
0.0610379 0
0.0531804 0
0.0102442 0
0.0874984 0
0.0121102 0
0.0789859 0
0.0380619 0
0.0454065 0
0.106202 0
0.13765 0
0.0970636 0
0.0741383 0
0.0382944 0
0.0192299 0
0.379663 0
0.0225192 0
0.0544302 0
0.0385575 0
0.54795 0
0.103869 0
0.0196126 0
0.0806298 0
0.0407859 0
0 0
0.0361235 0
0.0702503 0
0.0481966 0
0.050334 0
0.0557754 0
0.0230641 0
0.0750533 0
0.0823012 0
0.0261693 0
0.34014 0
0.156526 0
0.309913 0
0.0405473 0
0.0668216 0
0.0161769 0
0.0287306 0
0.0543834 0
0.0422488 0
1.01744 0
0.0622025 0
0.0412315 0
0.0625815 0
0.0329904 0
0.0306333 0
0.0210162 0
1.11733 0
0.0478216 0
0.0262553 0
0.956155 0
0.0685355 0
0.0625314 0
0.0414469 0
0.0450478 0
0.0533608 0
0.154545 0
0.0571471 0
0.0493538 0
0.0211173 0
0.0347517 0
0.098366 0
0.035434 0
0.0462968 0
0.0536175 0
0.0677395 0
0.0769496 0
0.0770026 0
0.152109 0
0.0598773 0
0.0457216 0
0.205295 0
0.0231541 0
0.0561954 0
0.123812 0
0.0168508 0
0.797765 0
0.0221904 0
0.0699088 0
0.0503124 0
0.0960397 0
0.0157947 0
0.0588209 0
0.302224 0
0.0249539 0
2.46118 0
0.0412018 0
0.0305791 0
0.0214346 0
0.0224313 0
0.023004 0
0.0230337 0
0.0935909 0
0.0632003 0
0.0523297 0
0.0487752 0
0.0439306 0
0.067835 0
0.0482352 0
0.0110051 0
0.0597335 0
0.0495965 0
0.0401572 0
0.0158962 0
0.0358788 0
2.72111 0
0.0410788 0
1.8821 0
0.0264016 0
0.0796702 0
0.0565597 0
0.0943324 0
0.028266 0
0.103361 0
0.0700279 0
0.0593523 0
0.00917431 0
0.0649565 0
0.0347412 0
0.0754794 0
0.10867 0
0.0177347 0
0.070104 0
0 0
0.0818325 0
0.0513831 0
0.0603968 0
0.00838964 0
0.07206 0
0.092272 0
0.150871 0
0.0408251 0
0.087322 0
0.0907655 0
0.1649 0
1.70892 0
0.0547578 0
0.0479236 0
0.865607 0
0.0607274 0
0.776768 0
0.115541 0
0.025016 0
0.0717961 0
0.0661303 0
0 0
0.0805048 0
0.0969045 0
0.0651286 0
0.0275483 0
0.0773616 0
1.37313 0
0.0457774 0
0.0232947 0
1.65708 0
0.134404 0
0.524659 0
0.358464 0
0.0618917 0
0.484418 0
0.0686325 0
0.530714 0
0.0779518 0
0.0360281 0
0.0440204 0
1.76838 0
0.0546374 0
0.0980702 0
0.0278988 0
2.67322 0
0.103856 0
0 0
0.0585142 0
0.0313683 0
0.036267 0
0.0987013 0
0.0495918 0
0.0463232 0
0.035419 0
0.061906 0
0.0271159 0
0.0574181 0
0.0957671 0
0.131563 0
0.115583 0
0.0444992 0
0.0235957 0
0.0987413 0
0.0347262 0
0.0576021 0
0.097986 0
1.40743 0
0.00300685 0
0.0496482 0
0.00472828 0
0.0291067 0
0.0435625 0
0.0860162 0
0.0522817 0
0.0198714 0
0.671823 0
0.330843 0
0.195312 0
0.078981 0
0.00925943 0
1.21452 0
0.13992 0
0.0607504 0
0.0242797 0
0.0469624 0
0.04511 0
0.0632632 0
0.0416695 0
0.0382117 0
0.0303437 0
0.015615 0
2.43274 0
0.0626337 0
0.0767352 0
0.00766836 0
0.344925 0
0.0357582 0
0.0785272 0
0.0638478 0
0.0237847 0
0.327994 0
0.0201889 0
0.674702 0
0.0501878 0
0.0843987 0
0.0404535 0
0.0556552 0
0.0534522 0
0.113117 0
0.0443189 0
0.125136 0
7.62196 0
0.106784 0
0.0717512 0
0.0469729 0
0.0571899 0
0.0429621 0
0.0385395 0
1.29346 0
0.0322605 0
0.0510969 0
0.0512238 0
0.0176973 0
1.20389 0
0.12755 0
0.0640772 0
0.373916 0
0.0440565 0
0.039359 0
0 0
1.15616 0
0.0780375 0
0.0104286 0
0.0202123 0
0.0791669 0
0.0486937 0
0.0131099 0
0.0787076 0
0.0795255 0
0.0518992 0
0.0271795 0
0.081282 0
0.0953253 0
0.0161546 0
0.0614083 0
0.0542581 0
0.100328 0
0.0611016 0
0.846349 0
0.0140593 0
0.0580569 0
0.0640206 0
0.13571 0
0.0907551 0
0.080789 0
0.0327976 0
0.0334153 0
0.0272409 0
0.0270208 0
0.02703 0
0.0535117 0
0.0471249 0
0.0643226 0
3.83981 0
0.0713804 0
0.0945514 0
0.404393 0
0.120667 0
0.0602335 0
0.00709645 0
0.0440743 0
0.0306894 0
0.0529645 0
0.0650775 0
0.0660946 0
0.0647159 0
0.205138 0
0.354138 0
0.117323 0
3.80196 0
0.151101 0
0.0434644 0
0.0638076 0
0.0616976 0
0.693391 0
0.034874 0
0.101164 0
0.593853 0
0.0474422 0
0.121693 0
0.00956364 0
0.0710672 0
0.631528 0
0.0642216 0
0.046451 0
0.0680057 0
0.0443824 0
0.0248427 0
0.0630838 0
0.00697674 0
0.0664996 0
0.0793766 0
0.0227396 0
0.0261814 0
0.0137262 0
0.581119 0
0.0694806 0
0.0378478 0
0.595063 0
0.0329639 0
0.176816 0
0.0739438 0
0.0544873 0
0.0336448 0
0.215289 0
0.00899608 0
0.089416 0
0.0570776 0
0.137149 0
0.11795 0
0.0321646 0
0.0433874 0
0.355828 0
0.0724377 0
0.0394031 0
1.68969 0
0.0508773 0
0.0352532 0
0.0463604 0
0.140524 0
0.00459615 0
0.0763796 0
1.86263 0
0.0702379 0
1.60084 0
0.81561 0
0.0234606 0
0.029589 0
0.0132042 0
0.0363825 0
0.0314347 0
0.0308429 0
0.0613868 0
0.0278577 0
0.486778 0
0.393797 0
0.0936138 0
1.93403 0
0.0323974 0
0.111983 0
0.0710004 0
0.784157 0
0.0889316 0
0.0646517 0
0.0360606 0
0.0300347 0
0.0314273 0
0.0552391 0
0.0726141 0
0.8139 0
0.0485505 0
0.0477505 0
0.0463372 0
0.0208462 0
1.25254 0
0.0309167 0
0.592864 0
0.0313023 0
0.0578613 0
0.0653198 0
0.0409524 0
0.387755 0
0.11578 0
0.0749516 0
0.0744468 0
0.0735263 0
0.0913121 0
0.00392795 0
0 0
0.157171 0
0.0483174 0
0.519423 0
0.0193074 0
0.0314961 0
0.023342 0
0.0885693 0
0.0611986 0
0.0916104 0
0.0191877 0
0.0516388 0
0.0447224 0
0.819486 0
0.0229503 0
0.0734744 0
0.0631905 0
0.0335967 0
0.0517614 0
0.0208742 0
0.1479 0
0.0443046 0
0 0
0.0301145 0
0.0598206 0
0.151757 0
0.0698729 0
0.0864925 0
0.019311 0
0.538571 0
0.0644857 0
0.0760727 0
0.0861404 0
0.0198332 0
0.0355485 0
0.0467362 0
0.056858 0
0.28191 0
0.0187168 0
0.00732207 0
0.0450368 0
0.0742058 0
0.228208 0
0.0897454 0
0.0551866 0
0.0402174 0
0.007163 0
0.0590509 0
0.0389861 0
0.021087 0
0.0401392 0
0.0313082 0
0.0829515 0
0.05416 0
0.0767434 0
0.0635305 0
0.0377974 0
0.0942294 0
