1.3891 1
1.30394 1
1.98784 1
0.429203 1
1.02841 1
0.945957 1
0.477219 1
0.917013 1
1.1817 1
1.18406 1
0.220011 1
1.05277 1
0.404382 1
0.269794 1
2.55929 1
0.435839 1
0.686979 1
0.313579 1
1.3678 1
0.205365 1
0.100808 1
0.0689745 1
0.194567 1
1.62395 1
1.01353 1
0.367393 1
0.221944 1
0.760183 1
1.90774 1
0.195574 1
1.95458 1
0.228113 1
0.663012 1
2.69883 1
0.0797383 1
4.85316 1
1.25983 1
0.27061 1
0.528074 1
0.234624 1
1.70877 1
0.463134 1
0.0245138 1
4.51011 1
0.441001 1
4.24324 1
1.06189 1
0.912704 1
0.400793 1
1.09957 1
0.798642 1
1.53266 1
0.73612 1
3.30042 1
18.3174 1
5.14519 1
3.59544 1
1.18685 1
1.75201 1
4.292 1
0.169998 1
0.289426 1
0.9398 1
1.65716 1
0.278456 1
2.30674 1
1.55 1
0.146919 1
0.429812 1
1.62247 1
1.35149 1
0.230985 1
0.0236338 1
2.49574 1
1.47304 1
0.0668795 1
1.78738 1
0.250468 1
1.07625 1
0.921567 1
1.79734 1
0.705105 1
0.790221 1
0.927516 1
0.120288 1
0.555342 1
0.962372 1
1.01693 1
0.525728 1
0.229004 1
0.093497 1
0.637023 1
0.511288 1
0.43194 1
1.34955 1
2.05807 1
0.402886 1
1.41836 1
1.75759 1
1.26985 1
1.42258 1
1.59537 1
1.49695 1
1.1088 1
1.12811 1
1.01236 1
3.22211 1
3.13446 1
0.155957 1
0.696303 1
0.214518 1
0.207549 1
2.27966 1
0.197547 1
0.191884 1
73.2653 1
0.516564 1
0.0788001 1
1.4981 1
1.12624 1
0.934065 1
0.44 1
1.58541 1
0.101832 1
0.243863 1
0.146164 1
0.991975 1
0.923797 1
0.857314 1
0.719448 1
0.315283 1
45.5027 1
0.491512 1
0.526262 1
0.336375 1
0.490687 1
0.214543 1
0.840163 1
2.004 1
1.73527 1
124.449 1
0.652616 1
119.99 1
1.29994 1
1.21976 1
0.128416 1
1.55972 1
2.13431 1
0.00794 1
0.312979 1
1.11217 1
0.496214 1
0.535772 1
2.58167 1
0.39736 1
1.52345 1
0.475866 1
3.47754 1
1.42835 1
1.09345 1
0.804418 1
0.00667571 1
1.87298 1
1.63081 1
0.356737 1
0.505259 1
7.30891 1
0.489865 1
2.1357 1
3.95952 1
0.183022 1
2.70242 1
0.555679 1
0.315302 1
3.08646 1
0.197577 1
1.14107 1
1.11266 1
0.0470732 1
0.699715 1
0.289311 1
0.825463 1
1.36547 1
2.36302 1
1.98254 1
0.456274 1
1.8617 1
0.555748 1
0.43634 1
0.372674 1
2.17296 1
0.817928 1
1.69234 1
0.158355 1
2.46135 1
0.407924 1
1.47052 1
0.943781 1
0.843695 1
0.901415 1
5.08054 1
0.267342 1
2.21208 1
1.47969 1
5.36258 1
2.28782 1
1.24259 1
0.618635 1
0.545814 1
0.686393 1
0.667005 1
0.0136095 1
4.45762 1
0.292903 1
0.139908 1
0.718511 1
2.33584 1
0.42137 1
1.3852 1
11.345 1
2.61703 1
1.75277 1
0.735452 1
2.02837 1
0.354329 1
1.29452 1
0.999622 1
0.793132 1
0.360412 1
0.598689 1
2.69078 1
3.79315 1
0.812349 1
0.316598 1
0.690353 1
0.435487 1
2.09226 1
1.0844 1
0.692153 1
1.58357 1
3.66808 1
1.12188 1
0.119818 1
0.266359 1
1.59488 1
2.12267 1
0.293918 1
0.795605 1
1.15098 1
1.07314 1
0.99344 1
1.69586 1
0.795409 1
1.3592 1
0.00600311 1
0.662676 1
0.724892 1
1.54955 1
2.83402 1
0.486269 1
0.444909 1
2.09692 1
0.325601 1
0.495155 1
0.46701 1
1.97321 1
3.18709 1
0.131562 1
1.11416 1
0.381472 1
0.358182 1
0.452636 1
0.618062 1
0.425037 1
0.216987 1
0.282724 1
0.689326 1
0.455002 1
4.42608 1
0.524213 1
0.828852 1
0.8522 1
0.456893 1
0.394107 1
4.85481 1
1.23744 1
0.13893 1
0.619164 1
0.112007 1
0.242189 1
0.101511 1
1.86033 1
194.958 1
0.638321 1
1.60587 1
0.390247 1
1.81011 1
0.326934 1
1.83491 1
1.31332 1
0.596262 1
3.49169 1
0.579836 1
0.574437 1
0.353259 1
0.180597 1
1.23052 1
23.3258 1
0.464871 1
0.461655 1
6.92521 1
3.27213 1
1.29042 1
0.410684 1
5.85144 1
0.214664 1
0.704771 1
1.47767 1
7.65964 1
0.248748 1
1.62855 1
0.151957 1
0.146288 1
0.374966 1
0.299943 1
0.503794 1
4.29452 1
0.2375 1
0.110036 1
0.158074 1
0.531811 1
0.283654 1
1.20461 1
1.49861 1
0.781902 1
0.735123 1
0.958806 1
2.96487 1
0.270445 1
14.6227 1
1.6035 1
0.134579 1
0.301655 1
0.87912 1
0.496171 1
0.618125 1
1.66984 1
1.37735 1
1.79644 1
1.73099 1
0.0756669 1
0.343309 1
0.740399 1
1.97723 1
42.6093 1
0.228268 1
0.252186 1
0.437085 1
1.76746 1
0.804318 1
0.564187 1
1.41427 1
3.28895 1
0.486554 1
0.539069 1
4.36844 1
2.98511 1
0.823625 1
0.526359 1
0.892296 1
0.23169 1
0.441961 1
2.03153 1
1.67361 1
1.06651 1
0.135007 1
0.404233 1
0.161008 1
1.52995 1
1.14761 1
1.39359 1
0.808831 1
0.414771 1
1.17501 1
0.504148 1
2.30837 1
0.187603 1
3.8181 1
0.302534 1
1.44072 1
0.366211 1
2.36741 1
5.35521 1
1.39982 1
1.19008 1
0.477257 1
0.207378 1
0.236893 1
0.0116869 1
0.982637 1
0.335195 1
1.12686 1
1.2128 1
0.232719 1
0.0823478 1
2.18513 1
1.00227 1
0.638754 1
0.581062 1
3.97069 1
0.216457 1
0.475505 1
3.52614 1
1.41323 1
0.206444 1
0.21319 1
2.83465 1
0.948877 1
2.96215 1
2.69394 1
0.214043 1
0.625117 1
1.14 1
5.83325 1
0.832877 1
0.0929861 1
0.222153 1
6.27695 1
0.956387 1
191.89 1
3.86578 1
2.10398 1
0.26689 1
1.7413 1
1.30596 1
1.25829 1
3.10048 1
0.98203 1
1.24007 1
0.467706 1
0.527337 1
3.90723 1
4.12455 1
0.695367 1
1.33445 1
0.331979 1
1.26132 1
4.35464 1
1.9438 1
0.599935 1
0.428288 1
1.61407 1
1.86784 1
0.318096 1
3.6978 1
0.626817 1
0.210943 1
0.374838 1
2.36047 1
0.209031 1
1.36726 1
1.64648 1
0.136962 1
0.138225 1
0.978681 1
2.12759 1
2.07372 1
2.32129 1
0.246414 1
0.604265 1
0.877269 1
0.506305 1
0.164412 1
0.630127 1
0.664147 1
0.472648 1
1.59385 1
0.340869 1
2.59504 1
0.145809 1
3.27149 1
3.92341 1
0.455705 1
5.16691 1
0.871011 1
2.71132 1
1.66053 1
7.00003 1
0.0754332 1
1.57816 1
1.03849 1
1.8114 1
0.657843 1
1.26393 1
5.50066 1
0.563271 1
0.692324 1
0.0664151 1
4.81403 1
0.28862 1
1.02104 1
1.80186 1
0.421112 1
2.40963 1
1.1676 1
0.52981 1
0.319599 1
0.28733 1
0.350754 1
1.11892 1
0.749593 1
1.29396 1
1.37014 1
3.76233 1
1.89994 1
0.52958 1
2.09316 1
0.4077 1
1.36279 1
0.959991 1
3.92893 1
0.123878 1
0.11812 1
0.954075 1
2.98187 1
0.213854 1
0.54907 1
0.64803 1
0.252538 1
2.1671 1
1.4342 1
2.27884 1
1.62652 1
0.807358 1
1.29484 1
6.82861 1
2.00407 1
0.0202168 1
1.82308 1
0.387345 1
3.16432 1
0.223053 1
1.85486 1
0.233676 1
0.704205 1
3.08048 1
0.632982 1
0.0987692 1
0.244398 1
0.839697 1
0.578408 1
0.243388 1
1.17344 1
1.91278 1
0.824697 1
3.82168 1
0.320587 1
0.171231 1
1.71303 1
199.782 1
0.344926 1
1.47602 1
15.6847 1
2.13074 1
2.94659 1
1.18241 1
0.262026 1
0.0555202 1
0.183126 1
0.359773 1
0.346408 1
0.157262 1
0.868745 1
1.10943 1
0.178495 1
3.78852 1
1.83395 1
0.0424508 1
0.548029 1
0.607334 1
2.41011 1
0.282438 1
4.31319 1
0.684756 1
0.761795 1
0.380618 1
0.903173 1
0.200262 1
0.16833 1
0.817384 1
2.06591 1
0.234566 1
1.08397 1
2.81029 1
0.216949 1
0.855237 1
2.56712 1
1.25732 1
1.68801 1
1.25664 1
0.771055 1
0.477422 1
0.336657 1
0.320702 1
0.394513 1
1.5901 1
0.303658 1
0.846299 1
2.58666 1
5.84134 1
1.69586 1
0.818105 1
0.117777 1
2.22971 1
1.00306 1
1.40753 1
1.20241 1
0.92968 1
4.94201 1
2.01485 1
4.7623 1
0.814989 1
1.48833 1
1.2459 1
0.332886 1
2.44035 1
2.94124 1
0.986893 1
0.180104 1
2.84382 1
2.0431 1
0.204319 1
0.466111 1
0.540823 1
1.14292 1
3.13109 1
1.81707 1
0.604187 1
0.588623 1
2.08719 1
0.0955191 1
0.396217 1
0.367199 1
25.316 1
0.536328 1
0.478118 1
0.212641 1
0.365297 1
2.21654 1
0.846543 1
2.47781 1
1.11117 1
1.57695 1
0.0671054 1
4.6422 1
4.07019 1
0.612246 1
0.12082 1
0.229235 1
0.133428 1
0.269748 1
1.28818 1
0.976562 1
1.66894 1
3.0686 1
0.645949 1
0.971666 1
3.2967 1
0.0896452 1
0.391687 1
0.29609 1
0.781877 1
0.964356 1
1.96295 1
0.247919 1
0.104994 1
0.160408 1
2.58385 1
0.40255 1
4.20728 1
5.30907 1
2.66143 1
7.57268 1
0.786638 1
0.427586 1
0.178127 1
2.20132 1
1.11557 1
8.40942 1
0.127657 1
1.99101 1
0.568942 1
0.465806 1
1.33602 1
0.132254 1
1.07699 1
0.361135 1
0.360782 1
0.589546 1
2.67152 1
0.98946 1
0.668495 1
0.566997 1
71.4461 1
0.121418 1
2.43712 1
0.150445 1
1.74958 1
0.0918186 1
2.50511 1
0.196195 1
0.337468 1
0.612595 1
0.200103 1
2.61407 1
0.955374 1
2.19552 1
0.318717 1
0.160906 1
1.4658 1
0.628057 1
2.84724 1
1.12385 1
0.415669 1
0.251295 1
1.50876 1
0.488419 1
0.314561 1
0.495612 1
0.139915 1
2.0753 1
1.59871 1
0.365349 1
1.5965 1
0.247151 1
0.299843 1
1.24273 1
0.0479308 1
0.810092 1
1.80746 1
2.33674 1
0.260715 1
0.303752 1
1.33935 1
0.67361 1
0.289626 1
2.33076 1
1.61488 1
1.76093 1
3.62975 1
1.37497 1
1.48696 1
1.89277 1
0.282554 1
0.823539 1
1.53721 1
0.321358 1
0.42179 1
0.546648 1
0.89959 1
0.448244 1
1.9813 1
0.856561 1
2.36836 1
0.384556 1
0.221026 1
0.320684 1
0.366464 1
1.95114 1
0.36811 1
0.125736 1
1.09318 1
2.92332 1
3.63879 1
0.258917 1
0.573795 1
1.77303 1
15.012 1
0.959763 1
0.900588 1
1.64073 1
0.341461 1
0.174397 1
1.82768 1
0.717454 1
1.742 1
0.513215 1
0.919648 1
3.53303 1
0.467262 1
0.194982 1
0.503214 1
3.63279 1
2.215 1
0.279436 1
0.202343 1
0.298517 1
1.49473 1
0.191178 1
1.59054 1
0.84452 1
0.20721 1
1.06107 1
0.102583 1
0.17324 1
0.180305 1
0.0381008 1
1.00469 1
1.01846 1
1.67608 1
1.71493 1
2.94598 1
1.99108 1
1.22608 1
0.789293 1
0.948731 1
0.0785397 1
1.84601 1
0.182866 1
0.252156 1
1.08954 1
0.709443 1
0.877992 1
1.19315 1
7.59177 1
0.271548 1
0.133528 1
0.856711 1
5.3828 1
0.573437 1
1.95512 1
0.584822 1
0.15053 1
0.50922 1
1.32772 1
0.229404 1
0.411386 1
2.6166 1
0.324564 1
1.54422 1
0.488777 1
10.6622 1
2.9297 1
0.631963 1
2.17204 1
0.953254 1
0.059375 1
0.135281 1
1.82416 1
1.11086 1
0.941141 1
0.356806 1
0.881909 1
1.12655 1
0.957713 1
0.0868838 1
0.291739 1
1.06025 1
0.238614 1
0.235838 1
1.03259 1
1.49674 1
1.34247 1
1.86847 1
0.15593 1
0.129908 1
2.9917 1
0.273234 1
1.11096 1
0.1905 1
2.61091 1
2.92393 1
0.813641 1
0.500577 1
3.26739 1
3.69388 1
0.567296 1
1.49339 1
187.616 1
0.208715 1
1.0133 1
1.79752 1
0.972029 1
1.30186 1
2.92653 1
2.53544 1
1.61242 1
0.121268 1
0.538327 1
3.36277 1
0.740532 1
0.283335 1
0.731805 1
0.100161 1
1.41823 1
0.367437 1
0.231057 1
0.272332 1
1.80635 1
0.713753 1
1.86926 1
0.264761 1
3.4043 1
0.277942 1
0.85585 1
2.77427 1
2.08989 1
0.209191 1
1.04075 1
0.574879 1
1.1196 1
0.312545 1
0.652201 1
0.934437 1
2.89276 1
0.280254 1
0.35327 1
1.44375 1
0.0361768 1
0.865829 1
1.20169 1
1.20812 1
4.24624 1
0.334816 1
1.25885 1
0.552188 1
0.953595 1
1.47516 1
0.809387 1
0.570947 1
0.119948 1
0.211068 1
3.99042 1
5.09956 1
1.74544 1
0.29428 1
0.515775 1
1.71716 1
0.274562 1
0.55146 1
1.68287 1
0.0769413 1
0.222852 1
0.293 1
0.773683 1
2.31663 1
1.23212 1
1.05511 1
4.93589 1
1.06802 1
1.24413 1
0.484411 1
0.615359 1
1.73565 1
1.34059 1
0.166313 1
1.38222 1
0.470681 1
0.426708 1
0.0820278 1
1.86127 1
0.30024 1
0.577415 1
0.527233 1
5.54519 1
3.16299 1
0.506722 1
0.101996 1
0.540985 1
1.19259 1
0.664954 1
2.22191 1
1.1003 1
0.873306 1
0.891198 1
2.12127 1
4.2783 1
32.2716 1
4.19746 1
0.515594 1
0.326962 1
0.17694 1
0.732445 1
0.381112 1
1.17474 1
0.556329 1
0.311862 1
0.755754 1
1.66203 1
0.0922112 1
1.01249 1
0.131674 1
1.07882 1
0.0107308 1
1.40191 1
0.902705 1
1.13712 1
1.26883 1
0.0475728 1
0.62012 1
0.616362 1
1.06173 1
0.619887 1
0.344768 1
3.6246 1
0.789086 1
0.605599 1
3.44749 1
0.0899673 1
0.152431 1
1.10015 1
0.0726123 1
0.432093 1
0.130091 1
0.546672 1
2.50155 1
2.67228 1
1.18509 1
1.20822 1
0.21492 1
0.583025 1
1.63329 1
1.22899 1
0.35009 1
3.35514 1
0.301509 1
0.556014 1
0.159667 1
0.293236 1
0.0415607 1
1.08681 1
1.44983 1
0.248399 1
1.66023 1
1.02294 1
0.510111 1
0.516755 1
1.12168 1
1.31133 1
0.436117 1
0.257609 1
1.21114 1
2.08886 1
2.07134 1
0.589841 1
0.529921 1
3.81884 1
0.275474 1
2.31421 1
0.868096 1
1.47144 1
0.142915 1
0.313892 1
2.4069 1
0.403148 1
0.934361 1
1.29291 1
1.69775 1
8.12854 1
0.745188 1
1.45827 1
0.594487 1
0.239596 1
1.50671 1
0.854318 1
0.311568 1
2.06821 1
0.219109 1
3.67639 1
0.272855 1
2.67883 1
0.89569 1
0.31947 1
4.02084 1
18.815 1
2.99996 1
0.437118 1
2.0506 1
0.245695 1
0.328898 1
0.535847 1
0.791291 1
0.895926 1
0.589234 1
0.741289 1
2.94654 1
2.49148 1
20.4885 1
1.11976 1
1.11829 1
0.532405 1
0.633801 1
0.3405 1
2.22875 1
0.102551 1
0.160135 1
0.312208 1
4.05056 1
0.742554 1
0.747031 1
0.644628 1
5.23563 1
0.323786 1
0.565248 1
0.42109 1
1.30103 1
0.130166 1
0.566123 1
0.624466 1
0.297642 1
0.360476 1
0.492806 1
0.26675 1
6.37791 1
0.589859 1
1.74819 1
1.24062 1
3.44448 1
0.467008 1
0.431047 1
4.88285 1
0.138773 1
194.987 1
0.272587 1
1.28637 1
1.25581 1
3.46256 1
5.65644 1
0.770113 1
2.67762 1
0.590639 1
0.588407 1
0.80963 1
1.87234 1
0.902492 1
0.511537 1
3.30743 1
0.326924 1
1.16002 1
0.132111 1
0.908837 1
0.293263 1
0.208334 1
5.56485 1
2.04897 1
2.06506 1
0.652743 1
0.659878 1
1.56494 0
0.622608 0
0.12362 0
0.316667 0
0.682404 0
1.31408 0
44.61 0
0.311706 0
0.0659566 0
0.807793 0
2.00115 0
0.471218 0
0.208062 0
0.0198196 0
2.72355 0
0.198299 0
0.0597317 0
0.80901 0
0.109898 0
0.228738 0
1.43834 0
1.29774 0
0.232122 0
0.161145 0
0.133396 0
1.37762 0
0.125233 0
0.204665 0
0.863487 0
0.337192 0
1.00917 0
0.21838 0
0.221173 0
0.316345 0
0.0893601 0
0.40503 0
0.342271 0
0.836773 0
0.211792 0
0.0593586 0
1.25949 0
0.0863518 0
1.0734 0
0.288711 0
0.0897803 0
0.32682 0
0.153824 0
0.600171 0
0.207309 0
0.208756 0
0.46767 0
0.18827 0
1.41775 0
1.18485 0
0.131741 0
0.329071 0
1.43975 0
0.0294083 0
0.250954 0
0.976705 0
0.27644 0
1.04531 0
0.702593 0
0.0673249 0
0.285385 0
0.73616 0
1.3219 0
0.406563 0
0.371682 0
0.800277 0
0.117176 0
0.0969164 0
0.36374 0
0.235492 0
0.134813 0
1.14484 0
0.177082 0
0.144417 0
1.38477 0
0.191957 0
0.15591 0
0.598904 0
0.20441 0
0.184507 0
0.0734523 0
0.661056 0
0.493505 0
2.5886 0
0.237549 0
0.428603 0
0.832931 0
0.401131 0
1.41249 0
0.121009 0
0.320133 0
0.177099 0
0.132324 0
2.62047 0
0.212704 0
0.191882 0
1.06632 0
0.110634 0
0.478229 0
0.435734 0
1.17277 0
0.205347 0
0.509232 0
1.85515 0
2.12307 0
0.166381 0
0.46159 0
1.35637 0
0.015317 0
0.796123 0
3.5402 0
3.15357 0
1.06461 0
0.538404 0
0.156811 0
0.537689 0
1.05142 0
6.49027 0
2.71142 0
0.19002 0
0.661298 0
1.13712 0
0.269061 0
0.222249 0
0.182142 0
0.213243 0
0.161094 0
0.329883 0
0.551241 0
0.0579262 0
0.042116 0
0.194839 0
0.0261559 0
0.325526 0
0.168677 0
0.389568 0
0.221903 0
0.496397 0
2.01251 0
1.03808 0
0.161845 0
0.611811 0
0.959536 0
0.244239 0
0.927768 0
0.221499 0
0.21164 0
0.185247 0
0.20262 0
0.685454 0
0.255392 0
1.22165 0
0.251677 0
0.123967 0
0.245663 0
0.6478 0
0.69462 0
0.826569 0
0.927324 0
0.228239 0
2.24983 0
0.0547401 0
0.21537 0
1.27501 0
1.9107 0
0.383779 0
0.57389 0
0.651815 0
0.746722 0
2.05447 0
0.121871 0
0.322858 0
1.214 0
1.01657 0
0.189692 0
0.28322 0
15.5882 0
0.229624 0
0.0423936 0
0.773045 0
0.0587525 0
0.0880107 0
5.10998 0
1.84284 0
0.0786873 0
0.344344 0
0.579219 0
0.246087 0
0.0769459 0
0.125173 0
0.210229 0
1.34697 0
0.81597 0
0.0355536 0
0.29232 0
0.087238 0
1.00996 0
0.291187 0
0.467821 0
0.472784 0
0.164461 0
0.278567 0
2.14734 0
0.150683 0
0.470223 0
0.247873 0
0.113963 0
2.79155 0
0.133891 0
0.369468 0
0.149162 0
1.34914 0
1.74921 0
0.15066 0
0 0
1.20828 0
0.0576662 0
0 0
1.6163 0
1.11741 0
1.52204 0
0.193122 0
0.523891 0
1.67292 0
0.598213 0
0.0454198 0
0.266568 0
0.247214 0
0.289307 0
0.304251 0
0.120052 0
1.05783 0
2.1681 0
0.0963968 0
0.193523 0
0.829356 0
0.372377 0
1.36611 0
0.371936 0
0.170814 0
0.46749 0
0.944482 0
2.06963 0
0.776635 0
0.959399 0
1.11992 0
0.0232856 0
1.81928 0
0.125595 0
2.13781 0
0.43054 0
1.36768 0
0.495644 0
0.129697 0
0.164347 0
0.902317 0
0.0687777 0
0.312495 0
0.138061 0
0.764874 0
2.45521 0
0.366772 0
0.793344 0
0.434118 0
0.696871 0
0.129032 0
0.30123 0
2.42526 0
5.65259 0
0.131899 0
0.876423 0
0.519295 0
0.528208 0
0.554655 0
3.43313 0
0.440047 0
0.0692016 0
0.510819 0
0.77111 0
0.253918 0
0.523762 0
0.645712 0
0.323858 0
1.15958 0
0.824913 0
0.147415 0
0.453763 0
0.653405 0
0.290821 0
0.102852 0
0.204141 0
0.214047 0
0.159669 0
0.339538 0
0.248053 0
0.520489 0
0.248094 0
0.156067 0
0.789988 0
0.165898 0
2.39233 0
1.71048 0
0.892475 0
0.40115 0
0.275778 0
0.358772 0
2.47033 0
1.65303 0
2.2301 0
0.173686 0
0.322299 0
0.139844 0
0.158279 0
0.317937 0
1.64075 0
4.11201 0
0.180762 0
1.30137 0
0.220339 0
1.14711 0
0.105716 0
2.51916 0
0.124217 0
1.8964 0
2.93881 0
0.147795 0
0.332547 0
0.716046 0
0.279762 0
1.43694 0
0.473701 0
0.244516 0
0.612352 0
0.596052 0
1.00544 0
4.99668 0
1.03813 0
1.07227 0
2.70819 0
0.720674 0
2.23832 0
0.536288 0
1.07051 0
0.432543 0
2.65166 0
0.109013 0
1.36665 0
0.0646693 0
0.140261 0
4.50877 0
0.00987413 0
0.919137 0
2.28745 0
0.412396 0
0.0750417 0
0.710774 0
0.175152 0
1.05865 0
0.256794 0
5.50716 0
0.204067 0
0.895881 0
0.939077 0
1.5226 0
0.71604 0
0.116354 0
0.272989 0
0.473219 0
1.61299 0
0.038858 0
1.31992 0
2.00424 0
0.212199 0
0.0498831 0
0.27833 0
0.188138 0
0.792916 0
0.112325 0
0.141019 0
0.695027 0
0.435955 0
0.105881 0
1.88887 0
0.221595 0
0.180209 0
0.332872 0
0.390263 0
0.827193 0
0.381712 0
1.25196 0
0.244656 0
0.229008 0
1.04667 0
0.772886 0
0.358567 0
0.00280856 0
0.262436 0
0.329777 0
0.309797 0
1.01832 0
0.0369105 0
0.65701 0
0.0212402 0
0.70808 0
1.21976 0
0.102632 0
0.127853 0
0.951353 0
0.627977 0
3.90503 0
1.01639 0
1.06599 0
0.194497 0
1.06185 0
0.987486 0
0.887168 0
0.144934 0
0.097704 0
0.210658 0
0.121631 0
0.635101 0
1.04574 0
0.33292 0
0.285764 0
0.0564197 0
0.720478 0
0.349525 0
0.130367 0
1.03817 0
1.14206 0
0.719777 0
0.228401 0
2.1809 0
2.0856 0
0.102117 0
0.212297 0
0.631784 0
0.195997 0
0.362182 0
0.53261 0
0.243782 0
0.513384 0
0.523007 0
1.64021 0
0.615217 0
1.13319 0
0.267644 0
0.34417 0
0.0646489 0
0.275074 0
1.91684 0
0.168337 0
0.128033 0
1.15183 0
1.08797 0
0.274403 0
1.38097 0
0.547563 0
0.539695 0
0.414878 0
0.660132 0
0.137191 0
2.9685 0
0.0556858 0
0.575225 0
0.734862 0
2.04431 0
2.29777 0
0.109432 0
0.755409 0
0.344292 0
0.895412 0
0.913925 0
1.90601 0
1.16139 0
0.760609 0
0.171204 0
0.331291 0
1.26792 0
2.17236 0
0.0529197 0
1.28849 0
0.306671 0
0.15131 0
0.6102 0
0.589467 0
0.826199 0
0.217887 0
0.29991 0
0.0766421 0
1.69713 0
0.275616 0
2.13711 0
0.288775 0
0.463675 0
19.9181 0
0.220342 0
0.232425 0
0.171837 0
0.69702 0
4.03178 0
0.219277 0
0.430075 0
0.205665 0
0.742762 0
0.0595225 0
0.808969 0
0.895035 0
0.148766 0
0.292837 0
0.675723 0
0.455832 0
0.181131 0
0.652726 0
1.21113 0
0.174672 0
0.21678 0
5.46883 0
0.672364 0
0.186961 0
0.170022 0
0.82702 0
0.796119 0
1.336 0
0.175416 0
1.24106 0
0.151952 0
0.0769692 0
0.47166 0
0.0808481 0
0.205491 0
3.38622 0
0.0739034 0
0.38386 0
0.389318 0
0.981972 0
0.126592 0
0.153635 0
0.349014 0
0.112048 0
1.29511 0
0.0774298 0
0.678893 0
0.122166 0
1.10396 0
0.322028 0
0.177114 0
0.927518 0
1.37405 0
0.544199 0
0.0454587 0
0.157248 0
0.752598 0
1.05721 0
1.41343 0
0.501779 0
0.421082 0
0.181545 0
0.509891 0
0.270417 0
1.88893 0
0.18932 0
0.294314 0
0.468124 0
0.643092 0
0.489358 0
0.179625 0
1.03211 0
0.157344 0
0.0956243 0
0.296127 0
0.251952 0
0.749271 0
0.117584 0
0.56592 0
0.26725 0
0.394969 0
0.307955 0
1.00017 0
0.102722 0
0.428601 0
0.249002 0
2.40575 0
1.3057 0
0.0812433 0
0.299141 0
0.0764601 0
0.161122 0
0.244998 0
0.973443 0
0.174357 0
1.78428 0
0.0741811 0
0.226937 0
0.754353 0
0.702233 0
0.656397 0
0.0937295 0
3.45043 0
3.31512 0
1.09153 0
1.11561 0
0.464831 0
0.800234 0
0.680398 0
0.0867746 0
0.782288 0
0.388959 0
0.539525 0
0.0978814 0
2.70674 0
0.584214 0
31.3443 0
0.373479 0
0.459746 0
1.30946 0
4.23663 0
1.68556 0
0.765029 0
0.330654 0
1.4831 0
0.371846 0
0.199438 0
1.36109 0
0.147037 0
0.261767 0
1.31768 0
0.0500675 0
0.567153 0
0.214323 0
0.240201 0
0.0936721 0
0.228044 0
0.0399701 0
0.215404 0
1.30216 0
0.303313 0
1.11953 0
0.246265 0
0.17739 0
0.256899 0
0.19335 0
0.28796 0
1.57947 0
1.35764 0
0.270158 0
0.209889 0
0.374411 0
0.278781 0
1.74725 0
0.737302 0
0.396617 0
0.0648744 0
0.81463 0
15.2827 0
0.45213 0
0.252275 0
0.232572 0
0.135592 0
4.00911 0
0.221804 0
0.343748 0
0.718213 0
0.12248 0
0.131257 0
0.437359 0
0.163749 0
2.18334 0
1.16291 0
0.329434 0
0.692833 0
0.223427 0
0.315186 0
0.50798 0
0.0525975 0
0.30501 0
0.882788 0
0.015575 0
1.16488 0
0.633071 0
0.792985 0
0.173757 0
1.54399 0
0.116161 0
0.647269 0
1.45728 0
0.111271 0
0.156428 0
0.140365 0
0.16501 0
1.76446 0
1.16098 0
0.624007 0
0.176454 0
2.46745 0
0.190932 0
0.0985483 0
0.751244 0
0.329274 0
0.111685 0
1.68974 0
0.202209 0
0.519478 0
3.9842 0
0.774425 0
0.215381 0
1.02553 0
0.322406 0
2.70418 0
1.3479 0
0.0381225 0
0.0604083 0
1.24511 0
0.188784 0
0.282322 0
0.160675 0
0.124732 0
0.288293 0
0.148968 0
0.662249 0
1.18241 0
0.276017 0
0.640369 0
1.09417 0
0.717956 0
1.97998 0
0.342734 0
0.282926 0
0.372502 0
1.8405 0
0.394648 0
0.177655 0
1.17751 0
1.53806 0
1.44546 0
1.71672 0
1.17281 0
2.82632 0
1.84451 0
0.121862 0
0.190915 0
0.52977 0
0.290252 0
0.0669795 0
3.86188 0
0.0988296 0
2.29914 0
0.202661 0
1.60864 0
0.444162 0
0.350368 0
0.099485 0
0.707905 0
1.42481 0
0.389368 0
1.00233 0
0.191623 0
0.22546 0
0.375231 0
1.12398 0
1.06442 0
0.859086 0
1.03648 0
0.138163 0
0.208682 0
0.864008 0
1.15135 0
0.320614 0
0.228338 0
1.6949 0
1.3278 0
1.00515 0
1.00511 0
0.0917419 0
0.185435 0
0.328429 0
0.235596 0
0.794713 0
0.962534 0
0.260462 0
186.509 0
0.424825 0
0.0757248 0
0.633309 0
0.193318 0
0.32106 0
0.279505 0
1.47511 0
0.857264 0
0.545302 0
0.196751 0
0.306486 0
0.0824181 0
0.482974 0
0.0952097 0
0.173186 0
1.22736 0
0.906962 0
0.179105 0
0.861101 0
2.31309 0
4.71067 0
0.484013 0
0.228015 0
0.0915071 0
0.176312 0
1.81122 0
1.05285 0
0.627451 0
0.750304 0
0.318846 0
1.57361 0
0.142409 0
0.398092 0
1.01513 0
2.00237 0
0.283254 0
0.0519858 0
0.362084 0
2.17274 0
1.83869 0
0.306873 0
0.20109 0
1.62432 0
0.190398 0
0.295778 0
0.611432 0
0.277943 0
0.565543 0
1.06976 0
0.87857 0
0.199517 0
0.183954 0
0.156198 0
0.289813 0
2.6096 0
0.316818 0
0.273444 0
31.1026 0
1.55302 0
0.255929 0
0.08158 0
0.639489 0
1.1385 0
0.204654 0
0.210643 0
0.308354 0
0.295551 0
0.582451 0
0.376586 0
1.08618 0
0.973093 0
1.08085 0
0.190071 0
4.5091 0
0.203464 0
0.0141157 0
0.773257 0
0.730196 0
2.72728 0
0.746917 0
0.742642 0
0.653511 0
2.21599 0
0.483723 0
1.29762 0
0.607444 0
0.366566 0
0.0318883 0
0.80224 0
1.14265 0
0.398656 0
0.340408 0
1.10873 0
0.850761 0
0.313023 0
0.37281 0
0.292139 0
0.643303 0
0.047832 0
6.15693 0
0.0639598 0
0.214895 0
0.0621872 0
1.59821 0
1.54781 0
0.107632 0
3.21261 0
0.132979 0
1.04395 0
0.34633 0
0.141826 0
0.111449 0
0.257212 0
0.840093 0
0.105979 0
0.435097 0
0.872056 0
0.144198 0
2.17557 0
0.123573 0
0.182976 0
0.153967 0
0.47889 0
0.566017 0
1.81604 0
0.641306 0
0.164667 0
2.26976 0
1.1918 0
1.19946 0
0.0988323 0
8.13823 0
0.463938 0
1.31922 0
0.164404 0
0.334518 0
0.23164 0
0.134579 0
2.55906 0
0.539575 0
0.264436 0
0.276921 0
0.192789 0
0.12831 0
0.513184 0
0.19408 0
3.75298 0
1.87942 0
0.895083 0
1.86726 0
0.32291 0
0.310861 0
1.03146 0
0.135969 0
0.385756 0
0.706394 0
0.700226 0
0.164174 0
0.321308 0
0.239358 0
0.321389 0
0.335732 0
4.25472 0
1.03493 0
0.482835 0
1.41152 0
0.579177 0
0.42914 0
0.192908 0
0.227228 0
0.436852 0
0.530476 0
0.115664 0
0.152031 0
0.535902 0
0.426678 0
0.265067 0
0.234637 0
0.445889 0
0.0899192 0
0.399371 0
0.0748153 0
0.328577 0
0.310098 0
0.41799 0
0.108297 0
0.153458 0
0.0845533 0
2.70028 0
1.23825 0
0.172677 0
3.92718 0
0.601587 0
0.212824 0
0.52202 0
0.138796 0
0.245923 0
0.708676 0
0.190012 0
0.271718 0
0.0699719 0
1.20466 0
0.532368 0
0.642237 0
0.344306 0
0.375248 0
0.0703439 0
0.710235 0
1.32192 0
0.356457 0
0.529929 0
0.179981 0
2.11029 0
0.0694764 0
0.149844 0
0.814137 0
0.294833 0
6.05707 0
0.368198 0
0.759982 0
0.254053 0
3.64999 0
0.232467 0
0.116056 0
74.8425 0
0.298836 0
0.276497 0
0.172901 0
1.06541 0
0.346032 0
0.484072 0
0.037308 0
3.66189 0
0.62331 0
0.691193 0
0.0919081 0
0.279015 0
0.0299775 0
0.352613 0
0.197084 0
1.85183 0
0.0484157 0
0.330652 0
1.14709 0
0.786534 0
0.258415 0
0.0374481 0
1.38646 0
0.143521 0
2.30704 0
0.943452 0
0.416193 0
0.0383875 0
1.02396 0
1.12716 0
0.893655 0
0.228786 0
1.57793 0
0.936019 0
0.196231 0
0.200107 0
0.152924 0
0.179365 0
1.77574 0
1.67286 0
2.13756 0
0.651276 0
0.147473 0
2.17 0
0.282903 0
0.18119 0
1.46882 0
0.272362 0
1.22067 0
0.357896 0
1.22031 0
1.0855 0
1.38006 0
0.177788 0
0.148646 0
0.193669 0
0.706162 0
0.248549 0
0.075481 0
0.454507 0
0.0960791 0
0.733818 0
0.553707 0
1.0163 0
0.77443 0
0.423818 0
0.327426 0
1.33269 0
1.08712 0
2.08949 0
0.165929 0
0.386301 0
1.79789 0
46.987 0
0.00425249 0
0.101776 0
0.868231 0
0.909337 0
0.190858 0
0.418227 0
0.415477 0
0.143572 0
1.25921 0
0.174625 0
0.324593 0
0.0658177 0
0.142486 0
5.00723 0
1.72594 0
0.581177 0
0.728155 0
1.17148 0
0.269206 0
0.33094 0
1.57047 0
1.21054 0
0.492148 0
0.520992 0
8.54533 0
0.262583 0
5.05897 0
11.4304 0
0.186077 0
0.487523 0
1.51602 0
0.476796 0
1.17198 0
0.252111 0
0.505201 0
1.6182 0
5.19744 0
1.19871 0
1.0048 0
1.07708 0
0.0642839 0
0.352473 0
0.0821197 0
1.49153 0
1.67142 0
2.13933 0
3.51301 0
0.731194 0
0.726822 0
0.915214 0
2.24673 0
0.152111 0
0.680746 0
3.2557 0
0.690337 0
0.955409 0
2.59099 0
0.311957 0
0.0983757 0
0.868656 0
0.191606 0
0.452262 0
2.17896 0
0.432735 0
