1.05178 1
0.540398 1
1.08185 1
1.71634 1
0.267699 1
0.183531 1
0.491195 1
0.295971 1
2.51857 1
0.540355 1
1.09178 1
0.199942 1
1.39228 1
4.21569 1
4.75618 1
0.726381 1
49.4678 1
1.98146 1
0.570591 1
0.865717 1
0.489829 1
0.0363636 1
0.224406 1
2.11146 1
1.83417 1
0.770397 1
0.875584 1
0.523214 1
0.650858 1
1.42804 1
6.97772 1
1.08235 1
2.12135 1
3.53057 1
0.116207 1
0.410145 1
0.461811 1
0.397521 1
1.21601 1
2.21614 1
0.623673 1
1.51689 1
0.835756 1
0.834633 1
0.946624 1
2.02349 1
0.381592 1
2.42003 1
2.47174 1
2.97293 1
0.140866 1
1.8238 1
1.76263 1
0.636686 1
1.10715 1
0.0540275 1
0.283682 1
0.653501 1
0.667417 1
0.175376 1
0.855399 1
0.127515 1
0.571578 1
1.22555 1
2.73922 1
0.877034 1
0.0607992 1
0.885337 1
7.74258 1
0.90752 1
1.0408 1
3.46243 1
2.09203 1
1.17986 1
0.31248 1
0.604734 1
0.20086 1
3.37994 1
0.101499 1
0.117012 1
0.580851 1
0.183296 1
0.546193 1
0.392128 1
3.17937 1
4.6446 1
0.64421 1
0.000846787 1
0.22507 1
0.597712 1
0.319509 1
0.692175 1
0.854888 1
0.459874 1
1.03922 1
1.49106 1
0.828292 1
0.123604 1
2.72409 1
0.096618 1
1.32292 1
0.491426 1
1.42495 1
1.11944 1
0.140859 1
0.217006 1
1.26784 1
0.259908 1
2.70628 1
1.63162 1
0.579042 1
0.328357 1
0.578538 1
0.268193 1
40.3007 1
0.665986 1
0.40175 1
1.62215 1
1.14615 1
0.290348 1
0.631432 1
0.218613 1
2.82317 1
0.573932 1
0.843261 1
194.45 1
0.12728 1
0.480936 1
2.78996 1
0.199305 1
0.927831 1
0.251561 1
0.133145 1
0.231593 1
4.91587 1
1.65195 1
2.24528 1
3.9739 1
1.29179 1
4.70567 1
1.36396 1
1.21175 1
4.06125 1
1.29266 1
0.0902663 1
2.12287 1
0.550478 1
2.03381 1
1.77993 1
0.207517 1
1.12266 1
0.854637 1
0.687749 1
2.57755 1
0.258586 1
0.0441694 1
3.81543 1
0.839586 1
1.22435 1
0.222801 1
4.56748 1
0.292927 1
0.511465 1
0.0676472 1
1.90194 1
1.13601 1
1.5776 1
0.10128 1
0.664096 1
3.52504 1
0.641862 1
1.5398 1
0.204108 1
0.205795 1
1.27715 1
2.19364 1
2.13904 1
12.2717 1
1.64534 1
1.25933 1
0.211775 1
2.47408 1
1.27145 1
0.99548 1
0.166263 1
4.58115 1
0.328205 1
0.276629 1
1.74766 1
0.950618 1
2.07921 1
2.57229 1
6.30013 1
0.171337 1
0.912632 1
0.261141 1
1.32173 1
0.201385 1
2.2744 1
3.39899 1
0.751398 1
0.224269 1
2.46991 1
2.92463 1
3.79879 1
1.54423 1
0.216463 1
0.794962 1
0.394424 1
0.277304 1
5.18447 1
2.2332 1
2.63072 1
0.817155 1
2.18796 1
1.00117 1
0.143086 1
0.0929507 1
1.39358 1
2.26219 1
0.166634 1
1.1035 1
0.826722 1
1.1303 1
0.455893 1
0.185558 1
0.334818 1
0.608241 1
0.77741 1
0.141273 1
0.515263 1
0.249174 1
0.762449 1
0.905837 1
0.62442 1
0.143212 1
1.17252 1
0.26784 1
0.996185 1
0.420332 1
0.314237 1
1.58221 1
1.49127 1
0.123339 1
1.37081 1
0.713631 1
0.693107 1
0.945632 1
0.647751 1
8.4634 1
0.139335 1
0.174515 1
1.85067 1
0.123666 1
0.755182 1
0.212769 1
0.850386 1
0.727685 1
0.646315 1
1.2382 1
0.557086 1
0.550043 1
0.677649 1
0.178452 1
0.351135 1
2.62431 1
0.0780181 1
0.113365 1
1.69562 1
0.247067 1
3.41285 1
0.175054 1
0.584904 1
0.449389 1
0.450408 1
1.45212 1
0.459541 1
0.182525 1
1.71028 1
0.242459 1
3.21817 1
2.56417 1
0.49195 1
0.484048 1
0.247192 1
0.207494 1
0.966609 1
0.17515 1
6.12742 1
0.190547 1
1.38639 1
2.84194 1
0.435753 1
0.246123 1
2.32468 1
1.42178 1
1.06151 1
0.900776 1
1.0159 1
2.45724 1
0.956768 1
2.81352 1
1.08913 1
0.708837 1
0.445102 1
0.118855 1
0.336603 1
0.442245 1
0.213913 1
0.00646984 1
1.14521 1
1.20751 1
0.175033 1
0.66935 1
1.9119 1
1.30669 1
0.461007 1
0.879623 1
0.718813 1
0.23991 1
0.281453 1
0.6509 1
0.740486 1
1.23209 1
1.45445 1
0.748774 1
0.468183 1
0.543185 1
0.252486 1
1.6405 1
3.50697 1
0.55262 1
0.94087 1
3.96937 1
1.54863 1
0.735947 1
0.501892 1
2.7381 1
1.72387 1
0.606196 1
2.44186 1
1.07916 1
1.7241 1
3.85647 1
0.0985089 1
2.45389 1
0.298368 1
0.371114 1
2.10458 1
0.72299 1
0.486046 1
0.693947 1
2.39331 1
0.747508 1
0.326746 1
0.220581 1
1.80994 1
0.289354 1
0.854698 1
0.17228 1
1.55208 1
0.206577 1
0.196238 1
3.3109 1
2.84635 1
0.0707437 1
0.0791691 1
0.200318 1
2.96561 1
0.209686 1
0.573778 1
1.09778 1
0.152365 1
3.79852 1
1.52868 1
4.73038 1
1.8366 1
0.219449 1
6.23029 1
1.39715 1
0.150687 1
4.49509 1
0.235175 1
0.0389272 1
0.448956 1
0.170053 1
1.11882 1
0.0851407 1
1.16025 1
1.4757 1
1.45889 1
0.830909 1
2.89222 1
2.83824 1
0.0572034 1
0.111001 1
0.360257 1
1.36607 1
0.467896 1
0.0657922 1
1.23279 1
1.8325 1
0.433628 1
0.478464 1
2.15475 1
3.0485 1
2.22581 1
1.12593 1
0.779083 1
1.78461 1
0.226899 1
0.694601 1
0.911586 1
0.0661881 1
0.241786 1
0.518458 1
0.602064 1
1.15317 1
0.802667 1
0.443766 1
3.29256 1
0.996811 1
0.174854 1
0.691399 1
2.83731 1
1.24376 1
0.530581 1
4.04263 1
0.236357 1
0.750972 1
1.27919 1
0.774395 1
0.822097 1
0.787086 1
0.145845 1
1.03232 1
0.42936 1
0.479181 1
0.2577 1
0.180781 1
0.34154 1
1.63348 1
1.7302 1
0.894663 1
0.450232 1
1.10349 1
1.19384 1
0.328579 1
1.15808 1
0.652287 1
0.561839 1
2.45463 1
0.41085 1
1.65003 1
0.182667 1
0.0487885 1
0.708443 1
3.76648 1
5.64832 1
5.31279 1
0.795904 1
0.0715869 1
0.388631 1
2.26223 1
1.55958 1
0.499575 1
2.25831 1
0.592375 1
0.909898 1
0.476901 1
0.635528 1
0.797894 1
1.92264 1
4.54725 1
0.563586 1
0.590634 1
2.37248 1
0.220168 1
5.2947 1
6.03911 1
1.06458 1
0.0611947 1
1.49474 1
3.0012 1
0.731513 1
0.576987 1
1.45034 1
0.578779 1
0.0830535 1
3.81462 1
189.695 1
2.0372 1
0.0548786 1
0.387544 1
0.11202 1
6.39128 1
1.4461 1
0.53228 1
1.41831 1
3.60378 1
1.95127 1
1.07682 1
5.04245 1
0.480893 1
1.519 1
0.529796 1
1.13045 1
0.427665 1
0.432549 1
0.969176 1
1.04104 1
0.396801 1
1.36852 1
2.62189 1
1.83939 1
0.68449 1
0.240263 1
1.53221 1
0.252479 1
3.48482 1
1.02438 1
0.334904 1
0.69765 1
1.04479 1
2.02535 1
0.28073 1
0.335292 1
0.915633 1
4.72881 1
1.7886 1
1.91206 1
21.8349 1
0.550636 1
0.498765 1
2.29528 1
2.35958 1
0.60031 1
1.0784 1
0.219629 1
1.11548 1
0.423093 1
1.53988 1
1.31718 1
2.03498 1
0.473036 1
5.59485 1
1.15263 1
38.1456 1
0.103763 1
0.904499 1
0.40141 1
1.14604 1
0.882971 1
0.180716 1
3.02674 1
0.527989 1
0.466198 1
0.58517 1
2.2986 1
3.22749 1
0.40992 1
1.13568 1
1.81855 1
0.48562 1
0.339414 1
1.85315 1
0.558958 1
0.628046 1
1.67899 1
0.784537 1
0.703774 1
7.85231 1
184.477 1
1.41024 1
0.415044 1
191.355 1
0.331187 1
70.6403 1
0.336271 1
0.749156 1
0.952445 1
0.552601 1
0.534367 1
0.696788 1
1.53409 1
0.0723822 1
1.30872 1
5.28173 1
0.612573 1
0.258938 1
0.493813 1
2.39212 1
0.217013 1
4.88786 1
1.59824 1
0.904202 1
2.77306 1
0.789648 1
2.50467 1
0.125407 1
0.0536442 1
0.947264 1
0.623896 1
1.04596 1
3.60833 1
1.45851 1
8.3898 1
2.84252 1
1.72494 1
0.707592 1
0.173981 1
0.126678 1
1.07269 1
0.249234 1
0.236061 1
0.206681 1
1.66181 1
1.14616 1
1.40036 1
1.92313 1
0.495828 1
1.97512 1
0.579133 1
0.570112 1
0.0286256 1
0.186794 1
0.119697 1
0.158259 1
3.08718 1
1.25503 1
1.59124 1
0.446542 1
0.464184 1
0.268036 1
4.64062 1
0.0741495 1
1.76062 1
0.0454876 1
1.05814 1
0.359043 1
0.179986 1
0.510863 1
2.79196 1
0.147076 1
1.2463 1
0.328405 1
0.321365 1
2.79836 1
0.199307 1
0.564853 1
2.14753 1
0.450532 1
10.7176 1
0.503932 1
7.57374 1
0.643135 1
1.10117 1
0.599187 1
0.902522 1
1.30319 1
0.317049 1
1.09429 1
1.52681 1
1.34938 1
0.152772 1
0.366223 1
0.65512 1
0.354033 1
0.131532 1
0.839352 1
0.220328 1
0.648857 1
7.77779 1
0.409634 1
0.190361 1
4.18612 1
1.27883 1
1.21758 1
0.810195 1
0.975731 1
0.533001 1
1.9957 1
3.66371 1
1.8935 1
0.304757 1
0.326396 1
0.609245 1
1.44959 1
1.17193 1
1.33368 1
3.46015 1
0.771664 1
0.585529 1
0.219584 1
2.73956 1
1.15498 1
0.676095 1
0.873212 1
3.31362 1
1.11383 1
1.69685 1
2.99741 1
0.651037 1
0.883094 1
0.463794 1
0.971052 1
2.30578 1
0.59324 1
0.24009 1
0.644868 1
3.76554 1
2.47277 1
0.410322 1
1.0037 1
0.585714 1
0.089552 1
4.81051 1
0.505506 1
0.803755 1
0.642076 1
1.1396 1
0.445095 1
0.218155 1
2.08988 1
3.85338 1
2.3802 1
6.87634 1
2.49248 1
0.694229 1
0.523525 1
0.843047 1
0.471169 1
1.22183 1
1.12985 1
0.23199 1
0.727332 1
0.234315 1
0.928161 1
0.536998 1
0.534853 1
0.0589355 1
1.49062 1
1.80848 1
0.561244 1
1.28749 1
3.04171 1
2.05981 1
0.365268 1
0.100218 1
0.801273 1
0.638124 1
0.178713 1
0.425541 1
1.54507 1
4.96221 1
1.55501 1
0.564106 1
0.38185 1
0.0993115 1
0.471415 1
1.95426 1
0.669489 1
5.79011 1
4.51492 1
0.245724 1
1.21263 1
0.0584829 1
0.211249 1
0.651021 1
1.46721 1
3.5445 1
0.578178 1
1.37258 1
0.664134 1
0.801116 1
0.521232 1
2.61712 1
1.2865 1
1.36337 1
0.546446 1
0.779895 1
0.403 1
1.20023 1
0.235049 1
0.632807 1
0.322289 1
4.52134 1
0.00850785 1
0.341663 1
1.96385 1
0.489805 1
1.07559 1
0.86592 1
0.0592532 1
0.111661 1
0.0856491 1
0.216681 1
0.470586 1
0.138821 1
1.88186 1
0.693016 1
1.56012 1
0.0619371 1
0.67655 1
1.43266 1
2.25128 1
0.141877 1
0.368835 1
0.234523 1
0.962798 1
0.890558 1
0.360499 1
0.229692 1
0.0572398 1
0.272423 1
2.79091 1
1.469 1
0.177459 1
0.36804 1
1.38848 1
5.12047 1
0.716719 1
0.98458 1
3.58031 1
0.24473 1
0.801148 1
0.0592964 1
0.0986068 1
1.58568 1
4.42356 1
1.22778 1
0.188797 1
0.196628 1
0.60911 1
0.309592 1
0.569833 1
0.993952 1
2.34341 1
0.52956 1
1.34555 1
0.424304 1
1.44229 1
1.57565 1
0.918445 1
0.0500196 1
6.25557 1
0.359689 1
1.18153 1
0.223616 1
2.78872 1
1.17619 1
0.228965 1
0.891553 1
0.376918 1
0.238685 1
0.527426 1
0.101154 1
1.78888 1
2.77877 1
2.1862 1
1.81829 1
1.2486 1
0.922101 1
0.92272 1
1.77906 1
0.528189 1
0.39553 1
1.27418 1
0.315836 1
1.69051 1
0.139276 1
0.603284 1
0.232319 1
7.61967 1
1.28624 1
1.01486 1
1.3714 1
1.8352 1
0.0953519 1
1.27083 1
0.745674 1
1.34417 1
3.59724 1
0.625026 1
0.129468 1
0.0892411 1
0.0973899 1
2.30387 1
3.97711 1
0.184758 1
0.611535 1
0.451104 1
1.13755 1
0.352842 1
0.557875 1
0.227821 1
2.41635 1
0.246865 1
1.41878 1
0.10489 1
1.44382 1
0.793976 1
0.482689 1
0.483691 1
0.4431 1
0.329638 1
28.0228 1
0.841959 1
3.04208 1
2.84104 1
2.23759 1
0.17815 1
0.185194 1
0.124156 1
3.0133 1
0.0951031 1
3.7346 1
1.40735 1
0.141992 1
1.99835 1
0.291267 1
0.607891 1
0.779347 1
0.133003 1
0.0751829 1
0.202289 1
0.721626 1
0.647738 1
1.27955 1
0.763485 1
0.256615 1
0.140038 1
0.453631 1
0.154434 1
0.614433 1
3.45998 1
0.145787 1
0.164321 1
0.965134 1
0.275758 1
0.911991 1
0.814917 1
1.02725 1
1.75488 1
2.65841 1
13.2514 1
0.0847667 1
0.553602 1
3.50099 1
2.85814 1
0.112867 1
0.0220537 1
0.121137 1
0.472005 1
0.591038 1
1.39317 1
0.354603 1
1.78504 1
8.52843 1
0.259487 1
7.10345 1
10.699 1
0.687604 1
1.6653 1
0.118878 1
0.244665 1
0.118197 1
0.318099 1
0.472952 1
0.629784 1
1.67041 1
0.39673 1
1.68255 1
3.34337 1
0.645198 1
0.0689763 1
0.363384 1
4.28929 1
3.58977 1
0.182362 1
0.641528 1
0.897322 1
0.623936 1
2.0261 1
1.1909 1
0.249806 1
1.75562 1
3.88356 1
0.056565 1
0.639369 1
0.773321 1
2.18747 1
1.46874 1
0.165036 1
7.00517 1
1.1001 1
0.114491 1
0.130145 1
2.25582 1
0.726139 1
0.137246 1
1.68035 1
2.03404 1
3.16201 1
1.46494 1
0.580623 1
0.447016 1
0.383358 1
1.32953 1
5.60876 1
0.110321 1
0.484178 1
0.460301 1
2.56555 1
0.739412 1
0.442969 1
0.880876 1
0.575838 1
0.0494684 1
1.98548 1
1.84301 1
0.9427 1
2.91124 1
0.174499 1
3.04143 1
1.72419 1
0.247417 1
0.267323 1
1.49889 1
0.155795 1
0.94102 1
0.150077 1
1.16232 1
1.94598 1
1.44306 1
1.7739 1
1.04622 1
1.19516 1
2.7411 1
6.0406 1
0.317069 1
0.854431 1
1.26439 1
0.69127 1
1.4301 1
2.00939 1
0.451967 1
1.48769 1
1.35258 1
0.207132 1
0.504076 1
0.682692 1
0.293508 1
0.234476 1
0.358116 1
0.496568 1
2.20953 1
0.615592 1
7.35645 1
1.04737 1
0.924548 1
4.54248 1
0.575486 1
1.25083 1
0.329962 1
0.903273 1
0.576746 1
0.053669 1
0.528628 1
0.67137 1
1.39094 1
0.680789 1
2.92745 1
0.10503 1
0.0716553 1
1.04807 1
3.17294 1
1.78953 1
0.105361 1
0.15499 1
0.352219 1
1.24219 1
1.36412 1
0.325366 1
0.278876 1
1.86856 1
0.898134 1
5.28563 1
0.384018 1
76.5316 1
0.251949 1
1.69547 1
1.73412 1
0.489708 1
0.303554 1
0.696249 1
2.55293 1
0.786637 1
0.373332 1
0.291391 0
0.232402 0
0.132579 0
0.641048 0
0.484542 0
1.38009 0
1.5537 0
0.0878226 0
0.260847 0
0.217132 0
7.03395 0
0.152971 0
0.181557 0
0.22869 0
0.440833 0
0.744049 0
0.0856225 0
0.209273 0
0.500277 0
0.507337 0
1.70501 0
0.541055 0
0.987881 0
0.0744037 0
0.651916 0
0.198366 0
2.5079 0
0.205228 0
0.683197 0
0.439498 0
0.164278 0
0.201297 0
0.119163 0
0.76222 0
2.1426 0
0.187608 0
0.296507 0
0.300163 0
0.250922 0
0.141424 0
0.281109 0
1.34091 0
0.384791 0
0.842516 0
0.17755 0
0.0384855 0
1.45425 0
0.0609262 0
0.289999 0
0.256931 0
0.790765 0
0.200669 0
0.76294 0
0.899368 0
0.154987 0
0.0838203 0
0.182699 0
1.92503 0
0.51077 0
0.122909 0
0.632896 0
0.523042 0
0.128333 0
0.21702 0
0.165472 0
0.449481 0
0.16161 0
0.199289 0
0.388459 0
2.67374 0
0.722678 0
1.42351 0
0.246176 0
0.250539 0
0.336482 0
0.512277 0
0.623436 0
0.223787 0
0.281723 0
0.228482 0
0.618177 0
2.93931 0
1.25988 0
0.468046 0
0.770801 0
0.132664 0
0.834001 0
0.4406 0
0.298593 0
1.89877 0
0.476686 0
0.148756 0
0.152515 0
0.513919 0
1.13223 0
0.933319 0
0.211347 0
0.594857 0
0.215 0
0.47479 0
0.877129 0
0.734148 0
1.78326 0
0.15444 0
0.446068 0
0.927263 0
0.13027 0
0.50871 0
0.667992 0
0.182905 0
1.0977 0
0.302233 0
0.562178 0
1.94563 0
0.34306 0
3.56489 0
0.442377 0
1.03611 0
0.418144 0
0.437629 0
0.0681338 0
0.547699 0
0.972974 0
0.233968 0
1.65839 0
0.116328 0
0.190207 0
0.587812 0
0.172866 0
0.28105 0
1.12423 0
0.072747 0
0.167765 0
0.389476 0
0.404575 0
0.574565 0
0.175286 0
0.250919 0
0.476851 0
0.291826 0
0.663525 0
0.272536 0
0.107809 0
4.02522 0
1.55795 0
0.119723 0
1.42775 0
0.107375 0
0.152086 0
0.174043 0
0.718162 0
0.233125 0
0.95661 0
2.94136 0
0.172327 0
0.225815 0
0.0940715 0
3.52514 0
0.0930974 0
0.488146 0
0.487663 0
1.1298 0
0.528967 0
0.291873 0
0.279183 0
1.23199 0
0.391869 0
1.10169 0
0.965292 0
0.649679 0
0.222071 0
0.147709 0
0.359079 0
0.156393 0
1.0507 0
0.26164 0
1.12045 0
0.351221 0
0.28566 0
0.239276 0
2.41189 0
0.244426 0
0.132463 0
0.283004 0
0.720229 0
0.315969 0
0.134374 0
2.10222 0
0.0955827 0
0.614496 0
0.549416 0
0.665462 0
1.85291 0
0.0929709 0
1.7592 0
0.01246 0
0.17608 0
0.377893 0
0.0679009 0
7.8248 0
1.08862 0
0.88436 0
0.755005 0
2.04823 0
1.055 0
4.29774 0
0.734591 0
0.136005 0
0.486136 0
0.0923046 0
1.82891 0
0.520173 0
0.51081 0
0.129615 0
0.0232566 0
0.267518 0
0.501787 0
0.112384 0
0.258775 0
0.133556 0
0.0896882 0
0.105488 0
0.254949 0
0.169438 0
3.915 0
0.142421 0
0.0668099 0
0.166018 0
0.531856 0
1.50167 0
0.925778 0
0.309045 0
0.136401 0
0.546949 0
0.622893 0
1.01997 0
0.905728 0
0.394545 0
0.30082 0
1.11173 0
0.450247 0
0.0688511 0
0.29258 0
0.221891 0
0.349162 0
1.22705 0
0.604005 0
1.68163 0
0.266587 0
0.175858 0
0.944616 0
0.285118 0
0.929151 0
1.42701 0
0.81057 0
0.174999 0
0.108892 0
0.321226 0
0.256185 0
0.0988242 0
0.378246 0
3.12126 0
0.411757 0
0.15134 0
2.05538 0
2.84265 0
1.34144 0
2.16504 0
3.08058 0
0.356203 0
0.159954 0
0.398482 0
2.24467 0
0.949403 0
4.51232 0
1.09678 0
0.844592 0
2.17521 0
0.136416 0
0.78692 0
0.130361 0
0.2086 0
1.12842 0
0.851413 0
0.262755 0
0.342095 0
0.71029 0
0.0846571 0
0.160777 0
1.42281 0
0.475001 0
2.30271 0
0.599329 0
0.124331 0
0.206926 0
1.50535 0
0.148062 0
1.60137 0
0.138253 0
0.219974 0
0.877561 0
0.567523 0
0.423081 0
0.311405 0
0.232989 0
0.163676 0
1.03937 0
0.261162 0
0.780858 0
1.68441 0
0.31643 0
0.665272 0
2.03282 0
0.231858 0
1.2375 0
0.86294 0
0.23081 0
0.648024 0
1.4638 0
0.324529 0
0.392382 0
23.2038 0
0.920655 0
4.89992 0
0.23918 0
0.134963 0
0.23693 0
0.380453 0
0.302103 0
0.195418 0
0.896699 0
0.536718 0
1.31594 0
0.114808 0
0.320767 0
2.51102 0
2.59364 0
0.096002 0
0.257647 0
0.931208 0
4.24071 0
0.372978 0
0.40189 0
3.2648 0
0.424464 0
0.224406 0
0.231861 0
0.865311 0
0.644522 0
0.956559 0
0.282161 0
1.10786 0
0.137099 0
1.57918 0
0.286199 0
0.263614 0
0.114822 0
1.85284 0
0.258037 0
0.159242 0
2.23788 0
0.358265 0
0.447299 0
0.423401 0
0.193284 0
2.48991 0
0.580869 0
1.71655 0
0.284285 0
0.372912 0
1.02947 0
0.140134 0
0.262398 0
0.236022 0
0.225056 0
1.0571 0
0.1264 0
0.236844 0
0.253392 0
0.168138 0
0.592483 0
4.023 0
0.773462 0
0.351074 0
0.134256 0
0.379175 0
0.458694 0
0.781237 0
0.325998 0
0.249778 0
1.91675 0
0.163101 0
0.734605 0
0.458586 0
0.461407 0
0.291588 0
1.75792 0
0.855899 0
0.225213 0
5.89973 0
0.287026 0
0.434963 0
0.877333 0
0.085126 0
0.330768 0
0.110974 0
0.111174 0
0.735836 0
0.379567 0
2.35566 0
0.882343 0
0.279078 0
1.94464 0
0.568244 0
0.157336 0
0.115486 0
0.299779 0
0.122462 0
0.0980411 0
0.655997 0
0.202436 0
0.30306 0
0.0938741 0
0.358486 0
0.324126 0
0.138495 0
1.68829 0
2.02389 0
9.45893 0
0.225614 0
0.4324 0
0.419134 0
0.510141 0
0.265854 0
0.192524 0
0.128401 0
0.13704 0
0.321281 0
0.214473 0
0.0432253 0
0.243383 0
0.6865 0
0.138628 0
0.396421 0
0.103187 0
3.36091 0
0.569507 0
2.61198 0
0.727909 0
0.136021 0
0.560111 0
0.481021 0
3.15644 0
0.259829 0
0.149267 0
1.51386 0
0.350844 0
0.351387 0
2.12462 0
1.21784 0
0.166306 0
0.161045 0
0.362684 0
0.249803 0
0.619991 0
0.242892 0
1.47859 0
0.209727 0
0.107238 0
0.194582 0
0.2896 0
0.0862208 0
1.16004 0
0.716024 0
0.183612 0
0.171634 0
1.75461 0
0.884601 0
0.25017 0
0.0907811 0
0.350608 0
1.30506 0
0.576769 0
0.314397 0
0.848849 0
0.533306 0
0.214763 0
0.141127 0
4.12261 0
0.652282 0
1.2159 0
0.334697 0
1.28996 0
0.641166 0
0.138248 0
0.445343 0
0.0321752 0
0.745418 0
0.173898 0
0.296712 0
0.818379 0
0.507018 0
4.62604 0
0.170509 0
0.153837 0
0.256313 0
0.223807 0
0.186705 0
0.0129214 0
7.10876 0
0.502282 0
0.186193 0
0.558141 0
0.0973241 0
0.464424 0
0.86885 0
0.199853 0
1.49196 0
0.0344972 0
0.166438 0
0.193266 0
0.593562 0
0.815439 0
0.394719 0
4.35044 0
2.58743 0
0.0920546 0
0.459454 0
1.16713 0
0.684557 0
0.980662 0
0.420595 0
1.22678 0
0.979666 0
0.303413 0
0.207391 0
0.109824 0
0.594068 0
0.100132 0
0.039378 0
2.01968 0
0.100856 0
0.52665 0
2.37208 0
0.28259 0
0.157574 0
0.275386 0
0.575588 0
0.384425 0
0.512287 0
0.527466 0
1.00501 0
0.15939 0
0.732087 0
2.93349 0
0.715203 0
0.513088 0
0.0895797 0
0.235262 0
0.127516 0
0.513484 0
0.280837 0
0.310717 0
0.473818 0
2.10411 0
1.63493 0
0.14811 0
0.997643 0
0.959808 0
0.051409 0
0.0189805 0
0.663223 0
1.00024 0
1.31285 0
0.0121806 0
0.127362 0
0.892937 0
0.10994 0
0.11327 0
0.429822 0
0.395585 0
0.752848 0
1.70414 0
1.09358 0
0.946112 0
0.415337 0
0.34004 0
0.17957 0
0.359228 0
0.446167 0
1.14272 0
0.810313 0
0.214344 0
0.951974 0
0.179689 0
0.236907 0
0.286822 0
0.94362 0
0.358606 0
2.33332 0
1.95664 0
0.206469 0
1.55813 0
1.65215 0
0.489659 0
0.14417 0
0.181262 0
2.22093 0
1.01009 0
0.136332 0
0.277273 0
1.51871 0
1.43868 0
0.202037 0
0.365546 0
0.592692 0
0.376398 0
1.00452 0
0.250961 0
0.19304 0
2.90024 0
0.649879 0
0.0990254 0
0.661111 0
0.245701 0
0.0477276 0
0.847639 0
2.85262 0
0.162421 0
0.140288 0
0.120471 0
0.311022 0
0.382695 0
1.2775 0
0.106921 0
0.237334 0
0.100665 0
0.172806 0
1.2585 0
0.36178 0
0.0871812 0
0.261971 0
0.192036 0
0.465983 0
0.145775 0
0.117051 0
0.118437 0
1.90439 0
3.49111 0
0.38379 0
3.17565 0
0.0394845 0
0.685194 0
1.26417 0
1.05719 0
1.53282 0
0.293623 0
0.987024 0
0.855931 0
2.81472 0
0.17924 0
1.17875 0
0.969501 0
0.621515 0
0.638796 0
0.127516 0
0.166409 0
1.11483 0
0.243047 0
1.26806 0
0.346208 0
0.283424 0
0.349188 0
1.57102 0
0.928413 0
2.31359 0
3.29274 0
0.18301 0
0.360464 0
0.143431 0
0.492911 0
0.548058 0
0.298548 0
0.788761 0
0.466354 0
1.8768 0
1.46304 0
0.341802 0
0.366087 0
0.535304 0
0.323728 0
2.51872 0
0.210067 0
0.625766 0
0.191338 0
0.0741934 0
0.107992 0
0.151524 0
0.213925 0
1.45102 0
0.176672 0
0.313015 0
1.97927 0
0.282073 0
0.42291 0
1.28987 0
1.38302 0
6.03949 0
0.141353 0
0.680871 0
0.365996 0
0.590162 0
0.18181 0
3.62799 0
1.3822 0
1.04341 0
0.199159 0
1.58181 0
1.93764 0
3.21276 0
0.68324 0
0.390777 0
0.0450658 0
0.224652 0
0.155827 0
0.670133 0
0.389187 0
0.471235 0
0.648358 0
1.17499 0
1.05434 0
2.28822 0
7.60858 0
0.201098 0
0.501876 0
3.18822 0
0.85544 0
0.178433 0
0.159983 0
0.0456446 0
0.377552 0
1.99181 0
0.523028 0
0.442581 0
0.156305 0
1.1036 0
2.95514 0
0.0878638 0
0.596579 0
0.0563741 0
0.635714 0
0.490945 0
0.272161 0
4.55527 0
0.388326 0
0.232296 0
0.207481 0
0.462046 0
0.086692 0
0.116524 0
1.19319 0
1.76847 0
0.0820578 0
0.296717 0
0.593971 0
0.118514 0
0.124188 0
0.34689 0
0.221949 0
3.26511 0
0.105026 0
0.33523 0
1.3271 0
0.492871 0
0.14488 0
0.328148 0
1.05995 0
0.0399449 0
0.74993 0
0.338763 0
2.60784 0
0.112545 0
1.21034 0
0.0957216 0
11.7729 0
2.92871 0
0.417295 0
0.269635 0
0.197708 0
1.08556 0
0.635998 0
1.47743 0
1.61663 0
0.103612 0
0.184906 0
0.105603 0
0.186734 0
0.199912 0
1.07652 0
6.28897 0
0.676084 0
0.917062 0
0.152189 0
0.313382 0
0.0350121 0
0.61243 0
0.345606 0
0.630445 0
1.85141 0
0.273209 0
1.10715 0
0.950793 0
2.08332 0
0.226777 0
0.175376 0
2.3031 0
3.83496 0
3.4483 0
1.58466 0
5.89699 0
0.243066 0
0.927999 0
0.484895 0
4.61725 0
0.200092 0
0.16489 0
0.304129 0
0.187133 0
0.174244 0
1.93109 0
0.186067 0
2.5263 0
2.42564 0
0.251583 0
0.321511 0
3.56394 0
0.596972 0
0.556559 0
0.137238 0
0.139163 0
1.59149 0
0.336714 0
0.219589 0
0.147926 0
0.232149 0
0.31157 0
0.270112 0
0.101966 0
0.629054 0
0.028723 0
1.96082 0
0.998542 0
0.0450931 0
0.325432 0
0.0137424 0
0.28504 0
0.80072 0
0.721544 0
0.196973 0
0.125883 0
1.59933 0
0.131286 0
1.34481 0
0.541216 0
0.796425 0
1.13634 0
2.9131 0
0.267159 0
0.295152 0
0.0501257 0
0.119746 0
0.041801 0
1.54755 0
0.125078 0
0.676145 0
0.942133 0
0.108926 0
0.198838 0
0.135016 0
0.493058 0
0.202969 0
3.36071 0
0.0431336 0
0.702614 0
0.460199 0
0.278386 0
0.331661 0
1.01794 0
1.18085 0
1.64009 0
0.194022 0
0.178025 0
1.6892 0
1.88854 0
0.173086 0
0.242426 0
2.29672 0
0.653665 0
1.20789 0
1.21346 0
0.570069 0
1.7816 0
0.560768 0
3.06949 0
2.20056 0
0.815059 0
0.681555 0
1.00412 0
1.97175 0
0.243469 0
0.0928432 0
0.955513 0
0.289185 0
2.02792 0
1.16811 0
1.79983 0
2.42292 0
0.253333 0
0.333505 0
2.15466 0
0.535287 0
0.133096 0
0.684278 0
0.199492 0
0.489015 0
0.206545 0
0.304428 0
0.50234 0
0.39426 0
0.186037 0
0.0955321 0
0.293771 0
2.71334 0
0.346583 0
1.35674 0
0.966304 0
0.165907 0
1.3798 0
0.364465 0
0.310585 0
0.12812 0
1.20237 0
0.0991765 0
0.100065 0
1.57421 0
0.927677 0
0.441361 0
0.248644 0
1.77183 0
0.460762 0
0.445692 0
0.760378 0
0.662922 0
0.580171 0
1.23444 0
0.748022 0
0.602516 0
0.32359 0
0.611436 0
3.62566 0
0.20803 0
0.0976472 0
0.344217 0
0.804045 0
0.105799 0
0.229674 0
0.308981 0
0.517023 0
0.205059 0
0.20161 0
1.02949 0
12.0153 0
0.275659 0
0.329527 0
0.495919 0
0.170711 0
0.205961 0
1.84578 0
0.224948 0
0.165227 0
0.268251 0
0.195022 0
0.121558 0
0.250968 0
1.40965 0
1.9583 0
0.51583 0
1.27251 0
0.215364 0
0.156905 0
0.400917 0
0.345976 0
0.648257 0
0.796646 0
11.925 0
0.197042 0
0.369207 0
0.978742 0
0.138076 0
0.0375262 0
0.954965 0
0.261284 0
0.305174 0
0.531548 0
0.165331 0
4.04969 0
0.623596 0
3.98592 0
0.800869 0
0.123453 0
0.0316755 0
0.254452 0
0.238273 0
0.886764 0
0.232038 0
0.123999 0
1.0584 0
0.0990427 0
0.265273 0
0.938447 0
0.86827 0
0.192025 0
0.532164 0
0.118969 0
1.57827 0
0.0709953 0
0.785864 0
1.10315 0
0.0392529 0
0.579833 0
0.532449 0
0.590743 0
1.76563 0
0.0911169 0
0.18169 0
0.208602 0
0.832205 0
0.445101 0
3.49836 0
0.391412 0
1.4685 0
0.355322 0
0.921517 0
1.91666 0
0.394439 0
0.0968715 0
1.98401 0
0.386507 0
0.0509077 0
0.184267 0
1.8113 0
1.94683 0
0.221309 0
0.143265 0
0.0856156 0
0.147028 0
0.186351 0
0.537933 0
0.163248 0
0.451392 0
2.51636 0
0.320456 0
0.286917 0
0.319967 0
1.83463 0
0.740818 0
0.930341 0
0 0
0.211878 0
2.45054 0
0.471221 0
0.723689 0
0.521575 0
1.44888 0
0.757866 0
0.289995 0
0.673577 0
0.474972 0
0.139708 0
0.496922 0
0.201229 0
2.36142 0
3.16888 0
1.1849 0
0.0281824 0
0.0728241 0
0.143897 0
0.214926 0
0.485794 0
4.90428 0
1.15749 0
0.21476 0
0.223624 0
0.153418 0
0.286755 0
0.132511 0
