1.00306 1
0.476819 1
0.657473 1
0.670004 1
1.42991 1
0.609789 1
0.438596 1
2.97584 1
1.94023 1
0.196006 1
1.36408 1
1.27926 1
1.52728 1
0.198776 1
0.22306 1
5.16753 1
1.40621 1
1.56476 1
0.0939399 1
0.830601 1
0.161051 1
1.28556 1
0.716137 1
0.696944 1
1.20536 1
0.229583 1
0.642316 1
2.4828 1
0.528686 1
3.7776 1
1.28351 1
0.979446 1
0.557273 1
1.89605 1
2.5991 1
0.0786284 1
0.0899096 1
0.422995 1
0.43516 1
0.942098 1
0.260247 1
0.788157 1
0.677628 1
1.75444 1
0.178985 1
1.67941 1
1.07147 1
2.43848 1
1.59826 1
0.324059 1
0.149099 1
1.68027 1
0.519305 1
0.131249 1
1.07438 1
0.27762 1
6.84008 1
0.628527 1
0.765964 1
0.136089 1
0.23475 1
0.921146 1
0.117489 1
3.56587 1
0.764032 1
1.99237 1
0.447053 1
1.93307 1
1.60243 1
4.0568 1
2.95772 1
0.508934 1
2.01559 1
3.78654 1
1.80307 1
0.537686 1
1.25283 1
0.582076 1
4.27275 1
0.313788 1
0.152506 1
0.616144 1
0.221285 1
0.199134 1
0.807136 1
0.680673 1
0.479613 1
1.17055 1
2.74042 1
0.247147 1
0.916064 1
2.51279 1
0.926792 1
0.345962 1
1.1828 1
1.36668 1
2.84114 1
0.121918 1
0.707999 1
0.585953 1
0.379371 1
0.0620145 1
1.1581 1
2.26862 1
0.360464 1
0.25023 1
1.37661 1
0.322563 1
1.89209 1
0.0759986 1
3.27802 1
2.19743 1
1.17596 1
0.1572 1
0.645678 1
0.927336 1
0.807241 1
1.36915 1
2.58181 1
1.49056 1
1.95849 1
2.94191 1
0.509253 1
0.09127 1
1.48082 1
2.96638 1
0.765852 1
0.255906 1
0.397621 1
1.75183 1
0.718432 1
0.430956 1
2.29086 1
1.17013 1
2.96202 1
1.73191 1
1.13102 1
3.66751 1
0.823703 1
0.452843 1
0.0893738 1
0.789922 1
1.44191 1
0.248536 1
0.182227 1
0.219528 1
0.738836 1
0.908753 1
2.39632 1
0.163057 1
4.35465 1
5.42273 1
0.726663 1
2.00747 1
0.213786 1
2.18321 1
0.364085 1
0.191371 1
0.517383 1
0.143226 1
2.82259 1
0.741879 1
0.571354 1
5.27646 1
0.134258 1
0.242778 1
0.498419 1
1.64703 1
1.42063 1
3.21221 1
0.125722 1
1.1452 1
0.549308 1
0.199825 1
2.03915 1
1.19049 1
0.69976 1
0.179823 1
2.08005 1
0.46499 1
3.745 1
1.67132 1
0.961149 1
1.59773 1
0.870745 1
8.44547 1
2.49021 1
1.78746 1
0.959809 1
0.26172 1
1.59599 1
0.249211 1
0.867698 1
1.77279 1
0.234186 1
189.478 1
0.365992 1
0.967297 1
0.925387 1
3.41719 1
0.416121 1
1.66315 1
2.74434 1
2.00741 1
3.53728 1
0.180311 1
0.277139 1
0.97437 1
0.596129 1
0.886932 1
1.12262 1
0.893154 1
0.913098 1
0.40054 1
0.338047 1
0.218033 1
2.2045 1
0.712583 1
0.661361 1
0.156202 1
0.429853 1
0.666044 1
0.203381 1
0.690846 1
0.490503 1
3.22518 1
1.08331 1
0.295771 1
2.72878 1
0.18316 1
2.91178 1
1.77701 1
4.25414 1
2.14186 1
0.249274 1
0.812081 1
1.63942 1
3.24961 1
3.32272 1
2.33469 1
0.57426 1
1.28044 1
3.61392 1
2.01124 1
1.02972 1
0.135056 1
1.27022 1
2.71038 1
0.607012 1
0.979115 1
0.450382 1
0.415362 1
2.37735 1
0.413469 1
176.521 1
0.144443 1
4.55456 1
0.351583 1
0.968878 1
2.38917 1
1.37191 1
0.733715 1
0.244243 1
1.38575 1
0.22289 1
2.52343 1
0.0609844 1
3.19668 1
2.14379 1
183.626 1
0.234962 1
3.17597 1
1.36744 1
1.95833 1
0.38768 1
1.35021 1
1.68597 1
13.5869 1
3.66619 1
2.6708 1
0.160665 1
1.34141 1
0.604394 1
0.0929862 1
1.04909 1
6.99968 1
2.94615 1
0.426573 1
0.24499 1
1.23751 1
0.16957 1
1.06093 1
0.357915 1
0.33457 1
3.69367 1
0.836482 1
1.96269 1
1.69958 1
1.64601 1
3.46253 1
1.63944 1
3.05561 1
0.992846 1
22.5567 1
0.113033 1
0.480018 1
0.711774 1
1.68629 1
1.56509 1
209.52 1
0.659026 1
1.23288 1
5.33761 1
0.492866 1
0.160806 1
1.4581 1
4.70513 1
1.61668 1
0.163279 1
0.13337 1
0.247458 1
3.16738 1
0.453414 1
1.21459 1
0.404111 1
1.02096 1
2.13448 1
1.64867 1
0.937871 1
1.38645 1
0.206678 1
1.90599 1
0.919298 1
190.809 1
0.889209 1
1.84532 1
1.93227 1
2.47722 1
0.817529 1
4.06092 1
0.182431 1
0.98542 1
2.28284 1
1.64916 1
0.674765 1
0.982122 1
2.94686 1
0.0989267 1
2.48817 1
0.990016 1
2.26596 1
0.198712 1
0.551461 1
0.997876 1
1.45669 1
0.845653 1
0.279488 1
1.8219 1
0.88092 1
2.98313 1
2.19913 1
0.786854 1
4.81291 1
0.805802 1
0.120446 1
1.9274 1
2.79639 1
0.679627 1
0.64056 1
2.92526 1
1.21285 1
1.41901 1
0.160155 1
0.187371 1
1.28993 1
2.41155 1
1.02082 1
0.471507 1
0.515881 1
0.648008 1
1.65111 1
0.529418 1
3.1547 1
0.768117 1
0.429728 1
0.298707 1
0.773231 1
0.239453 1
0.418434 1
0.575547 1
0.896025 1
0.109821 1
2.95933 1
0.699106 1
0.909388 1
0.45552 1
0.801721 1
1.34554 1
0.0598742 1
0.795611 1
0.895407 1
3.45277 1
0.188091 1
0.248702 1
0.952962 1
0.735942 1
0 1
1.54845 1
2.04288 1
1.14759 1
0.696063 1
0.192399 1
0.330721 1
2.60214 1
1.65986 1
2.11406 1
1.45268 1
0.49761 1
20.6468 1
1.56013 1
0.960572 1
0.811005 1
0.489455 1
0.630562 1
2.29944 1
0.13409 1
2.3094 1
0.507273 1
0.0730492 1
1.0874 1
1.54455 1
1.95757 1
0.576634 1
1.7033 1
4.11544 1
1.90121 1
6.17292 1
0.375741 1
0.524824 1
2.05954 1
2.99734 1
0.351575 1
0.237478 1
2.46205 1
4.60261 1
1.92983 1
0.307294 1
0.759147 1
0.136569 1
1.33613 1
1.28908 1
3.46978 1
0.384762 1
9.95085 1
3.04526 1
0.104029 1
1.83586 1
1.41536 1
0.151275 1
0.35165 1
0.179132 1
0.508358 1
0.484703 1
3.68627 1
0.0437276 1
0.0897847 1
0.184806 1
1.03552 1
1.01762 1
0.331255 1
2.55737 1
0.344577 1
0.445334 1
0.240822 1
3.51785 1
0.188327 1
0.278579 1
1.59437 1
1.77943 1
0.360063 1
0.280047 1
0.163405 1
0.169412 1
0.838407 1
2.04102 1
0.504315 1
2.25193 1
0.789538 1
2.88665 1
30.5692 1
2.01056 1
1.16974 1
2.92727 1
2.05621 1
1.3773 1
1.66191 1
0.516589 1
0.287086 1
0.359856 1
0.365461 1
3.68569 1
0.366881 1
0.653278 1
0.0247112 1
1.74951 1
0.325033 1
1.44458 1
0.643335 1
0.228106 1
0.260076 1
0.142456 1
3.14813 1
0.319876 1
0.453065 1
0.183928 1
1.12676 1
0.565144 1
0.993675 1
1.05975 1
1.36096 1
0.619571 1
0.0743211 1
6.44738 1
0.188262 1
1.97999 1
0.288817 1
0.563241 1
2.36366 1
0.416354 1
1.33043 1
1.78773 1
1.10342 1
0.756577 1
4.40055 1
0.75217 1
2.05625 1
0.223369 1
0.320893 1
0.0390304 1
0.673298 1
76.4218 1
0.466717 1
1.44007 1
2.03625 1
0.802758 1
1.28511 1
2.89079 1
2.02715 1
1.42242 1
0.0766933 1
2.40676 1
0.96066 1
1.38788 1
0.739024 1
0.426722 1
0.244832 1
1.06952 1
1.86016 1
1.09356 1
1.06075 1
1.24468 1
0.201371 1
1.70663 1
0.0842474 1
2.25559 1
1.98563 1
1.76409 1
0.656848 1
1.79866 1
0.327011 1
0.337436 1
1.4467 1
2.33644 1
0.514958 1
0.466535 1
0.435278 1
0.177995 1
0.995025 1
0.24 1
4.1876 1
0.355305 1
3.68151 1
0.110221 1
0.988639 1
0.714432 1
0.548603 1
2.27169 1
0.883064 1
0.392839 1
1.96466 1
4.59731 1
4.57353 1
1.69342 1
0.368505 1
0.399125 1
0.413777 1
3.60862 1
2.8566 1
1.54917 1
0.262351 1
1.31041 1
0.16248 1
2.78531 1
0.15244 1
0.111989 1
1.58857 1
2.82294 1
0.521276 1
2.14157 1
1.1486 1
192.19 1
0.382462 1
0.141935 1
0.422543 1
0.368959 1
0.779184 1
0.885059 1
0.330957 1
0.273376 1
2.94574 1
0.263057 1
0.992977 1
0.826297 1
0.917418 1
0.0935681 1
0.123694 1
2.15471 1
1.06796 1
0.173978 1
1.05107 1
0.218502 1
0.0432547 1
0.0595452 1
0.455072 1
0.109266 1
9.19973 1
1.46302 1
2.2778 1
2.23495 1
0.99363 1
0.238315 1
3.01805 1
1.10505 1
0.760612 1
0.443226 1
0.719633 1
0.107456 1
1.39786 1
0.0760638 1
0.185495 1
2.71548 1
0.525554 1
0.22114 1
0.489401 1
1.46298 1
1.9938 1
0.545741 1
0.112644 1
1.49209 1
5.47228 1
0.641857 1
5.16308 1
0.6146 1
0.505315 1
3.45446 1
0.309857 1
0.958607 1
0.430879 1
2.17602 1
0.435483 1
0.68809 1
0.961498 1
1.75383 1
1.24128 1
1.78556 1
1.38913 1
0.137853 1
1.92611 1
0.742534 1
0.693588 1
0.886603 1
0.16034 1
0.640259 1
0.318114 1
1.72546 1
0.0938811 1
0.94016 1
0.258209 1
0.686662 1
0.35611 1
1.44234 1
1.14704 1
0.25707 1
1.41224 1
2.71785 1
0.651001 1
0.516289 1
0.4696 1
0.60719 1
0.57836 1
0.744427 1
3.78958 1
0.429164 1
1.82816 1
0.0720254 1
2.65357 1
1.6021 1
1.94283 1
1.64578 1
0.187815 1
0.297601 1
2.4239 1
0.361114 1
9.19218 1
0.838357 1
1.43897 1
1.11086 1
1.24477 1
11.1076 1
0.0463847 1
0.353017 1
1.51049 1
6.04364 1
0.179371 1
0.171224 1
0.251015 1
0.479937 1
0.442112 1
4.51135 1
2.25372 1
0.847049 1
0.559379 1
0.203938 1
2.18774 1
0.388051 1
4.60723 1
1.51014 1
0.167036 1
1.72447 1
0.349463 1
1.32455 1
2.37447 1
0.577543 1
0.480767 1
0.206379 1
0.115723 1
0.159419 1
0.128562 1
1.24307 1
5.3256 1
0.753973 1
0.519243 1
0.30665 1
0.232171 1
0.788946 1
1.24302 1
1.32246 1
1.48088 1
2.47373 1
0.237978 1
1.15411 1
0.611363 1
0.368509 1
1.96633 1
0.461657 1
0.317256 1
1.44976 1
0.840073 1
4.7679 1
1.93074 1
0.56979 1
9.54216 1
0.81143 1
1.35159 1
0.641904 1
0.176026 1
0.581011 1
7.56985 1
1.0967 1
0.479695 1
0.194707 1
0.218266 1
0.77023 1
0.503066 1
6.73109 1
1.28536 1
0.76414 1
0.0864416 1
0.297801 1
0.349995 1
0.55516 1
2.72277 1
0.793543 1
0.66549 1
0.859486 1
0.0455046 1
2.27001 1
0.742394 1
3.57764 1
1.12516 1
0.215268 1
1.25477 1
0.229998 1
0.564798 1
0.818601 1
0.347515 1
1.08885 1
0.285823 1
2.13135 1
0.0587538 1
0.284241 1
0.989069 1
1.02363 1
1.26596 1
0.11792 1
1.3808 1
0.699579 1
0.619786 1
1.98845 1
2.67041 1
0.164941 1
0.859196 1
1.90602 1
1.10452 1
3.4833 1
1.86662 1
1.06722 1
1.05055 1
0.17704 1
3.89091 1
0.968072 1
0.370158 1
3.14829 1
1.66327 1
1.13436 1
0.946433 1
0.775252 1
1.87519 1
1.50805 1
0.850169 1
0.878748 1
0.354983 1
0.516101 1
0.174358 1
0.162475 1
0.182973 1
0.179952 1
2.51843 1
0.312326 1
0.180175 1
3.04135 1
0.421861 1
1.17346 1
3.11782 1
0.428079 1
2.29532 1
4.80863 1
0.623673 1
0.375957 1
0.300014 1
0.889994 1
0.124929 1
0.258296 1
0.291701 1
0.584796 1
0.229274 1
0.321211 1
2.34203 1
0.456359 1
0.0933299 1
1.00414 1
2.27227 1
0.0826631 1
0.390263 1
0.482334 1
1.70934 1
4.61862 1
0.674801 1
1.41788 1
0.208781 1
0.799825 1
1.44837 1
1.21314 1
0.663711 1
2.81927 1
1.14696 1
0.40215 1
1.46406 1
0.159004 1
0.413234 1
2.54866 1
0.614362 1
2.10335 1
1.02352 1
3.54483 1
0.27369 1
1.84996 1
1.20062 1
0.586148 1
0.374372 1
0.188403 1
1.17126 1
0.645269 1
0.567839 1
1.46226 1
0.266005 1
0.547118 1
3.46757 1
0.296313 1
2.08116 1
1.08833 1
2.11462 1
0.268641 1
2.20832 1
1.38732 1
0.65329 1
0.288004 1
0.640465 1
3.21263 1
1.33013 1
0.915492 1
0.150345 1
2.16807 1
0.937854 1
1.46695 1
0.658242 1
0 1
0.372562 1
1.47857 1
2.49535 1
0.663446 1
0.0926351 1
1.20144 1
1.1462 1
1.55866 1
2.51003 1
1.80384 1
0.169401 1
1.00121 1
0.244128 1
1.5326 1
0.130498 1
0.13383 1
0.856571 1
1.06948 1
0.500036 1
2.93143 1
0.281524 1
0.100023 1
1.58961 1
1.51654 1
1.28731 1
0.234283 1
0.657976 1
1.89669 1
1.61977 1
2.16927 1
0.881926 1
0.957446 1
1.96969 1
0.177634 1
1.65027 1
0.664453 1
0.430633 1
0.564749 1
0.922237 1
0.769002 1
1.64008 1
1.4234 1
0.219448 1
0.276665 1
5.83074 1
0.214142 1
0.518138 1
1.35142 1
0.852028 1
0.193116 1
3.74138 1
0.175337 1
2.96456 1
0.696292 1
0.305831 1
0.529147 1
0.145251 1
1.05236 1
3.57135 1
4.53188 1
0.153976 1
5.90596 1
0.277355 1
2.82737 1
0.781817 1
0.07293 1
0.117558 1
0.0958586 1
0.277586 1
0.15875 1
0.951152 1
0.839706 1
0.802273 1
0.606494 1
0.210147 1
0.828637 1
0.48274 1
0.674448 1
1.6934 1
0.321676 1
0.166241 1
1.12043 1
0.295194 1
2.62195 1
0.177771 1
0.402076 1
1.00111 1
0.369799 1
0.96289 1
0.209785 1
1.71876 1
0.0788229 1
0.161075 1
0.429067 1
0.150704 1
1.85913 1
0.808388 1
0.675154 1
0.167105 1
0.118528 1
0.435789 1
3.11894 1
0.958738 1
0.150668 1
1.85945 1
1.01829 1
0.342851 1
1.93115 1
0.590242 1
0.602064 1
2.28471 1
0.566889 1
1.56959 1
14.7487 1
5.27112 1
0.538753 1
0.19173 1
2.74107 1
0.186378 1
0.242918 1
0.795214 1
0.031315 1
0.0229732 1
2.38979 1
0.969874 1
0.163346 1
1.26467 1
0.384304 1
0.574153 1
1.04136 1
8.07962 1
0.76598 1
1.56059 1
0.258786 1
0.298503 1
1.7147 1
0.256938 1
0.401509 1
0.675161 1
2.77162 1
6.78752 1
4.96419 1
1.5872 1
0.186129 1
2.41733 1
1.25407 1
0.689542 1
22.5163 1
0.23061 1
0.578953 1
1.33584 1
2.92626 1
11.0442 1
2.22283 1
0.0822278 1
1.54064 1
0.900949 1
0.242589 1
1.08061 1
1.71621 1
0.375276 1
0.523269 1
0.451528 1
3.70035 1
1.17556 1
0.5678 1
0.334951 1
2.46796 1
1.52289 1
1.31085 1
0.77623 1
0.736946 1
0.488505 1
1.76953 1
1.44139 1
1.14328 1
1.32833 1
3.38631 1
1.50103 1
0.210056 1
0.108464 0
0.457137 0
2.11193 0
0.0341885 0
3.13852 0
0.13663 0
0.148827 0
2.10301 0
0.148427 0
1.31146 0
0.350696 0
0.0958565 0
0.0140952 0
0.193859 0
0.0545139 0
0.184066 0
0.448474 0
0.266633 0
1.1589 0
0.257941 0
0.607999 0
1.10475 0
0.314567 0
0.56584 0
0.122824 0
1.61742 0
0.103247 0
0.274558 0
0.331236 0
0.553144 0
0.158435 0
0.131007 0
1.17922 0
0.898299 0
0.442988 0
0.68418 0
0.191064 0
0.190976 0
0.320856 0
0.983789 0
0.184586 0
0.564149 0
2.44404 0
0.161279 0
1.12768 0
0.147816 0
0.550989 0
0.87491 0
0.386044 0
0.303954 0
1.11631 0
0.717616 0
1.47515 0
0.353794 0
0.666649 0
1.59178 0
2.01152 0
0.953922 0
0.0839014 0
0.906147 0
0.641464 0
0.0937631 0
0.423368 0
0.9425 0
0.485491 0
0.0941549 0
1.70321 0
0.0544332 0
0.363313 0
0.0684208 0
1.30828 0
0.085301 0
0.236106 0
0.120181 0
0.143814 0
1.01486 0
3.01139 0
0.0867633 0
0.254929 0
1.33193 0
0.791941 0
0.213717 0
0.593458 0
1.38982 0
1.23891 0
0.546016 0
2.26775 0
2.90295 0
0.522721 0
1.54922 0
0.331834 0
0.803941 0
0.275844 0
0.723556 0
1.33624 0
0.316439 0
0.432588 0
3.01133 0
0.500067 0
0.228099 0
0.144531 0
0.0766475 0
0.0935084 0
178.731 0
0.262697 0
0.0877387 0
0.249159 0
0.508586 0
0.531104 0
0.236309 0
0.108984 0
0.627374 0
0.285781 0
0.703493 0
1.40119 0
0.797338 0
0.146358 0
0.413746 0
0.335436 0
0.609105 0
0.155817 0
0.235713 0
0.113173 0
0.854411 0
0.0710176 0
0.355666 0
0.751417 0
0.129516 0
0.77549 0
0.279337 0
3.299 0
0.0593673 0
0.589319 0
0.235671 0
0.749693 0
0.818603 0
0.170509 0
0.851886 0
2.52272 0
0.244346 0
0.133871 0
0.171536 0
1.35341 0
0.0840787 0
1.04952 0
0.00667266 0
1.52163 0
0.499118 0
0.456514 0
0.410126 0
0.829909 0
1.1442 0
1.83251 0
0.185728 0
0.115243 0
0.158297 0
1.6393 0
0.277832 0
0.546631 0
1.21185 0
1.56533 0
0.111518 0
0.364266 0
0.755732 0
3.07056 0
0.144146 0
2.28428 0
1.74514 0
0.835514 0
0.690195 0
0.458181 0
0.668802 0
1.80647 0
0.889962 0
0.220626 0
0.159765 0
1.29365 0
0.198068 0
0.838105 0
0.106632 0
1.58592 0
5.06411 0
3.09122 0
0.390136 0
0.412591 0
0.705115 0
1.48624 0
0.465558 0
0.358718 0
1.00149 0
0.19128 0
0.139532 0
0.0973535 0
0.227058 0
0.523773 0
1.86176 0
0.149629 0
1.00965 0
1.27022 0
0.39407 0
0.116518 0
0.321589 0
0.223776 0
0.157912 0
0.076125 0
1.5708 0
0.133195 0
0.167942 0
0.248044 0
0.420064 0
0.389436 0
0.329587 0
0.449301 0
0.250424 0
2.27227 0
0.119786 0
0.336397 0
1.58194 0
0.577613 0
0.484311 0
0.498945 0
0.535179 0
0.409787 0
1.2132 0
0.204025 0
0.373403 0
5.02497 0
0.253858 0
1.52678 0
1.26751 0
0.260468 0
0.376204 0
0.403705 0
0.30634 0
0.313317 0
0.255288 0
0.129665 0
0.212049 0
1.5159 0
0.203896 0
0.498844 0
1.51743 0
0.943367 0
0.343952 0
0.545363 0
0.339987 0
3.0679 0
0.124188 0
0.731899 0
0.611796 0
0.171361 0
0.219373 0
1.15993 0
1.0797 0
2.37236 0
1.33908 0
0.188868 0
2.06077 0
0.915754 0
0.227916 0
0.432907 0
1.07415 0
1.06587 0
0.847341 0
0.255056 0
1.0992 0
0.171889 0
1.22639 0
0.611106 0
0.178368 0
0.98452 0
0.0511017 0
0.655626 0
0.400474 0
0.0197255 0
0.37798 0
1.51128 0
2.14869 0
0.035127 0
0.466118 0
0.825885 0
0.564437 0
5.22965 0
1.52249 0
0.708407 0
2.1186 0
0.358871 0
0.262225 0
0.187912 0
2.05155 0
0.42285 0
0.104085 0
0.174455 0
1.05918 0
0.798727 0
0.157522 0
0.243847 0
0.929741 0
0.942358 0
1.96947 0
0.280389 0
1.40396 0
2.47375 0
0.416229 0
0.128896 0
2.49452 0
0.264977 0
0.172616 0
0.698302 0
0.36506 0
0.199709 0
0.51697 0
0.199857 0
0.573391 0
0.679478 0
0.140352 0
0.209471 0
91.9151 0
1.04458 0
0.682737 0
3.32569 0
0.822277 0
0.171391 0
0.234268 0
0.66536 0
0.0950376 0
0.423713 0
0.349938 0
3.77925 0
0.211056 0
0.298063 0
0.661005 0
1.30518 0
0.279132 0
0.21979 0
0.855171 0
0.49799 0
0.0655222 0
0.526864 0
0.0645315 0
0.278644 0
0.350026 0
0.15885 0
0.594087 0
2.77211 0
0.242186 0
0.0842214 0
3.72167 0
0.331293 0
0.530004 0
0.209209 0
0.207172 0
0.394348 0
0.393956 0
0.566245 0
0.197842 0
0.712314 0
0.231321 0
3.49812 0
0.196964 0
0.314502 0
0.292314 0
3.78162 0
1.18336 0
1.10156 0
3.92429 0
0.238399 0
0.165605 0
0.132094 0
1.78754 0
0.184894 0
29.1617 0
1.41276 0
0.333715 0
0.448862 0
0.172034 0
0.232739 0
0.609526 0
0.125772 0
1.34564 0
1.78713 0
0.128256 0
0.26563 0
0.910746 0
0.0789077 0
0.158121 0
0.252849 0
0.293034 0
0.210907 0
0.733119 0
4.49801 0
0.316108 0
0.118408 0
0.081404 0
1.69465 0
0.462837 0
0.650298 0
0.389128 0
0.297446 0
0.675505 0
2.19387 0
0.267212 0
1.64819 0
0.139022 0
0.136146 0
0.59934 0
0.584094 0
0.17784 0
0.162437 0
1.50256 0
0.0557907 0
0.933162 0
0.254917 0
0.0946998 0
0.746556 0
3.33178 0
0.541967 0
0.0853763 0
3.83602 0
0.0934086 0
0.301905 0
0.136294 0
0.0468108 0
2.28576 0
0.690153 0
0.156135 0
1.19526 0
0.0240102 0
1.15024 0
0.302061 0
0.258403 0
0.654159 0
0.131255 0
0.562357 0
0.208746 0
0.673272 0
2.65223 0
1.86591 0
0.124987 0
0.730959 0
0.415246 0
2.71267 0
0.0743653 0
0.168162 0
0.454944 0
0.31645 0
0 0
1.74034 0
1.81068 0
0.0924259 0
0.0733904 0
0.812236 0
0.910734 0
2.03992 0
0.331897 0
0.98218 0
3.25557 0
1.98484 0
0.272437 0
0.178877 0
3.76931 0
0.194576 0
0.672193 0
0.0933464 0
0.12366 0
1.21442 0
0.216454 0
0.494026 0
0.192451 0
0.0508261 0
2.51542 0
0.145258 0
0.0954773 0
1.98754 0
0.479929 0
0.184996 0
1.33479 0
0.253106 0
0.793769 0
1.88324 0
0.242446 0
0.108721 0
1.79377 0
0.891367 0
0.203759 0
0.301793 0
0.492593 0
0.881299 0
0.253134 0
0.344297 0
1.18795 0
0.220221 0
0.521959 0
0.457279 0
0.33105 0
0.165892 0
0.175553 0
1.37914 0
0.212884 0
0.197244 0
0.248106 0
0.152015 0
0.328658 0
0.229948 0
0.416959 0
1.39497 0
0.103767 0
0.120318 0
4.9481 0
1.99702 0
0.827413 0
0.35356 0
0.0981076 0
0.203996 0
0.0804699 0
0.680584 0
0.784376 0
2.21495 0
0.115274 0
0.182121 0
2.25579 0
0.0313057 0
0.0589169 0
0.616874 0
0.395236 0
0.108764 0
0.595653 0
0.233643 0
0.51719 0
0.140693 0
0.262173 0
3.52293 0
0.252952 0
0.196245 0
0.733071 0
0.858352 0
0.144395 0
0.253106 0
0.149236 0
0.272215 0
0.097125 0
0.522394 0
0.831136 0
0.421121 0
1.21589 0
0.140665 0
0.250839 0
0.28974 0
1.0099 0
0.91174 0
1.47694 0
0.701764 0
0.253979 0
1.30449 0
0.0432226 0
0.637378 0
1.37125 0
0.491976 0
1.19731 0
0.184567 0
2.32609 0
0.254707 0
1.36832 0
4.29079 0
0.297727 0
1.52201 0
0.362425 0
0.547093 0
0.069012 0
2.03954 0
0.964494 0
0.857859 0
0.195005 0
0.73502 0
0.735544 0
1.44316 0
2.98464 0
0.348664 0
1.31994 0
0.930389 0
0.721287 0
0.0201209 0
0.0401816 0
0.393608 0
0.741612 0
1.82884 0
0.290302 0
0.0605079 0
0.359208 0
0.783206 0
1.55195 0
2.93885 0
0.134675 0
0.081401 0
0.249776 0
1.03202 0
0.664925 0
2.94984 0
0.224578 0
1.44979 0
0.0818154 0
6.92051 0
1.10211 0
2.16891 0
2.91935 0
0.0602269 0
0.339479 0
0.198708 0
0.612645 0
2.4782 0
0.144357 0
0.0934985 0
0.605132 0
4.74313 0
0.199963 0
0.0533046 0
0.286711 0
0.345115 0
0.255507 0
0.186072 0
0.294804 0
0.456919 0
0.393209 0
2.68892 0
0.0936234 0
1.49187 0
0.180555 0
0.294901 0
0.240954 0
3.46961 0
1.53387 0
0.190188 0
0.104675 0
0.41238 0
0.282427 0
0.302165 0
0.180564 0
5.43522 0
0.289816 0
0.206328 0
0.831203 0
0.692256 0
0.992748 0
0.239821 0
0.167607 0
3.98713 0
0.66591 0
0.540655 0
0.568679 0
1.3434 0
0.771915 0
0.57002 0
0.670259 0
0.270912 0
0.296874 0
0.171532 0
0.419945 0
0.134529 0
0.255514 0
1.34328 0
0.431765 0
0.925816 0
0.307493 0
0.650512 0
0.768291 0
0.232026 0
0.316537 0
0.720352 0
0.438183 0
0.281811 0
0.309037 0
0.342873 0
0.133448 0
0.576063 0
0.315281 0
0.11678 0
0.342309 0
1.42011 0
0.264943 0
0.217277 0
0.241318 0
1.81136 0
0.418471 0
1.35746 0
0.239194 0
0.171561 0
2.92119 0
0.332465 0
0.0941795 0
0.093721 0
0.241565 0
1.09694 0
1.28067 0
0.170487 0
0.16328 0
0.411244 0
0.208084 0
0.518452 0
0.0833974 0
1.94848 0
0.210365 0
1.5457 0
0.317575 0
1.06209 0
0.447719 0
0.214251 0
0.434809 0
0.206437 0
0.503544 0
0.230269 0
0.93282 0
0.260126 0
0.0948752 0
1.09679 0
0.226721 0
0.450901 0
0.254855 0
0.572768 0
0.202501 0
0.471375 0
0.488306 0
2.40994 0
3.10605 0
0.28032 0
0.117997 0
0.186929 0
0.16335 0
0.946788 0
0.686703 0
0.127426 0
2.0298 0
0.0737319 0
0.20505 0
1.22738 0
0.143553 0
1.88318 0
0.473837 0
0.883105 0
0.239119 0
0.15526 0
0.0662991 0
0.776227 0
0.801451 0
0.400235 0
0.228257 0
0.521493 0
0.618835 0
0.385495 0
0.497202 0
0.132749 0
1.48977 0
0.136667 0
0.18943 0
0.195429 0
1.92412 0
0.702053 0
1.56102 0
0.837195 0
0.136249 0
2.12092 0
1.20263 0
0.178826 0
0.319273 0
0.0823049 0
0.759883 0
0.308342 0
0.501864 0
1.5472 0
0.153416 0
0.10632 0
0.934065 0
0.665379 0
1.06886 0
0.408511 0
0.563056 0
1.44903 0
0.785252 0
0.345901 0
1.10615 0
0.49541 0
2.15856 0
1.38318 0
1.3953 0
1.56561 0
0.0345515 0
0.875207 0
0.408625 0
0.610731 0
0.325011 0
0.261334 0
0.392263 0
0.314419 0
0.153496 0
0.620383 0
0.251616 0
2.20544 0
1.419 0
0.140541 0
2.27088 0
5.56828 0
0.33585 0
0.122987 0
0.0360542 0
0.705136 0
1.33211 0
0.245186 0
0.135338 0
0.937488 0
2.69383 0
0.3802 0
6.29628 0
0.233089 0
1.30405 0
1.61357 0
0.311147 0
0.535593 0
1.1642 0
1.07267 0
0.641879 0
0.222773 0
0.808328 0
0.0321821 0
0.213797 0
1.42099 0
0.255592 0
0.111434 0
0.213624 0
0.162899 0
0.159439 0
0.300601 0
0.761983 0
0.60791 0
0.155262 0
0.367825 0
1.14311 0
0.463894 0
1.72 0
0.161532 0
0.0265735 0
0.267053 0
0.275066 0
0.842211 0
0.616856 0
0.51612 0
0.134116 0
0.569868 0
2.64516 0
0.818372 0
0.878394 0
0.537744 0
1.682 0
1.30969 0
0.463521 0
0.139149 0
1.64478 0
0.116341 0
0.042321 0
1.76071 0
0.10686 0
0.188905 0
0.886851 0
0.185643 0
1.72913 0
0.96698 0
1.16386 0
0.296951 0
0.214992 0
0.200962 0
13.557 0
2.29777 0
0.968478 0
0.83555 0
0.217342 0
1.0265 0
5.01615 0
0.285592 0
0.202519 0
1.51846 0
0.488848 0
2.3727 0
0.133704 0
0.305838 0
0.0289962 0
0.330502 0
0.289865 0
0.0502405 0
0.122494 0
0.329968 0
2.94302 0
1.32959 0
0.0959133 0
0.0986635 0
0.097576 0
0.153421 0
0.176107 0
0.198658 0
2.51047 0
0.229258 0
0.563883 0
0.565832 0
0.29107 0
0.198719 0
0.180548 0
0.405797 0
0.0858007 0
0.479955 0
0.275478 0
1.65829 0
0.0778586 0
80.7769 0
0.293305 0
0.163611 0
1.42873 0
0.180056 0
0.0187775 0
0.114784 0
0.221539 0
0.42433 0
2.09845 0
0.379353 0
0.354431 0
1.49493 0
0.302532 0
0.0166294 0
0.197194 0
1.92214 0
0.719389 0
0.254444 0
0.486457 0
0.246024 0
0.117901 0
0.358845 0
0.0884792 0
0.350716 0
1.59078 0
2.91839 0
0.165696 0
0.445252 0
0.111708 0
1.23302 0
0.860688 0
0.562261 0
0.417937 0
0.347585 0
0 0
0.0786263 0
0.058135 0
2.95335 0
0.821804 0
1.10211 0
1.77421 0
71.9206 0
0.25544 0
0.184986 0
0.208922 0
2.27247 0
0.244509 0
0.315818 0
0.699873 0
0.290844 0
0.66283 0
0.506859 0
0.0986352 0
0.323694 0
1.84719 0
1.36251 0
0.715548 0
0.388112 0
0.75264 0
0.52945 0
0.195539 0
0.492328 0
0.443804 0
0.337498 0
0.396232 0
2.9717 0
0.380617 0
0.161606 0
1.78226 0
0.431914 0
0.90395 0
0.487705 0
6.11452 0
0.381657 0
0.190854 0
1.42038 0
0.693943 0
0.393009 0
0.287093 0
0.400786 0
0.640612 0
1.81223 0
0.333768 0
0.563597 0
3.44548 0
0.645856 0
0.66589 0
1.8209 0
4.58121 0
0.0773146 0
0.350116 0
0.190735 0
0.769872 0
2.98757 0
0.874464 0
1.69343 0
1.55511 0
0.62553 0
0.361132 0
1.11639 0
0.859125 0
0.666186 0
0.065311 0
1.01235 0
0.755966 0
0.543672 0
0.59935 0
0.999671 0
240.882 0
0.132971 0
0.288744 0
0.290668 0
1.62436 0
0.101154 0
3.31402 0
2.18163 0
0.140371 0
0.784241 0
7.4211 0
0.212283 0
2.11462 0
1.09884 0
0.495946 0
0.265214 0
0.147865 0
1.13601 0
1.10363 0
0.219807 0
0.590732 0
0.15494 0
0.805964 0
0.80427 0
1.41697 0
0.107721 0
0.154934 0
3.50076 0
0.689959 0
0.529456 0
0.220773 0
0.810957 0
0.686409 0
0.909646 0
0.0943711 0
0.123467 0
0.0808807 0
0.47697 0
11.5738 0
0.318886 0
0.532071 0
0.307368 0
0.909626 0
0.21835 0
0.322085 0
0.115546 0
0.999673 0
0.437135 0
1.4799 0
0.255202 0
0.75814 0
0.67476 0
0.0433307 0
0.27179 0
0.960798 0
1.30788 0
4.90413 0
23.3042 0
1.25767 0
8.29138 0
0.751114 0
0.18712 0
0.502249 0
0.108643 0
2.3468 0
0.0342951 0
3.70677 0
1.50008 0
0.384182 0
1.67751 0
0.288672 0
0.978891 0
0.178586 0
1.47047 0
0.343764 0
0.225516 0
0.519014 0
0.160187 0
0.247101 0
1.60783 0
0.385197 0
0.230733 0
0.940468 0
0.219517 0
1.19303 0
0.0716806 0
1.88391 0
