0.164602 1
1.72198 1
1.23049 1
1.6058 1
3.17203 1
0.235122 1
1.47877 1
1.14368 1
2.27071 1
0.152451 1
0.179139 1
1.2679 1
2.91278 1
1.43767 1
0.411061 1
4.46787 1
1.1364 1
2.72825 1
1.59675 1
2.06308 1
3.86418 1
0.782586 1
0.622836 1
0.596287 1
0.716037 1
1.55491 1
3.0097 1
197.953 1
0.875877 1
0.380199 1
2.0789 1
3.51206 1
0.447122 1
0.154771 1
1.03676 1
0.0538223 1
1.90808 1
1.13646 1
0.22738 1
1.29887 1
3.79589 1
0.400481 1
0.763221 1
6.12955 1
0.831066 1
1.27102 1
5.66274 1
0.216808 1
2.80927 1
2.50723 1
1.58032 1
0.286422 1
0.852149 1
1.61994 1
2.14489 1
0.992577 1
0.219415 1
1.16692 1
1.53267 1
1.29376 1
1.26508 1
2.04533 1
2.16246 1
0.961389 1
1.30845 1
0.168264 1
5.21318 1
0.154074 1
2.43364 1
0.243631 1
0.875021 1
0.77174 1
1.09745 1
0.238076 1
0.10172 1
0.899434 1
1.56413 1
0.15111 1
0.294998 1
2.84728 1
1.98063 1
0.56924 1
0.786315 1
2.56185 1
0.214835 1
1.68568 1
1.77302 1
1.13928 1
0.110722 1
15.6855 1
0.45853 1
0.910358 1
1.12092 1
2.28826 1
0.0673159 1
0.653663 1
0.174161 1
0.705485 1
1.14241 1
192.228 1
1.72501 1
2.57973 1
0.476393 1
0.480177 1
0.422336 1
0.366626 1
0.806371 1
0.787696 1
0.550533 1
1.12482 1
1.85851 1
3.20844 1
0.197324 1
0.257483 1
3.10714 1
1.84248 1
174.414 1
2.24866 1
1.41286 1
0.0972434 1
0.998697 1
2.44919 1
0.861752 1
0.161499 1
1.25229 1
1.28358 1
9.03579 1
0.748697 1
2.6658 1
1.11717 1
0.444594 1
3.30097 1
1.008 1
0.59129 1
1.33801 1
0.205227 1
0.382315 1
0.0818603 1
0.259607 1
0.137053 1
0.0692706 1
0.23993 1
1.55604 1
3.5294 1
1.39202 1
1.16355 1
0.281801 1
1.12153 1
1.67081 1
1.74406 1
4.72023 1
0.301838 1
1.33875 1
1.91538 1
0.25599 1
1.15772 1
0.785226 1
1.31163 1
0.432531 1
1.91199 1
0.258964 1
0.972377 1
0.0497095 1
2.48477 1
0.838954 1
0.158064 1
0.293586 1
0.590416 1
2.99367 1
2.0129 1
7.69264 1
0.123335 1
1.69867 1
3.88562 1
2.40367 1
2.83496 1
0.883381 1
1.93833 1
2.72791 1
0.49899 1
1.21186 1
1.00213 1
1.6028 1
0.68625 1
0.583418 1
0.240079 1
2.46605 1
2.23938 1
0.659677 1
0.203095 1
0.0475183 1
0.658154 1
0.522934 1
2.94499 1
0.78258 1
1.11873 1
8.164 1
0.965437 1
0.531629 1
2.70718 1
1.81359 1
0.43638 1
2.14947 1
0.444872 1
0.914876 1
3.23866 1
0.530595 1
0.198368 1
0.340739 1
0.241206 1
2.42675 1
0.0168217 1
2.49052 1
2.54982 1
0.471652 1
0.632421 1
0.633379 1
0.455114 1
1.6985 1
1.82397 1
0.807809 1
0.434893 1
3.51376 1
0.283431 1
0.324145 1
0.368104 1
0.255698 1
2.63908 1
1.31902 1
0.503504 1
0.259158 1
0.63422 1
0.313878 1
0.72224 1
2.62943 1
0.365657 1
0.0625742 1
0.562707 1
0.395195 1
3.23802 1
0.817365 1
1.01547 1
1.36965 1
2.04992 1
0.308259 1
0.0772317 1
0.0960345 1
0.53117 1
0.808868 1
0.647905 1
1.93289 1
0.701534 1
6.93816 1
4.26623 1
0.571472 1
4.12369 1
0.761607 1
0.274872 1
2.3471 1
0.897161 1
1.54477 1
0.882721 1
0.17213 1
0.993592 1
0.157476 1
0.0776148 1
0.505867 1
3.0115 1
0.660581 1
1.62935 1
0.547375 1
0.245732 1
0.423525 1
4.34638 1
1.57503 1
0.0914324 1
0.184915 1
0.537553 1
0.482283 1
0.138248 1
1.48588 1
4.56409 1
0.671352 1
1.64325 1
1.39404 1
0.207786 1
0.473387 1
0.736397 1
0.833895 1
0.665181 1
1.80826 1
2.42554 1
1.14066 1
0.185845 1
1.62881 1
0.696452 1
0.219529 1
0.422728 1
0.212332 1
0.490676 1
0.82444 1
0.562304 1
5.16862 1
1.98415 1
0.209736 1
0.631641 1
0.491484 1
0.35181 1
1.42412 1
0.248299 1
1.06401 1
0.0955063 1
2.781 1
1.14889 1
0.227132 1
0.188677 1
3.52416 1
0.295649 1
0.828143 1
0.246146 1
0.17106 1
1.55603 1
2.94739 1
2.41861 1
3.01178 1
1.79113 1
0.851894 1
0.896693 1
0.748082 1
1.396 1
1.17018 1
0.300454 1
0.649316 1
3.44818 1
0.97032 1
0.462858 1
3.65986 1
0.993818 1
0.316991 1
1.57301 1
0.238141 1
0.117765 1
0.312728 1
0.132979 1
0.221873 1
0.150475 1
1.99946 1
0.261109 1
0.413252 1
12.8057 1
0.433444 1
1.54745 1
0.280345 1
1.26346 1
0.352001 1
0.13271 1
2.49705 1
0.812022 1
0.618907 1
2.06199 1
0.863589 1
0.152154 1
0.362543 1
1.41846 1
2.65022 1
0.464861 1
3.6763 1
0.166985 1
0.180452 1
1.16852 1
0.836603 1
0.174407 1
1.02609 1
0.753562 1
1.45056 1
1.1581 1
0.803188 1
1.06949 1
0.1046 1
4.52746 1
0.198733 1
2.37147 1
1.09113 1
2.32273 1
1.09678 1
3.30651 1
0.582222 1
1.71441 1
0.213462 1
2.13981 1
0.514497 1
0.557159 1
2.58231 1
2.77118 1
0.0236321 1
0.339028 1
1.22283 1
0.572653 1
0.13771 1
0.210395 1
0.318255 1
0.518217 1
1.82464 1
1.35169 1
0.146615 1
0.911367 1
0.114283 1
1.36833 1
1.07413 1
1.71786 1
1.91004 1
4.06983 1
2.55841 1
3.39786 1
0.893381 1
2.09136 1
0.630271 1
0.320981 1
167.268 1
6.51165 1
0.493757 1
2.58201 1
2.7402 1
2.16331 1
0.673341 1
1.54095 1
1.93748 1
0.832434 1
3.02197 1
0.0966124 1
0.210128 1
2.40062 1
0.0974357 1
2.3084 1
0.952437 1
0.211665 1
0.984602 1
1.18264 1
0.207012 1
1.07044 1
0.19204 1
2.07879 1
1.06212 1
0.157086 1
2.50769 1
1.71175 1
0.567135 1
2.4455 1
1.17974 1
0.473336 1
0.195081 1
0.194983 1
0.939203 1
0.389129 1
1.13631 1
1.67694 1
1.58633 1
1.72834 1
0.598147 1
4.46732 1
1.21923 1
0.31562 1
0.182779 1
0.398644 1
1.15345 1
3.72243 1
2.15506 1
5.27974 1
0.11201 1
1.42406 1
0.182259 1
11.2217 1
1.06868 1
2.84812 1
0.147269 1
1.53833 1
1.15482 1
0.114435 1
0.723198 1
0.956848 1
1.13629 1
1.00523 1
0.308676 1
2.98036 1
0.181092 1
0.515653 1
1.07125 1
0.173718 1
1.8331 1
0.886442 1
5.48178 1
0.532265 1
0.533738 1
0.389742 1
0.378056 1
1.07879 1
0.0964396 1
0.148076 1
0.93146 1
2.09211 1
0.951911 1
0.104391 1
0.647094 1
1.18244 1
1.75775 1
0.253093 1
2.64377 1
0.158514 1
0.852314 1
1.93055 1
0.258046 1
0.887535 1
1.99264 1
4.40474 1
1.05876 1
2.48068 1
1.55324 1
6.0674 1
0.666712 1
2.44057 1
0.386346 1
0.976175 1
0.381889 1
7.09158 1
4.4199 1
1.5117 1
5.4629 1
1.05586 1
5.05542 1
0.399923 1
0.329136 1
0.0439876 1
4.63697 1
2.11728 1
0.0501781 1
0.769671 1
0.492757 1
0.210513 1
1.70829 1
2.52432 1
1.51278 1
2.20894 1
0.607765 1
0.114932 1
1.67938 1
3.34333 1
0.182426 1
0.0675713 1
0.413078 1
0.765002 1
0.215176 1
2.96518 1
0.262408 1
1.13524 1
0.190627 1
1.90117 1
0.163353 1
0.63308 1
0.675966 1
0.894255 1
6.8779 1
0.0394919 1
0.824346 1
2.28745 1
0.430479 1
0.951488 1
1.44005 1
0.284192 1
0.341243 1
0.908471 1
0.099153 1
1.97179 1
0.984772 1
1.06329 1
1.0425 1
1.05639 1
2.93859 1
0.0407409 1
0.760268 1
1.64455 1
0.106511 1
0.119356 1
0.646263 1
0.704889 1
1.42495 1
0.203582 1
0.336137 1
0.246304 1
0.351777 1
2.85286 1
0.982762 1
1.03546 1
1.53369 1
0.236904 1
0.337639 1
1.93894 1
0.155566 1
0.131244 1
4.36054 1
1.72817 1
0.739072 1
0.950689 1
3.59602 1
0.171674 1
0.498456 1
0.611301 1
0.764834 1
1.16071 1
3.1559 1
0.253088 1
0.854452 1
3.78255 1
4.37163 1
0.737248 1
2.2871 1
2.34828 1
0.296107 1
0.194508 1
1.65456 1
1.76683 1
2.41099 1
0.16731 1
0.408388 1
4.44368 1
0.996163 1
1.869 1
0.591536 1
0.405246 1
0.0817539 1
0.787776 1
1.49321 1
0.184545 1
0.168263 1
0.799143 1
3.18032 1
0.386575 1
0.697149 1
0.746878 1
1.29784 1
0.368977 1
0.597252 1
1.98478 1
1.67596 1
0.470993 1
0.264183 1
1.52114 1
1.45979 1
0.477721 1
0.472528 1
1.94136 1
0.16606 1
1.26457 1
2.26196 1
0.803662 1
2.45709 1
1.80892 1
0.373562 1
2.07898 1
0.412016 1
4.86038 1
1.22113 1
0.798118 1
0.13514 1
0.582246 1
1.01551 1
0.338046 1
0.205881 1
3.18239 1
1.203 1
0.944669 1
0.338355 1
1.96459 1
0.483449 1
1.61244 1
0.620934 1
0.275191 1
3.97761 1
1.69743 1
2.28019 1
2.90635 1
0.230389 1
3.70751 1
1.00904 1
1.54146 1
0.190147 1
0.128143 1
2.70284 1
0.387841 1
0.684449 1
1.46422 1
1.15552 1
0.214913 1
0.366883 1
3.80998 1
2.37126 1
1.31879 1
11.0991 1
0.976122 1
0.471281 1
1.43281 1
1.03627 1
1.3931 1
0.328712 1
0.897642 1
0.745281 1
0.186089 1
0.0951952 1
1.23599 1
0.39417 1
0.890227 1
1.05405 1
0.251406 1
0.498318 1
0.120103 1
0.940057 1
0.74543 1
2.5846 1
0.255169 1
2.91002 1
0.130224 1
1.80795 1
1.1287 1
2.23939 1
0.989883 1
0.0113384 1
3.54441 1
0.324333 1
0.475349 1
4.11556 1
0.263933 1
0.753424 1
4.45081 1
0.382429 1
0.132722 1
1.45047 1
0.864382 1
1.31915 1
0.19657 1
0.354302 1
1.89 1
0.290205 1
0.869802 1
0.786832 1
0.278571 1
0.719122 1
0.130669 1
1.32689 1
3.06141 1
1.27244 1
1.02561 1
0.43699 1
0.358928 1
0.226776 1
1.48192 1
1.46864 1
2.82164 1
0.193778 1
1.27944 1
12.4989 1
1.89909 1
0.858715 1
0.314928 1
2.92902 1
0.11934 1
1.50715 1
1.21158 1
0.189574 1
3.92217 1
0.521288 1
6.46558 1
1.21821 1
0.569926 1
1.58619 1
1.58337 1
0.601748 1
2.00006 1
0.264709 1
0.915476 1
0.201513 1
0.838151 1
1.83185 1
2.08234 1
0.860905 1
0.266915 1
0.354035 1
0.349723 1
1.51176 1
0.168609 1
0.363155 1
2.68342 1
1.31731 1
1.2864 1
0.509745 1
1.5405 1
1.08138 1
2.05068 1
0.0610783 1
0.341198 1
0.906976 1
1.90617 1
2.61219 1
2.26356 1
5.29774 1
3.32155 1
2.72177 1
0.0820721 1
3.02128 1
0.0864583 1
1.00603 1
0.21293 1
0.307327 1
1.03839 1
0.122389 1
4.22633 1
0.835785 1
1.34824 1
1.65397 1
0.602479 1
0.719579 1
0.980665 1
1.4476 1
0.0804642 1
1.91898 1
6.8597 1
0.281711 1
0.377285 1
0.195862 1
0.145144 1
0.521234 1
1.52906 1
0.523198 1
0.51655 1
1.9171 1
0.856618 1
0.73119 1
195.519 1
1.14208 1
1.38502 1
0.125334 1
1.29553 1
0.114448 1
0.746779 1
1.37933 1
2.456 1
3.22917 1
1.70525 1
0.540287 1
0.774448 1
16.9357 1
0.351815 1
0.256859 1
1.85915 1
1.72339 1
0.293917 1
0.945858 1
0.517735 1
0.696351 1
1.83379 1
0.282387 1
1.03071 1
0.257288 1
0.818776 1
1.21864 1
0.521011 1
1.1731 1
194.007 1
0.671243 1
0.245291 1
0.106747 1
3.75027 1
2.11652 1
0.21727 1
4.0139 1
0.181031 1
0.35458 1
0.257984 1
1.5954 1
0.174768 1
3.84386 1
0.0462654 1
1.77916 1
0.0921547 1
1.47055 1
3.42188 1
0.356738 1
4.18895 1
0.354894 1
5.60774 1
0.926587 1
0.19678 1
0.582285 1
0.237382 1
0.616111 1
44.3942 1
0.426453 1
0.261066 1
1.4249 1
3.1088 1
2.7021 1
0.164207 1
0.0890373 1
2.88864 1
0.833055 1
1.52452 1
0.473853 1
0.715117 1
2.93614 1
0.0361471 1
0.267545 1
0.741078 1
1.02485 1
1.887 1
1.29289 1
1.65333 1
2.40172 1
0.218859 1
0.38337 1
0.447394 1
2.11024 1
0.371009 1
0.810964 1
2.77373 1
2.10908 1
0.120873 1
0.735692 1
0.427633 1
0.249572 1
0.201452 1
0.637804 1
0.674275 1
1.29759 1
0.571356 1
2.30261 1
1.26858 1
0.186631 1
0.195231 1
1.67163 1
3.47426 1
0.245345 1
1.06562 1
1.77554 1
1.38276 1
2.83181 1
1.19606 1
2.55678 1
1.54319 1
0.242507 1
5.47741 1
0.584429 1
0.620867 1
0.745333 1
0.480942 1
3.64937 1
0.863256 1
0.734238 1
2.22367 1
0.248574 1
1.23329 1
2.51876 1
6.4268 1
6.69085 1
1.57026 1
1.31174 1
0.846241 1
1.11024 1
0.134066 1
2.29754 1
0.217925 1
0.26717 1
1.15543 1
0.89235 1
1.71606 1
0.327647 1
0.143543 1
0.250473 1
0.824197 1
0.749823 1
5.99431 1
2.49602 1
1.88579 1
0.0737887 1
1.40428 1
1.49577 1
0.419512 1
0.624008 1
0.176138 1
4.6429 1
1.01007 1
1.36009 1
0.272011 1
1.06551 1
0.213053 1
1.91976 1
0.259101 1
0.440815 1
0.1604 1
3.28635 1
1.62811 1
2.3797 1
5.17758 1
1.91185 1
0.708924 1
3.96641 1
0.758401 1
1.04458 1
0.364644 1
3.29215 1
0.173846 1
2.77095 1
1.12444 1
0.0547142 1
2.75819 1
0.212068 1
0.369615 1
0.299664 1
0.988445 1
0.846558 1
0.392157 1
1.80335 1
0.34686 1
1.8425 1
1.16038 1
3.00521 1
2.38023 1
1.15011 1
0.129837 1
2.45723 1
0.0931098 1
0.432468 1
2.02061 1
0.821033 1
2.40676 1
1.24867 1
0.444497 1
1.44833 1
0.669792 1
0.298183 1
0.0745895 1
0.38905 1
0.124906 1
1.90239 1
0.581865 1
1.58442 1
1.69144 1
0.728194 1
0.0373838 1
3.34889 1
2.4089 1
1.46512 1
0.248109 1
3.94446 1
1.39227 1
0.627934 1
0.373167 1
1.5932 1
0.0933361 1
0.250276 1
0.148956 1
0.321179 1
2.69734 1
0.183946 1
0.774007 1
2.34879 1
1.2939 1
0.48236 1
1.05136 1
3.49811 1
0.348691 1
0.571355 1
0.572226 1
0.5752 1
0.396254 1
0.389068 1
0.613031 1
0.912509 1
1.26472 1
1.77175 1
0.600849 1
5.15647 1
0.929117 1
3.6109 1
0.2248 1
0.403396 1
1.58116 1
0.855228 1
0.344185 1
1.65646 1
1.32006 1
0.317788 1
0.953994 1
0.247312 0
1.2242 0
0.508174 0
0.296316 0
0.169108 0
0.140989 0
2.2715 0
0.707686 0
1.15137 0
0.359688 0
1.20543 0
1.80832 0
3.10934 0
0.80803 0
0.125356 0
0.27007 0
0.471469 0
0.239168 0
0.717589 0
0.23965 0
1.14137 0
0.658113 0
0.268822 0
0.0980926 0
0.126417 0
0.472972 0
2.37229 0
0.96406 0
1.26818 0
0.160454 0
1.0891 0
0.183425 0
0.0541986 0
0.56761 0
0.198072 0
0.544858 0
0.0773213 0
0.336784 0
2.22496 0
0.139783 0
0.0740582 0
0.314344 0
0.127597 0
1.97109 0
2.54243 0
1.21563 0
1.89171 0
0.0827515 0
0.23131 0
0.194782 0
2.54044 0
0.227607 0
1.65455 0
0.405242 0
0.162343 0
0.403436 0
0.306676 0
2.11515 0
0.154318 0
0.995035 0
0.236624 0
0.470382 0
0.166435 0
0.218137 0
0.0443077 0
0.159707 0
2.20976 0
0.481703 0
0.597389 0
0.247388 0
2.72868 0
0.0202395 0
0.718194 0
0.09628 0
0.744812 0
0.128058 0
1.74773 0
0.278674 0
0.0869942 0
0.198229 0
0.127908 0
0.641853 0
0.139206 0
1.31147 0
0.952496 0
0.197921 0
0.453361 0
0.967301 0
1.16383 0
0.206561 0
0.23803 0
0.295933 0
1.45412 0
0.1848 0
10.1568 0
0.334933 0
0.276853 0
1.13858 0
0.0979134 0
1.01438 0
0.547563 0
0.101014 0
0.00344794 0
0.581521 0
0.0798783 0
0.143815 0
0.155278 0
1.16903 0
0.491503 0
9.63645 0
0.227224 0
0.288822 0
0.791602 0
0.306483 0
1.72367 0
0.861379 0
0.0647516 0
33.2626 0
0.293642 0
3.12301 0
2.4965 0
3.74593 0
0.21408 0
0.0147972 0
0.151267 0
0.803065 0
0.110677 0
0.804822 0
1.84869 0
0.630973 0
4.41188 0
0.726995 0
0.649934 0
0.851794 0
0.468298 0
0.4024 0
2.47018 0
1.10412 0
0.294718 0
0.326602 0
1.24945 0
1.85106 0
2.44921 0
0.388198 0
1.76677 0
0.162401 0
0.542597 0
0.542505 0
0.367335 0
0.0305011 0
1.76153 0
0.184085 0
0.595769 0
0.222849 0
0.765576 0
2.44412 0
4.76463 0
2.16711 0
1.30398 0
1.21955 0
0.376497 0
0.191915 0
0.595832 0
0.272372 0
0.21513 0
0.385789 0
0.902534 0
0.207749 0
0.790729 0
0.661297 0
0.195721 0
1.03993 0
0.227771 0
0.154441 0
0.122378 0
0.332935 0
1.29189 0
0.0918935 0
0.296618 0
0.225853 0
0.388917 0
0.213746 0
1.72377 0
3.28614 0
0.218197 0
0.106138 0
3.04175 0
0.133331 0
1.17186 0
0.294518 0
0.111588 0
0.094168 0
0.17889 0
0.661287 0
8.5037 0
0.152385 0
1.2569 0
0.151452 0
0.151971 0
0.369504 0
2.08503 0
0.0595622 0
0.135898 0
0.0390703 0
0.476237 0
7.86343 0
0.140064 0
3.68235 0
0.386051 0
1.70578 0
0.757907 0
0.163448 0
0.643681 0
0.22708 0
0.720844 0
0.367747 0
0.0262924 0
0.109731 0
0.0719593 0
1.30343 0
1.03191 0
0.312566 0
0.169391 0
0.0534144 0
0.408069 0
0.0842798 0
0.0575604 0
0.87592 0
1.64816 0
0.0969769 0
1.04745 0
0.567829 0
3.74697 0
0.0498386 0
0.427898 0
0.302172 0
0.229257 0
1.08084 0
0.458871 0
1.20976 0
2.12465 0
1.34873 0
0.106439 0
0.228505 0
0.323772 0
0.538742 0
0.191062 0
0.206675 0
0.618852 0
0.150111 0
2.33242 0
1.04857 0
0.477294 0
0.166927 0
0.19895 0
0.969523 0
0.432547 0
0.426738 0
0.675677 0
0.0923219 0
0.815345 0
2.80403 0
0.275633 0
0.145238 0
0.206852 0
0.0863738 0
0.275653 0
0.132782 0
1.50386 0
0.358536 0
0.132569 0
0.0763524 0
0.219869 0
3.58091 0
0.240479 0
0.345779 0
4.82595 0
0.60666 0
0.0622769 0
0.568682 0
0.233586 0
0.123673 0
1.49494 0
0.188093 0
0.0317692 0
0.231162 0
0.144348 0
0.150485 0
0.171666 0
1.40657 0
0.494527 0
0.434164 0
0.55707 0
2.22382 0
0.390169 0
0.242152 0
1.08114 0
0.435264 0
1.66705 0
0.420516 0
1.86654 0
0.44758 0
0.118046 0
0.0694518 0
0.872205 0
0.39806 0
5.76069 0
1.00017 0
0.610973 0
0.149732 0
0.620104 0
0.21532 0
0.594019 0
0.226383 0
2.29229 0
0.147075 0
0.545954 0
0.81076 0
0.195551 0
0.103537 0
0.347716 0
0.0407281 0
1.39549 0
0.761359 0
0.307161 0
0.859434 0
1.47818 0
0.167703 0
0.499836 0
1.24658 0
0.530953 0
3.09088 0
0.574324 0
0.640009 0
0.410112 0
1.44622 0
0.152052 0
0.165322 0
0.429806 0
0.622919 0
0.251301 0
0.283574 0
0.0719619 0
0.580695 0
0.097328 0
0.0991421 0
0.354046 0
0.747478 0
0.626265 0
1.69067 0
0.640533 0
0.400902 0
3.05223 0
0.24058 0
0.339109 0
154.861 0
0.382401 0
0.0495923 0
0.15322 0
0.342973 0
0.580126 0
2.30004 0
0.730354 0
0.614348 0
0.239851 0
1.27568 0
0.505685 0
0.0534163 0
0.168118 0
0.0343957 0
3.11838 0
0.891548 0
0.277062 0
1.91836 0
0.0790653 0
0.17192 0
0.173181 0
0.260311 0
0.966622 0
3.19842 0
0.372813 0
1.41273 0
0.168483 0
2.75255 0
0.20891 0
0.354924 0
0.399579 0
0.994685 0
0.687484 0
1.28237 0
1.29999 0
0.442807 0
0.655158 0
0.602269 0
0.579948 0
0.204187 0
1.52985 0
0.260919 0
0.141432 0
0.195255 0
1.48637 0
0.845243 0
0.72829 0
0.279612 0
0.176112 0
0.289895 0
0.172525 0
0.37326 0
0.0321839 0
0.401699 0
0.178371 0
2.69946 0
0.274488 0
0.611527 0
0 0
0.713107 0
5.16361 0
0.50514 0
0.519475 0
0.465169 0
0.858049 0
2.76457 0
0.738025 0
1.15301 0
3.53491 0
0.327945 0
0.113066 0
1.15422 0
0.340032 0
0.151459 0
0.657757 0
4.68089 0
0.102255 0
0.399664 0
0.142411 0
0.162962 0
1.5697 0
1.29373 0
0.867205 0
0.696472 0
2.22544 0
0.137456 0
0.426951 0
3.10649 0
1.18359 0
0.190364 0
0.251174 0
0.732996 0
0.142106 0
0.344726 0
91.9468 0
5.76501 0
0.350304 0
0.785329 0
0.201325 0
0.137466 0
2.0336 0
0.0636768 0
0.847604 0
1.72376 0
0.364543 0
0.0577377 0
0.412719 0
5.92664 0
0.320675 0
0.216914 0
0.94004 0
1.82694 0
0.351118 0
1.93937 0
0.730936 0
0.310975 0
0.320231 0
2.45334 0
1.88127 0
0.308715 0
1.96216 0
2.04604 0
0.178555 0
0.269512 0
0.29049 0
0.415648 0
1.21009 0
0.545513 0
0.927239 0
0.714857 0
0.589386 0
0.244046 0
0.321343 0
0.138317 0
0.0268729 0
0.0747662 0
0.208868 0
0.199226 0
0.41985 0
0.372305 0
0.723026 0
0.589833 0
0.195412 0
0.133715 0
1.33793 0
0.555103 0
0.0108422 0
0.480594 0
0.0483941 0
0.120167 0
3.11246 0
0.0326441 0
0.412856 0
0.500367 0
0.0933357 0
1.3719 0
0.38096 0
0.430213 0
0.471043 0
0.089934 0
0.275464 0
0.112932 0
1.09776 0
0.499371 0
0.143138 0
0.815224 0
0.452997 0
0.929088 0
0.407266 0
0.502022 0
0.394676 0
4.0457 0
0.225264 0
0.209748 0
0.344642 0
2.57215 0
0.804508 0
1.82826 0
0.565479 0
0.152734 0
2.61093 0
0.0943622 0
0.242023 0
1.5941 0
0.999137 0
0.173822 0
0.145149 0
0.159872 0
0.895849 0
0.520428 0
1.84666 0
0.0958982 0
0.160505 0
1.92977 0
0.478578 0
3.39184 0
0.198668 0
0.804042 0
0.0104116 0
0.108859 0
0.717216 0
0.242752 0
0.230363 0
0.80998 0
1.03988 0
1.11743 0
0.207947 0
0.466534 0
1.65277 0
0.685356 0
0.0263137 0
4.22482 0
0.486494 0
2.48679 0
0.967978 0
0.177315 0
0.482264 0
0.15602 0
0.433109 0
0.294694 0
1.98124 0
1.90992 0
0.33738 0
0.637922 0
0.0925394 0
0.11582 0
0.389175 0
1.08357 0
0.142607 0
0.665165 0
0.390211 0
0.300042 0
0.435799 0
0.29052 0
2.3342 0
1.19451 0
0.169592 0
0.807605 0
0.199893 0
0.203971 0
0.436134 0
1.14039 0
0.184557 0
0.46325 0
0.237821 0
0.156602 0
0.23006 0
3.80968 0
0.413714 0
0.82153 0
0.159422 0
0.0477922 0
0.100216 0
0.896987 0
0.53777 0
0.473784 0
1.99262 0
0.227762 0
0.0423963 0
0.398756 0
2.18465 0
2.63029 0
2.80678 0
0.909717 0
3.11376 0
0.313406 0
0.257314 0
2.1338 0
0.234817 0
0.126121 0
0.380561 0
2.45767 0
0.305156 0
0.355998 0
0.238773 0
0.0958281 0
1.07269 0
8.5162 0
0.201587 0
0.79575 0
0.87965 0
0.142981 0
0.532596 0
0.730385 0
0.602813 0
1.60056 0
1.68261 0
0.402871 0
0.35203 0
1.63692 0
0.241876 0
0.433977 0
0.713433 0
0.486755 0
0.0931566 0
0.161847 0
4.11561 0
0.207437 0
0.0611886 0
1.43499 0
0.316644 0
0.44481 0
0.547986 0
0.352027 0
0.377957 0
0.322033 0
0.0764962 0
3.33462 0
2.19309 0
0.50745 0
0.383601 0
0.176355 0
0.209456 0
1.11414 0
2.69952 0
1.29858 0
0.170012 0
0.851453 0
0.257561 0
0.254122 0
0.173062 0
6.34029 0
0.812044 0
1.57961 0
0.0587147 0
4.18792 0
0.185875 0
0.151723 0
0.659794 0
0.242474 0
0.195558 0
0.126642 0
0.0620016 0
0.258575 0
0.0974702 0
0.725323 0
0.00927205 0
0.3805 0
2.68376 0
0.842994 0
0.467154 0
0.909699 0
2.50634 0
0.547807 0
0.423338 0
0.346983 0
1.36002 0
0.235172 0
0.163918 0
0.546078 0
0.461711 0
0.657476 0
0.199063 0
0.653873 0
0.818749 0
0.964733 0
1.18649 0
0.427717 0
0.22604 0
0.717627 0
0.412808 0
0.155477 0
2.08201 0
0.291921 0
0.155625 0
0.603819 0
1.15306 0
1.9084 0
0.147408 0
1.69081 0
0.154086 0
0.293258 0
0.140597 0
0.437092 0
0.295432 0
0.350585 0
0.482326 0
0.900241 0
0.057946 0
0.997017 0
0.212434 0
1.31569 0
2.27449 0
0.264626 0
0.247355 0
5.38546 0
0.125274 0
0.18841 0
0.132736 0
5.89714 0
1.17317 0
0.11849 0
0.21845 0
0.74928 0
0.51593 0
0.981449 0
0.300903 0
0.235255 0
0.137302 0
0.449954 0
1.01103 0
1.01612 0
1.23722 0
0.236204 0
1.5132 0
0.0509293 0
2.07449 0
0.325812 0
0.435319 0
0.0450689 0
0.457218 0
2.24446 0
0.338818 0
0.58734 0
0.179908 0
0.0953776 0
1.11345 0
1.38276 0
0.354775 0
0.197626 0
0.620042 0
0.0683808 0
0.765987 0
0.244439 0
8.77497 0
0.508515 0
1.98832 0
0.730128 0
0.971074 0
0.101101 0
0.167368 0
2.18147 0
1.62174 0
1.18413 0
2.94281 0
0.605352 0
0.252871 0
0.52489 0
0.153639 0
8.73856 0
0.258159 0
1.70611 0
0.240374 0
0.669817 0
1.72141 0
0.660037 0
0.0162118 0
0.461926 0
0.427139 0
0.251756 0
0.703084 0
0.499384 0
1.67944 0
0.0948437 0
0.269286 0
1.18698 0
2.42588 0
0.446059 0
1.23907 0
0.267478 0
0.0939009 0
0.0588982 0
0.134647 0
0.456677 0
0.177785 0
0.776223 0
0.499129 0
0.262064 0
1.02236 0
2.16903 0
0.642097 0
0.178219 0
0.107797 0
1.00086 0
0.0832209 0
3.86642 0
0.852005 0
0.400499 0
2.37661 0
1.2813 0
0.180951 0
0.699234 0
0.579493 0
0.610821 0
0.123039 0
0.109072 0
2.52252 0
0.103062 0
0.138353 0
0.787224 0
0.383875 0
0.116123 0
0.151363 0
0.679258 0
1.36741 0
0.93157 0
0.975624 0
0.319561 0
0.0777266 0
0.153732 0
0.489807 0
2.68213 0
1.57962 0
0.108953 0
1.07339 0
0.528114 0
0.112125 0
0.853513 0
0.262881 0
0.143059 0
0.372635 0
0.218108 0
0.164852 0
0.216996 0
0.135312 0
1.64098 0
0.281627 0
0.16272 0
0.0436709 0
0.227642 0
2.40195 0
0.309951 0
0.496451 0
5.96018 0
0.90842 0
0.514489 0
0.443879 0
0.291542 0
0.59536 0
1.54887 0
0.263168 0
0.128298 0
0.255018 0
1.39944 0
0.285359 0
0.188523 0
1.16963 0
0.295198 0
0.329471 0
5.46905 0
0.0792191 0
1.13997 0
0.148628 0
0.23878 0
0.64775 0
0.276002 0
1.27828 0
0.0566996 0
0.198563 0
0.973127 0
0.334552 0
0.211701 0
0.170349 0
0.423962 0
0.451939 0
2.16193 0
0.311698 0
0.129698 0
0.471723 0
0.21998 0
0.327541 0
0.164198 0
2.05132 0
0.265329 0
0.301385 0
2.27503 0
0.621561 0
1.18455 0
0.840977 0
0.606408 0
0.239564 0
0.535293 0
0.627116 0
0.221281 0
0.747873 0
0.608725 0
3.85666 0
0.426193 0
0.102207 0
0.232017 0
0.0770521 0
4.24234 0
0.171868 0
0.258036 0
1.14324 0
0.290599 0
0.364399 0
0.442942 0
0.202978 0
0.0447822 0
0.0730236 0
0.0559072 0
0.217581 0
0.245253 0
0.100316 0
1.54854 0
1.21271 0
0.939244 0
0.80645 0
0.00176525 0
0.213826 0
0.327786 0
1.69017 0
0.321544 0
0.252825 0
0.190478 0
0.131028 0
0.990325 0
0.244187 0
0.882683 0
0.142255 0
0.0467417 0
0.286392 0
0.176988 0
168.527 0
0.625356 0
0.627819 0
0.722799 0
0.705771 0
0.0582415 0
1.40142 0
1.45865 0
2.23408 0
0.209664 0
0.552151 0
1.02103 0
0.137182 0
0.366446 0
1.50776 0
0.244878 0
0.287932 0
0.244021 0
0.874756 0
0.760926 0
9.45119 0
0.156628 0
0.200001 0
0.995139 0
0.0176499 0
0.52197 0
0.676589 0
0.260813 0
1.72592 0
0.894844 0
0.420842 0
0.526341 0
2.46161 0
0.127827 0
0.22004 0
2.79088 0
0.177581 0
1.66793 0
0.165138 0
0.809108 0
4.72697 0
1.06914 0
0.157507 0
0.280156 0
0.427822 0
1.64178 0
2.15068 0
0.735503 0
0.92234 0
0.119274 0
0.25436 0
0.343625 0
0.378036 0
0.564162 0
3.29526 0
0.432223 0
0.00243309 0
0.40633 0
2.05998 0
0.113535 0
0.394938 0
0.126185 0
0.215717 0
2.39998 0
0.258885 0
0.141734 0
0.901402 0
0.648836 0
0.293453 0
0.171446 0
2.03411 0
0.22298 0
2.26674 0
1.32656 0
1.5453 0
0.232291 0
2.59122 0
0.214588 0
1.86687 0
0.359651 0
0.606059 0
0.759463 0
0.183181 0
0.439894 0
0.377325 0
0.348877 0
0.660735 0
0.376684 0
0.199915 0
0.51453 0
0.476833 0
0.0963448 0
0.540385 0
0.797668 0
3.93449 0
0.850336 0
0.200729 0
0.403746 0
0.335238 0
0.300375 0
4.39696 0
0.206557 0
4.42135 0
0.241117 0
0.112555 0
0.580863 0
1.9574 0
0.511756 0
0.188421 0
0.362555 0
0.214627 0
0.364603 0
1.16453 0
0.642135 0
0.732823 0
0.600162 0
7.35816 0
