0.119952 1
0.582974 1
0.660783 1
0.622028 1
1.1371 1
0.0631187 1
0.818414 1
2.71156 1
4.51831 1
1.44325 1
0.33099 1
0.156066 1
2.83967 1
0.0953766 1
1.11094 1
2.37949 1
2.99773 1
0.438951 1
0.12475 1
0.262393 1
1.52496 1
0.178015 1
0.312432 1
0.107945 1
1.39174 1
0.277114 1
2.79134 1
0.859253 1
0.063309 1
0.119483 1
3.94745 1
0.35218 1
3.52404 1
0.994199 1
0.183814 1
1.15068 1
0.93643 1
3.57739 1
0.300299 1
0.148245 1
0.36101 1
0.659306 1
0.96981 1
0.4876 1
0.840822 1
0.349596 1
0.506376 1
1.16093 1
0.302201 1
0.818457 1
2.13948 1
0.633684 1
1.08264 1
0.489888 1
3.16994 1
0.527829 1
4.40287 1
1.7456 1
2.20339 1
0.895828 1
1.12571 1
2.10955 1
2.24082 1
0.859781 1
1.57769 1
3.25709 1
0.0987446 1
0.282576 1
1.00802 1
0.765652 1
1.46174 1
0.294681 1
1.88035 1
0.0732086 1
0.0993345 1
2.10139 1
0.901198 1
1.2292 1
1.97132 1
1.19052 1
1.3143 1
5.09907 1
0.238875 1
0.205638 1
0.409965 1
5.22458 1
1.06165 1
1.00729 1
0.74308 1
1.17949 1
1.00767 1
0.730259 1
2.87538 1
1.3159 1
2.29233 1
0.167675 1
0.137676 1
0.252586 1
0.281156 1
0.356308 1
0.610067 1
0.527934 1
1.88243 1
0.825417 1
1.25979 1
0.35063 1
4.29424 1
2.21835 1
0.63396 1
0.457944 1
0.897281 1
0.545419 1
0.545098 1
0.520406 1
0.161513 1
0.435591 1
1.64744 1
1.24435 1
0.877107 1
0.0766175 1
2.19608 1
1.26147 1
4.52892 1
1.13752 1
2.62116 1
0.597498 1
0.184458 1
1.0144 1
1.75987 1
0.744817 1
1.82431 1
1.53636 1
0.35143 1
1.0479 1
0.800849 1
1.94813 1
1.23883 1
0.538756 1
0.892524 1
3.76355 1
4.42272 1
1.18512 1
3.40388 1
1.15388 1
1.40987 1
2.26751 1
0.527804 1
0.258216 1
2.53849 1
1.5866 1
2.90159 1
0.491807 1
0.290747 1
0.127551 1
3.36009 1
1.47068 1
1.28008 1
1.00075 1
0.952364 1
3.95071 1
0.69979 1
7.68226 1
0.19 1
2.88468 1
0.732019 1
0.5151 1
0.713743 1
0.966606 1
0.255963 1
0.383268 1
1.73601 1
1.83405 1
1.22201 1
1.26074 1
0.267726 1
0.175515 1
0.663803 1
0.234468 1
0.344618 1
0.860685 1
5.94326 1
0.221978 1
1.16159 1
6.01709 1
2.00308 1
1.25956 1
0.523198 1
0.29224 1
3.05344 1
0.0559095 1
1.66093 1
0.0686909 1
4.15182 1
0.374819 1
0.274952 1
0.982855 1
1.6474 1
1.41782 1
1.06567 1
0.177911 1
4.30934 1
0.381742 1
0.855675 1
1.55684 1
3.45901 1
0.237351 1
0.942554 1
0.347525 1
0.65344 1
0.234645 1
0.935701 1
3.3827 1
0.273431 1
1.0273 1
1.65076 1
0.0860856 1
0.435236 1
1.92919 1
0.461826 1
19.4036 1
3.42598 1
2.10568 1
0.151946 1
0.143699 1
1.5237 1
0.906768 1
1.40299 1
0.975997 1
0.52514 1
0.925584 1
0.608989 1
0.149167 1
0.104195 1
2.40347 1
0.186008 1
1.18403 1
0.480285 1
0.0398769 1
2.08891 1
0.111699 1
3.4284 1
0.35694 1
0.25838 1
1.64793 1
1.31626 1
0.280809 1
2.60674 1
0.115572 1
0.716927 1
1.56226 1
0.246788 1
0.124499 1
1.13833 1
3.38935 1
0.255069 1
0.842093 1
3.03685 1
106.998 1
2.7965 1
0.0750168 1
0.694043 1
2.2269 1
2.60813 1
1.40926 1
1.1491 1
2.43723 1
0.438512 1
1.34962 1
0.266338 1
14.9539 1
0.51951 1
0.254796 1
0.650146 1
0.650873 1
0.64845 1
0.857111 1
0.122316 1
0.653985 1
0.197292 1
1.9795 1
1.38775 1
5.78659 1
0.504395 1
0.270483 1
1.04202 1
1.07091 1
0.921587 1
0.751646 1
0.267597 1
1.08473 1
0.123004 1
1.66062 1
0.0124844 1
3.35397 1
2.4081 1
2.31367 1
0.200131 1
0.452465 1
1.1933 1
0.121089 1
0.937232 1
1.62083 1
2.2458 1
0.426136 1
0.434196 1
1.42725 1
1.42365 1
1.81596 1
0.473583 1
1.23291 1
0.253036 1
0.498711 1
0.585373 1
2.23045 1
1.61574 1
2.70781 1
2.08963 1
1.02914 1
0.0461613 1
0.135623 1
0.132169 1
0.954373 1
1.19763 1
2.14965 1
0.128264 1
5.17133 1
0.0910364 1
0.196981 1
0.703949 1
0.112552 1
0.0396495 1
1.27354 1
0.763554 1
1.20017 1
0.349655 1
3.38016 1
2.50965 1
0.66734 1
1.26741 1
1.9027 1
1.58397 1
0.34862 1
1.13984 1
0.61257 1
0.282356 1
0.73153 1
4.08041 1
1.80196 1
0.228416 1
0.0371976 1
0.390355 1
0.501621 1
0.819908 1
0.844227 1
2.50375 1
2.05302 1
0.187008 1
1.28152 1
1.45093 1
0.364856 1
0.278807 1
0.712547 1
0.112939 1
0.0994963 1
1.0546 1
0.664633 1
4.67622 1
0.585046 1
0.247274 1
0.287298 1
0.623763 1
1.67563 1
0.397167 1
4.12855 1
0.649319 1
0.448141 1
2.01752 1
1.04815 1
0.920875 1
1.68043 1
0.219346 1
3.43815 1
3.24753 1
0.562477 1
2.52963 1
0.234277 1
21.2533 1
0.406762 1
0.144388 1
0.772496 1
0.279807 1
2.29532 1
0.384099 1
1.65914 1
0.357648 1
0.585362 1
0.112195 1
3.01833 1
1.35866 1
0.121275 1
1.34233 1
0.0478981 1
0.910547 1
1.19571 1
0.685839 1
0.853367 1
1.015 1
0.751842 1
3.7933 1
0.0903024 1
0.886681 1
0.859036 1
1.14522 1
0.200923 1
2.24515 1
0.340475 1
0.251116 1
0.459728 1
0.389775 1
0.835847 1
1.21814 1
0.41112 1
1.23538 1
0.630087 1
1.44145 1
5.9078 1
0.662871 1
0.421508 1
0.738882 1
0.851708 1
1.02769 1
0.26347 1
0.213207 1
0.14337 1
1.59684 1
0.300322 1
1.10139 1
0.666409 1
1.13957 1
2.58901 1
0.36545 1
1.80332 1
0.536427 1
0.618767 1
3.02153 1
3.57762 1
1.12304 1
2.80652 1
1.06171 1
0.470536 1
1.02104 1
0.372773 1
0.44829 1
2.372 1
0.662632 1
0.12319 1
1.37893 1
0.471641 1
1.04523 1
1.34204 1
0.369945 1
2.40909 1
0.293148 1
0.319036 1
0.817814 1
1.70345 1
2.27935 1
3.27299 1
4.94962 1
1.39498 1
2.57013 1
1.21099 1
0.239038 1
1.16153 1
0.764091 1
2.59113 1
1.51594 1
0.0784169 1
1.51308 1
0.974515 1
33.6682 1
1.4377 1
2.08403 1
2.83333 1
0.13629 1
0.825885 1
0.64113 1
0.116951 1
1.29415 1
21.2985 1
1.21516 1
2.2762 1
0.287273 1
1.2807 1
1.4111 1
0.527742 1
3.43157 1
0.490163 1
1.4734 1
0.211006 1
0.20287 1
0.0673422 1
0.732125 1
0.160044 1
0.242509 1
4.49552 1
3.59882 1
0.860283 1
3.21648 1
1.09539 1
0.289302 1
0.481246 1
0.699081 1
0.900484 1
3.68282 1
0.585298 1
0.744627 1
0.697585 1
0.475782 1
0.174512 1
1.01168 1
0.954214 1
1.36223 1
1.5395 1
2.16254 1
0.321756 1
0.143953 1
7.28082 1
0.144741 1
0.726758 1
0.456611 1
0.214722 1
0.216724 1
0.849131 1
0.817714 1
0.282519 1
2.27201 1
4.87511 1
0.862158 1
0.210494 1
0.676083 1
0.238704 1
0.10607 1
2.61781 1
0.113276 1
2.1695 1
2.76404 1
0.426629 1
0.780732 1
0.174802 1
2.07505 1
0.168551 1
0.722195 1
0.988129 1
1.37692 1
0.406838 1
0.0781202 1
0.644085 1
1.09631 1
0.437831 1
2.24283 1
0.344774 1
2.05012 1
0.322293 1
1.91053 1
5.69595 1
0.0738449 1
0.566205 1
0.292699 1
0.357728 1
3.47449 1
0.430018 1
4.93153 1
0.935169 1
0.763637 1
1.16142 1
2.92982 1
2.5773 1
1.18611 1
0.775518 1
0.783785 1
0.113333 1
0.238899 1
0.164493 1
0.866714 1
1.20842 1
0.266034 1
0.399748 1
2.82539 1
2.18525 1
2.66781 1
0.71942 1
1.24212 1
3.06685 1
0.220618 1
2.11829 1
3.40132 1
0.501519 1
0.144555 1
1.82217 1
0.616548 1
1.18923 1
0.251122 1
0.0802839 1
0.258713 1
2.34162 1
3.0975 1
1.25514 1
1.25305 1
1.19356 1
3.09353 1
0.0378951 1
0.636996 1
0.421152 1
1.66769 1
4.07716 1
0.630933 1
0.214776 1
1.07843 1
0.537811 1
1.34204 1
7.11128 1
0.333416 1
0.205582 1
1.5752 1
0.198707 1
0.241722 1
1.65556 1
0.205849 1
0.313404 1
1.49182 1
4.06109 1
0.245956 1
0.666507 1
0.0832539 1
0.795771 1
0.211685 1
0.49318 1
1.35873 1
0.389216 1
1.41219 1
6.35203 1
1.82745 1
0.233939 1
2.79543 1
0.338942 1
0.588326 1
1.06685 1
0.857004 1
0.0940241 1
0.950167 1
5.02269 1
0.185669 1
1.97911 1
0.0690087 1
0.886036 1
0.451417 1
0.300997 1
1.44494 1
2.78701 1
2.48028 1
0.133569 1
0.193085 1
1.08023 1
1.00039 1
0.140152 1
1.12106 1
1.02797 1
3.23115 1
1.01886 1
3.45937 1
2.98086 1
0.130583 1
0.114299 1
1.08012 1
0.452911 1
0.713508 1
2.09534 1
0.507967 1
0.386331 1
0.784651 1
0.96114 1
0.140979 1
1.56561 1
0.161151 1
1.44624 1
2.41785 1
1.54535 1
4.91588 1
1.11721 1
0.187616 1
0.995045 1
0.905883 1
0.990258 1
0.142433 1
0.56061 1
0.200127 1
1.25061 1
0.553064 1
0.823013 1
0.911385 1
1.41624 1
0.0859554 1
1.3541 1
0.0510562 1
0.854903 1
0.151641 1
0.379447 1
1.31202 1
0.845175 1
0.13328 1
0.5378 1
1.45057 1
1.56358 1
0.180668 1
0.727221 1
0.805383 1
1.17002 1
0.522833 1
0.449787 1
0.311189 1
0.89196 1
0.696285 1
0.939067 1
0.747975 1
2.27902 1
1.79821 1
0.949045 1
1.21256 1
0.751479 1
0.130974 1
0.263285 1
0.150622 1
0.146265 1
0.480015 1
4.51042 1
0.570083 1
0.524915 1
1.3768 1
0.130139 1
0.454162 1
1.13482 1
0.125027 1
1.89323 1
0.191991 1
0.154182 1
4.22582 1
0.212179 1
1.25023 1
0.206424 1
0.750356 1
1.20752 1
1.50186 1
1.30915 1
1.39016 1
1.28244 1
1.87939 1
0.488176 1
0.395497 1
0.422037 1
1.04077 1
0.751544 1
0.781395 1
1.28992 1
1.32115 1
0.528053 1
1.29864 1
1.18575 1
1.61226 1
1.13293 1
1.19776 1
1.73282 1
0.261737 1
0.0296278 1
1.0911 1
0.106465 1
0.712428 1
2.34068 1
1.4942 1
1.08008 1
0.432925 1
0.164733 1
0.336582 1
1.27235 1
1.30743 1
0.8681 1
2.1351 1
0.314854 1
0.423535 1
0.586978 1
0.144772 1
0.639341 1
1.10395 1
5.10672 1
1.91491 1
0.804581 1
1.42341 1
0.397641 1
0.212341 1
0.628997 1
2.67696 1
1.39809 1
0.267953 1
0.535638 1
0.139216 1
0.186872 1
0.651999 1
0.198614 1
0.0938989 1
1.75855 1
1.02885 1
4.13307 1
0.214851 1
1.44476 1
0.708872 1
1.46115 1
0.0802275 1
1.98451 1
1.19178 1
0.553041 1
0.974035 1
6.16745 1
1.02395 1
0.3147 1
3.23223 1
2.09169 1
0.184373 1
3.54589 1
0.225145 1
2.4316 1
1.27579 1
0.482487 1
0.54823 1
0.771502 1
0.612053 1
0.663949 1
0.944289 1
2.07932 1
0.571589 1
0.333032 1
0.142201 1
0.0322256 1
0.27794 1
2.40841 1
0.309332 1
0.674153 1
5.70592 1
3.00391 1
0.882869 1
1.89378 1
1.45889 1
0.443876 1
1.71357 1
1.46653 1
0.186817 1
0.243884 1
0.161361 1
2.01696 1
0.546022 1
0.231335 1
0.529043 1
0.0892655 1
0.108138 1
0.220798 1
0.183067 1
0.563933 1
0.584473 1
0.91294 1
1.69551 1
0.504645 1
1.46306 1
2.5849 1
0.405282 1
0.206553 1
1.87204 1
0.0736153 1
1.43109 1
3.09592 1
2.99726 1
0.703025 1
0.914354 1
0.166952 1
0.124954 1
0.812399 1
5.71675 1
6.74624 1
2.95887 1
2.30206 1
0.668713 1
3.80333 1
0.090249 1
0.794575 1
2.38072 1
0.274761 1
0.460511 1
3.08343 1
0.228924 1
0.390305 1
1.90704 1
1.27441 1
2.52327 1
1.66181 1
0.392798 1
0.1796 1
0.282644 1
0.683164 1
1.80169 1
1.59823 1
0.787383 1
1.1794 1
2.01314 1
1.86131 1
0.0936878 1
3.47668 1
0.24136 1
0.95806 1
0.490256 1
0.549108 1
1.0794 1
0.731121 1
2.65315 1
0.310402 1
0.331822 1
0.253748 1
0.753085 1
0.157845 1
0.372564 1
0.318748 1
0.759763 1
0.0775268 1
3.11378 1
0.489302 1
0.280254 1
0.0982635 1
0.91162 1
2.04154 1
0.759234 1
1.7029 1
0.595816 1
3.89201 1
0.373516 1
2.25276 1
0.573824 1
3.14082 1
0.869579 1
0.65163 1
1.44434 1
0.348411 1
2.37311 1
0.0949522 1
0.836296 1
1.25705 1
0.494514 1
2.77898 1
5.41724 1
0.760247 1
1.31997 1
0.347448 1
1.91433 1
5.38242 1
0.906156 1
0.178811 1
0.592573 1
1.42547 1
1.52027 1
0.367496 1
1.62515 1
0.347305 1
0.445769 1
0.460426 1
1.62636 1
1.09706 1
0.433434 1
0.221951 1
0.0202505 1
1.56574 1
0.787932 1
1.67551 1
1.35581 1
0.276533 1
0.397048 1
2.96672 1
0.347357 1
0.0441164 1
1.46721 1
0.267001 1
2.33482 1
0.0703724 1
2.29639 1
0.476189 1
0.194518 1
1.19503 1
1.50283 1
0.143541 1
0.773107 1
0.110325 1
0.601111 1
2.27187 1
0.123579 1
0.298163 1
2.98794 1
0.177807 1
1.5469 1
2.05086 1
2.69292 1
0.334254 1
1.31376 1
1.03265 1
0.618913 1
40.6112 1
0.385333 1
2.11985 1
0.0718675 1
0.302359 1
0.213884 1
0.899043 1
2.17738 1
3.45227 1
1.46757 1
1.27366 1
0.541841 1
1.51088 1
0.227531 1
0.634857 1
0.199581 1
1.4795 1
0.314138 1
0.265847 1
1.21886 1
3.16262 1
4.19727 1
3.77881 1
0.491852 1
0.400133 1
0.97536 1
0.264653 1
2.80385 1
2.27969 1
0.920111 1
0.973523 1
0.582366 1
1.27269 1
0.282303 1
0.211886 1
0.58977 1
0.187708 1
0.564157 1
1.62118 1
0.782767 1
0.399952 1
1.50247 1
0.229036 1
0.482359 1
1.32279 1
1.61512 1
2.17202 1
0.839664 1
0.126142 1
0.774371 1
0.203811 1
1.04728 1
1.50559 1
3.60698 1
0.56732 1
0.179944 1
0.946819 1
1.89896 1
0.870037 1
1.55013 1
0.114707 1
0.448391 1
0.567584 1
1.8705 1
0.903208 1
0.290376 1
2.24388 1
0.510347 1
0.427699 1
1.21366 1
4.92654 1
0.78169 1
0.227582 1
0.571581 1
0.596222 1
1.50142 1
0.428962 1
0.2474 1
0.818349 1
0.637445 1
1.34349 1
0.411059 1
0.859348 1
1.10113 1
0.811333 1
0.586263 1
4.03129 1
0.29493 1
0.102884 1
0.276251 1
1.61554 1
0.734405 1
1.10459 1
2.85158 1
1.5211 1
0.281801 1
0.489474 1
2.56611 1
0.775914 1
0.795491 1
0.274836 1
0.757942 1
1.44463 1
0.520524 1
2.56005 1
25.7251 1
0.645377 1
1.3612 1
1.42638 1
0.892257 1
1.43291 1
1.21677 1
1.69132 1
3.43084 1
0.592455 1
0.0134298 1
0.0865525 1
1.54088 1
0.119708 1
0.542763 1
0.35626 0
0.848609 0
1.54061 0
0.0882081 0
0.151143 0
0.140183 0
0.199597 0
0.243596 0
2.70122 0
0.863266 0
0.0119996 0
0.128293 0
0.615251 0
0.470095 0
0.0168616 0
1.41875 0
0.670195 0
0.0491342 0
1.30934 0
0.604823 0
0.140138 0
0.453021 0
0.20093 0
1.6479 0
0.210361 0
0.666077 0
0.760151 0
0.235641 0
4.85981 0
0.0193115 0
0.18245 0
1.4851 0
0.311496 0
0.149656 0
0.053271 0
2.61569 0
1.22644 0
0.0762295 0
0.243959 0
1.68999 0
0.749588 0
1.00395 0
0.102063 0
3.87165 0
0.788545 0
0.127178 0
3.51654 0
0.79013 0
0.166787 0
2.57561 0
0.0566482 0
0.285206 0
0.158662 0
0.170642 0
1.08143 0
0.383885 0
0.192329 0
3.04078 0
0.279741 0
0.260448 0
0.126674 0
0.311918 0
0.763925 0
0.184477 0
0.476336 0
0.298439 0
0.238427 0
0.155998 0
0.991554 0
2.46494 0
0.515094 0
0.504344 0
1.26542 0
3.80229 0
0.720873 0
2.33706 0
3.82802 0
1.31015 0
1.82528 0
0.993683 0
0.0878699 0
0.0717267 0
0.848734 0
1.36774 0
1.13437 0
0.0699886 0
0.106062 0
0.488648 0
0.180629 0
5.3079 0
0.0412282 0
0.567221 0
0.276471 0
0.985945 0
0.651313 0
0.620727 0
3.53087 0
1.36955 0
0.246669 0
0.130458 0
0.451925 0
1.26282 0
1.17176 0
0.29858 0
0.0232298 0
0.0227663 0
0.588675 0
0.164185 0
2.32784 0
0.89353 0
0.280993 0
0.427914 0
1.17013 0
0.644119 0
0.194376 0
0.525413 0
0 0
0.213028 0
1.02038 0
0.546714 0
0.289516 0
0.405785 0
1.52196 0
1.80466 0
1.7542 0
1.72045 0
0.959979 0
0.157973 0
4.98201 0
0.487401 0
0.279763 0
0.849282 0
1.75269 0
0.077394 0
3.81267 0
0.597614 0
0.91909 0
0.35691 0
0.478542 0
0.13186 0
0.110774 0
0.182692 0
0.0713767 0
0.294168 0
0.012945 0
0.157431 0
0.664117 0
0.81626 0
1.50368 0
0.862606 0
0.602932 0
0.282984 0
1.62788 0
0.0600759 0
0.0718783 0
0.271583 0
0.118445 0
0.347811 0
0.386395 0
0.188008 0
0.201934 0
0.286063 0
1.00321 0
0.122337 0
0.343288 0
2.666 0
1.81524 0
0.191375 0
0.152226 0
0.287577 0
0.0383498 0
0.0764541 0
0.345827 0
0.900828 0
0.0666702 0
0.457735 0
0.0597764 0
0.610834 0
1.90354 0
0.476996 0
0.164603 0
0.159416 0
1.94051 0
0.693928 0
2.29396 0
0.184301 0
0.381806 0
0.186266 0
0.157984 0
1.45193 0
0.257845 0
0.673173 0
0.284134 0
0.20448 0
1.34309 0
0.40765 0
0.0206993 0
0.233658 0
0.593934 0
0.24187 0
2.46962 0
0.602881 0
0.958395 0
0.288601 0
0.128165 0
0.390095 0
0.115003 0
0.116896 0
1.04117 0
0.581397 0
1.55901 0
0.212821 0
0.140668 0
0.218109 0
169.393 0
0.5898 0
0.376731 0
1.13422 0
0.449513 0
0.269941 0
0.438944 0
0.241921 0
0.297938 0
0.453554 0
2.88326 0
0.441659 0
2.49357 0
0.195061 0
2.8123 0
0.295201 0
0.248096 0
0.179083 0
0.223224 0
1.20063 0
0.219334 0
1.63917 0
1.90766 0
0.342968 0
0.219172 0
0.599959 0
0.846829 0
1.03898 0
0.124001 0
0.144545 0
0.279014 0
0.816099 0
0.816568 0
0.112203 0
0.572707 0
0.822466 0
0.446027 0
1.15086 0
0.0881565 0
0.272791 0
1.36616 0
0.14766 0
0.108492 0
2.51114 0
1.21457 0
1.19476 0
0.118632 0
2.84299 0
1.47993 0
0.193806 0
0.215465 0
0.214623 0
0.210929 0
1.9054 0
0.0450546 0
0.442593 0
0.202044 0
0.119763 0
0.701508 0
0.39537 0
0.411326 0
0.548784 0
0.0954325 0
0.326554 0
0.153824 0
2.03613 0
0.683141 0
1.59033 0
0.796014 0
1.22333 0
1.11804 0
1.19344 0
1.13594 0
0.207479 0
0.138611 0
0.27341 0
2.5214 0
0.125196 0
0.718722 0
0.279404 0
0.46511 0
0.124259 0
0.326334 0
1.69377 0
0.147737 0
0.318131 0
0.209876 0
1.59162 0
0.239672 0
1.85339 0
0.223466 0
0.361406 0
0.346854 0
0.104883 0
0.150914 0
0.618283 0
0.0970636 0
1.29409 0
0.368882 0
2.48951 0
0.136457 0
1.76812 0
0.212241 0
0.942651 0
0.112664 0
0.299337 0
0.459673 0
0.117443 0
0.935479 0
0.192668 0
0.140238 0
0.76807 0
2.05571 0
1.88349 0
0.162878 0
1.31359 0
0.169056 0
0.121327 0
0.615768 0
0.106749 0
2.695 0
0.942209 0
0.130803 0
0.164912 0
0.273767 0
1.867 0
0.392875 0
0.156031 0
0.304505 0
0.326534 0
0.451389 0
0.0810401 0
0.854564 0
0.160993 0
4.50596 0
0.227035 0
0.109388 0
0.814656 0
0.415687 0
0.131301 0
0.121216 0
0.828017 0
0.151028 0
0.104662 0
0.327042 0
0.266872 0
0.434789 0
0.261288 0
0.75918 0
1.0196 0
0.108943 0
0.367784 0
0.56811 0
1.15329 0
0.181312 0
0.0892203 0
0.158617 0
0.94379 0
0.525587 0
0.310877 0
0.210214 0
0.234659 0
0.335212 0
0.0529187 0
0.218696 0
0.427416 0
1.37981 0
0.389916 0
0.082727 0
0.0661388 0
0.105235 0
0.770384 0
2.58606 0
1.02726 0
0.205248 0
0.281094 0
4.55381 0
0.133296 0
0.966687 0
0.551894 0
0.0806602 0
1.52013 0
2.14674 0
0.776814 0
0.460123 0
0.0533734 0
0.114479 0
0.0691517 0
0.280378 0
1.77521 0
7.10391 0
0.208454 0
1.87957 0
1.17701 0
1.60777 0
0.19458 0
0.167694 0
0.489686 0
0.113297 0
0.402008 0
0.100054 0
1.49216 0
3.76005 0
2.01992 0
0.289226 0
0.744046 0
0.355525 0
0.0992836 0
0.161759 0
0.230393 0
2.087 0
0.217948 0
0.245987 0
2.19354 0
0.570781 0
0.20868 0
1.06952 0
0.611942 0
0.13273 0
0.172969 0
1.97144 0
0.101644 0
0.23037 0
0.220849 0
0.294113 0
1.29491 0
0.150424 0
0.0914723 0
1.42422 0
0.266162 0
0.279784 0
0.171186 0
0.915923 0
2.45108 0
0.156624 0
0.281272 0
0.169925 0
10.0679 0
1.65229 0
0.0525817 0
0.480805 0
1.12271 0
0.27676 0
1.20053 0
1.45088 0
0.633423 0
1.68439 0
1.9671 0
0.124844 0
0.174342 0
0.289397 0
0.164634 0
1.1413 0
0.0868844 0
0.256697 0
0.209071 0
0.138271 0
0.595715 0
0.966565 0
0.495178 0
0.219805 0
0.77884 0
0.0781259 0
0.422445 0
0.130079 0
0.703145 0
0.200356 0
0.395872 0
1.17347 0
0.211668 0
0.858938 0
0.121348 0
3.1256 0
0.216177 0
1.00996 0
1.46378 0
1.26936 0
0.635854 0
0.0921006 0
0.341992 0
0.549476 0
1.53405 0
0.510975 0
2.21139 0
0.375391 0
0.828183 0
0.657898 0
2.20296 0
0.236018 0
0.472041 0
0.0810381 0
0.215632 0
2.19887 0
0.645518 0
3.51431 0
0.832048 0
0.277999 0
3.5374 0
0.341567 0
0.134316 0
0.713309 0
1.10859 0
4.13827 0
0.244643 0
0.710097 0
0.239044 0
0.890565 0
0.194869 0
0.241828 0
0.336171 0
0.235325 0
0.38173 0
0.42197 0
0.334345 0
2.72839 0
0.355124 0
0.628235 0
0.0936574 0
0.938667 0
0.216542 0
1.33616 0
0.418632 0
1.08774 0
0.474478 0
0.603426 0
0.347617 0
0.282095 0
0.45343 0
0.801939 0
0.339466 0
0.351599 0
0.557712 0
0.190937 0
0.424458 0
0.483421 0
0.406539 0
0.598432 0
0.89843 0
0.0710397 0
1.0001 0
0.173998 0
1.70347 0
2.20853 0
1.21267 0
0.0465478 0
4.02339 0
0.505435 0
0.318992 0
0.322488 0
0.312898 0
0.183706 0
2.12354 0
0.86956 0
0.388031 0
0.350221 0
0.648305 0
0.288756 0
1.23244 0
1.71262 0
3.29608 0
0.252778 0
1.65772 0
0.196335 0
0.583716 0
0.787847 0
0.127807 0
0.50056 0
0.269934 0
0.797039 0
3.37987 0
1.70639 0
0.187108 0
1.44805 0
0.0696929 0
0.258719 0
0.804637 0
1.4114 0
0.212695 0
0.240267 0
0.124165 0
0.650124 0
0.446654 0
0.602058 0
4.32529 0
0.186477 0
1.2419 0
3.0288 0
0.329093 0
1.05743 0
1.24453 0
1.32811 0
0.0462511 0
3.82544 0
0.603556 0
0.0612032 0
0.728365 0
2.31008 0
0.256006 0
0.508878 0
0.633849 0
0.817794 0
0.469083 0
0.511298 0
0.408496 0
0.374687 0
0.822067 0
0.901599 0
0.521213 0
0.707467 0
0.317364 0
0.253323 0
0.231645 0
1.86063 0
0.128649 0
0.128147 0
0.244775 0
0.203319 0
0.418745 0
0.150936 0
0.134904 0
0.476709 0
0.41706 0
3.60816 0
0.950785 0
0.200882 0
0.462576 0
1.96496 0
0.393014 0
0.00463659 0
0.139217 0
1.76633 0
0.144644 0
0.101361 0
0.282477 0
0.307604 0
0.315902 0
0.274258 0
0.591862 0
0.309254 0
0.127092 0
0.121067 0
0.520645 0
2.06435 0
0.531961 0
0.127871 0
0.248094 0
1.65803 0
0.631709 0
0.552416 0
0.835393 0
0.14286 0
0.74647 0
0.972877 0
0.0435274 0
1.13155 0
0.07614 0
1.48832 0
0.140655 0
0.357841 0
0.975491 0
0.695332 0
0.640238 0
0.254976 0
0.108242 0
0.28823 0
1.71087 0
0.00876335 0
0.133004 0
0.134486 0
1.36238 0
0.915466 0
0.173024 0
0.741527 0
0.458929 0
1.3662 0
0.250831 0
0.122875 0
0.119258 0
0.290891 0
1.95779 0
0.208541 0
1.09794 0
0.525603 0
0.27168 0
0.255913 0
0.555458 0
0.134158 0
0.319097 0
0.304892 0
1.67103 0
2.08789 0
1.19288 0
0.120711 0
0.0390536 0
7.63564 0
0.709553 0
0.16555 0
0.235256 0
3.65485 0
0.0455966 0
0.233983 0
0.215744 0
1.14624 0
0.993935 0
0.0542397 0
0.863995 0
0.313447 0
0.270418 0
0.0885365 0
0.863915 0
0.447996 0
0.724866 0
0.247532 0
0.180817 0
0.0557576 0
0.912644 0
0.134296 0
1.06109 0
0.354096 0
0.366639 0
0.122597 0
0.223423 0
0.229549 0
0.910046 0
0.552178 0
2.26571 0
1.03412 0
0.310181 0
0.128376 0
0.113107 0
0.118233 0
0.281884 0
0.15862 0
33.7521 0
0.249925 0
0.0555288 0
0.0863764 0
0.108692 0
0.274929 0
0.309098 0
0.406889 0
0.748092 0
0.695099 0
0.122223 0
0.411543 0
1.13871 0
0.149389 0
0.184784 0
0.139506 0
0.0803958 0
1.53806 0
0.459162 0
0.465654 0
1.52782 0
0.866531 0
0.253154 0
0.267787 0
0.114015 0
0.233265 0
1.28201 0
0.440991 0
1.54453 0
0.419195 0
1.11788 0
0.26128 0
0.406174 0
1.61555 0
0.167256 0
0.0918453 0
2.19701 0
0.144696 0
0.143102 0
2.11117 0
0.251541 0
0.264035 0
0.236404 0
0.175204 0
0.610278 0
0.36045 0
0.0747961 0
0.257339 0
0.154963 0
1.50505 0
0.111651 0
0.581557 0
0.0898697 0
0.111415 0
0.266736 0
0.561303 0
0.586543 0
0.0830453 0
0.356277 0
2.40911 0
0.175925 0
0.230779 0
1.64896 0
0.164755 0
0.784083 0
2.17711 0
0.191204 0
1.03942 0
0.078253 0
0.90663 0
0.528796 0
1.18429 0
1.44753 0
0.224285 0
0.290144 0
0.201696 0
0.553206 0
0.305971 0
0.591112 0
0.707191 0
6.98478 0
2.40411 0
1.51713 0
0.158941 0
0.0462938 0
0.26537 0
1.61366 0
0.777959 0
0.23333 0
0.220697 0
0.158917 0
0.254045 0
0.550619 0
0.130005 0
0.238094 0
0.185517 0
1.8295 0
0.195229 0
0.395325 0
1.11898 0
1.65039 0
0.184387 0
4.34095 0
0.34428 0
0.609557 0
1.85945 0
2.45736 0
0.173703 0
0.0267304 0
1.79681 0
0.142881 0
0.874419 0
0.4684 0
0.218834 0
0.308921 0
3.53437 0
0.0826827 0
1.05394 0
0.200358 0
0.979958 0
3.27491 0
0.221654 0
0.447712 0
0.222346 0
6.51579 0
1.81959 0
0.270394 0
0.410528 0
0.198996 0
0.0792302 0
0.569008 0
0.610918 0
0.662063 0
0.113023 0
1.04563 0
3.38513 0
1.0562 0
2.81683 0
1.17561 0
4.19784 0
1.70486 0
1.16325 0
0.160195 0
0.421663 0
0.503821 0
0.275714 0
0.0537306 0
0.503683 0
1.04462 0
0.72354 0
0.358969 0
0.247285 0
0.064954 0
0.597222 0
8.68655 0
0.171187 0
0.585891 0
0.0371711 0
0.18797 0
0.451212 0
0.250013 0
0.36893 0
0.364378 0
0.812416 0
0.0877743 0
0.196936 0
0.121172 0
1.50846 0
2.69095 0
1.22026 0
0.363647 0
0.614363 0
0.205533 0
0.261275 0
0.165639 0
0.362203 0
6.50597 0
0.904499 0
0.402514 0
0.193832 0
0.281094 0
0.633838 0
0.200961 0
0.582454 0
0.541401 0
1.01174 0
0.554325 0
0.988168 0
0.144383 0
0.28193 0
0.191466 0
2.95108 0
0.376643 0
2.91072 0
0.0923886 0
1.69456 0
3.08126 0
0.272942 0
2.05436 0
1.87886 0
0.663437 0
0.53492 0
0.324915 0
0.033725 0
0.113406 0
1.82341 0
1.01373 0
0.270619 0
0.934697 0
0.180686 0
1.2755 0
0.196775 0
0.160631 0
2.70915 0
0.357532 0
0.292333 0
0.562699 0
0.32791 0
0.166629 0
0.530626 0
0.0990826 0
0.257803 0
0.357261 0
12.386 0
0.255782 0
0.367442 0
0.410942 0
0.141008 0
0.901367 0
0.253456 0
0.680665 0
1.21232 0
1.73396 0
0.301087 0
0.929567 0
0.176929 0
0.556942 0
0.688425 0
0.686926 0
1.66297 0
0.665972 0
0.157356 0
0.881601 0
0.763199 0
0.67216 0
0.421211 0
0.883777 0
4.72935 0
0.16163 0
0.431144 0
0.225987 0
0.419012 0
0.157847 0
0.962999 0
1.78395 0
0.505481 0
1.82588 0
0.232378 0
1.04923 0
0.34671 0
0.220828 0
0.311139 0
0.043386 0
0.0923551 0
3.00495 0
0.995483 0
0.513056 0
0.888471 0
0.442232 0
1.37906 0
0.685839 0
0.847446 0
1.02365 0
0.0335416 0
0.183599 0
1.9602 0
0.0265672 0
0.176427 0
0.270072 0
5.4564 0
0.430905 0
0.606904 0
0.287463 0
5.75518 0
0.831124 0
3.20407 0
0.143761 0
1.19338 0
0.231768 0
1.01515 0
1.06776 0
0.683675 0
1.02161 0
2.47184 0
1.73915 0
0.124554 0
0.403025 0
0.273162 0
8.16794 0
0.381482 0
0.00900184 0
1.54604 0
0.515908 0
0 0
1.49335 0
0.426164 0
0.526417 0
0.184595 0
0.313509 0
0.630235 0
0.258268 0
0.664086 0
0.199293 0
0.34636 0
0.148701 0
1.19102 0
0.942326 0
0.104628 0
0.105503 0
0.445106 0
2.21584 0
3.173 0
2.29609 0
0.499113 0
0.361675 0
0.246722 0
0.0415524 0
0.405904 0
0.117503 0
0.464081 0
0.0949466 0
0.47254 0
0.110857 0
0.177123 0
2.25049 0
0.572288 0
1.14468 0
0.418544 0
2.07712 0
0.0976997 0
1.11237 0
1.1687 0
0.186893 0
0.978875 0
0.479502 0
11.5677 0
0.352607 0
0.137191 0
2.32947 0
0.157967 0
0.154198 0
0.378889 0
0.649463 0
0.973946 0
0.226638 0
2.10308 0
0.190741 0
0.65507 0
0.314635 0
0.91152 0
3.27188 0
1.42109 0
0.179243 0
0.240709 0
0.197133 0
0.365947 0
2.02452 0
4.44348 0
2.37863 0
6.00267 0
0.407774 0
4.09014 0
1.75303 0
0.723796 0
0.907138 0
0.965564 0
0.89901 0
4.92311 0
0.822583 0
0.183044 0
4.10165 0
