Model:
InteractionModel(
  (conv1): Conv1d(2, 20, kernel_size=(5,), stride=(1,))
  (conv2): Conv1d(20, 10, kernel_size=(5,), stride=(1,))
  (fc0): Linear(in_features=58270, out_features=800, bias=True)
  (fc1): Linear(in_features=800, out_features=80, bias=True)
  (fc3): Linear(in_features=80, out_features=2, bias=True)
)
Epochs: 150
10:11:53
Size of batches: 18
Loss over epochs
0.6934025578684111
0.6930093929333478
0.6927749477878856
0.6925955118417033
0.6923965421365129
0.6920770030097032
0.6915176653885551
0.6905367350083729
0.688361816591521
0.682655999662062
0.6642098244688093
0.6185171487086456
0.5776310878872362
0.5518787267532324
0.5338917994699394
0.5206897451781818
0.5113899608976479
0.5039059397496791
0.49868008083209103
0.494274222629024
0.49110185267856965
0.4885655836345414
0.48649977904658276
0.4854540550712696
0.4839375516302224
0.4828655090346162
0.48172412782779916
0.4810602420111177
0.4805656575748392
0.4800698192232645
0.47942893546115106
0.4787042261759702
0.47902210946337426
0.47863858477983734
0.47828780854066266
0.47811270314570825
0.4774352427097304
0.47756204544850234
0.47753942496571683
0.4773822924024697
0.4771832421515229
0.4772955685961902
0.47686801947454577
0.47672785351964886
0.47690513619161334
0.47663110882230286
0.47633047703657255
0.47641806278450144
0.47622947600431886
0.4761041109798219
0.47637481369742996
0.47611330456940953
0.4759657781670507
0.47581935056464075
0.476007716550535
0.4759721135892953
0.4758280739703381
0.47575038497802025
0.47559993310040616
0.4756076652771319
0.4757077397093555
0.47551823639736235
0.4752195246682027
0.4751863240862034
0.4752443741429272
0.47529025551987825
0.4751793711759324
0.47530137403332406
0.47515529526626354
0.47479279504663896
0.4750464361358482
0.4748812180759485
0.4751885096356395
0.4748988456540803
0.4748420970962752
0.4748218792576832
0.4747125763700006
0.474649155104596
0.47441461411478647
0.4746072561991305
0.4745053379775899
0.474281893500302
0.47417422293988665
0.47412023297610706
0.4744056072092229
0.47416074546026404
0.47415552638375447
0.4741680988619349
0.4739432066315917
0.4741893719402159
0.47408685968390885
0.47421713577197655
0.4741969668810251
0.47396511115209816
0.4735979524281294
0.4736965099741528
0.4734239882550665
0.4733359882872396
0.4734351734974528
0.47312634841839185
0.4729385508845659
0.4729886438880345
0.4728552918607638
0.47275229717384326
0.47276449795219905
0.47245838030176723
0.4720894395029384
0.47178468914812316
0.47137339089825075
0.47122025609526696
0.47098905540902164
0.47079769586472675
0.4705023549774347
0.4703440346586732
0.47007589968050784
0.46986712681685855
0.46972466990042566
0.4694696696113904
0.46930672804854756
0.4691890744068609
0.46920998771802197
0.469063811487456
0.4690068602601203
0.4687537725795285
0.4685552126489111
0.46844667951880925
0.46856994904850047
0.46838887990168687
0.4684051979145487
0.4685116078377084
0.4684794681771711
0.4681763069524473
0.468056466338428
0.4679127221716679
0.46787848403314874
0.4679344169179742
0.46797611213334894
0.4677928386744913
0.4677902320261884
0.4677253919464999
0.46774203235827505
0.4675348231205235
0.46751384895845666
0.4675543692047595
0.46753576527428464
0.4675322051184877
0.46731957456647155
0.4673562958753144
0.46735006326470363
0.4673397862228234
