Model:
InteractionModel(
  (conv1): Conv1d(2, 20, kernel_size=(60,), stride=(20,))
  (conv2): Conv1d(20, 10, kernel_size=(60,), stride=(20,))
  (fc0): Linear(in_features=130, out_features=60, bias=True)
  (fc1): Linear(in_features=60, out_features=2, bias=True)
)
Epochs: 250
14:51:19
Size of batches: 18
Loss over epochs
0.6927201457819657
0.6926574001667097
0.6925962479011691
0.6925315113887215
0.6924670223621385
0.6923990012942312
0.6923256295073531
0.6922470146117338
0.6921632172522044
0.6920729995676668
0.6919734363968842
0.6918644857202504
0.6917419540556317
0.6916043484018631
0.6914583998838066
0.6912935571643841
0.6911156828716707
0.690907361340986
0.6906816169428205
0.6904222479885568
0.6901220657498106
0.6897976537813746
0.6894185628041571
0.6889845682556471
0.6884808159400493
0.6878848794184117
0.6871744420012637
0.6863174537196142
0.6852369358125862
0.6838294542224382
0.6819729023675287
0.6794494854842592
0.6759650694291608
0.6713319935608664
0.6656993787697675
0.6595314275209629
0.6533844650949661
0.6475720808503657
0.6424388834960687
0.6380762764996983
0.6340444508963288
0.6303468761394634
0.6267494838666398
0.62347295894056
0.6199128501188375
0.6168685825023362
0.613410190498511
0.6102758077147135
0.6068136353986531
0.6035323376458532
0.6001174122163799
0.5966642091923495
0.5934372620340002
0.5900120027841688
0.5865736969764742
0.583300169779354
0.5798518064679933
0.5767576468395174
0.5734746361450023
0.5700951490623605
0.5670110975239754
0.5636921501057612
0.5609613471530478
0.5578638416373655
0.5551624577277814
0.552136430928375
0.5491304977045351
0.5463754591735366
0.5436418560684061
0.5411185779715196
0.5387813528391888
0.5362716351620728
0.5340162941822301
0.5320861932671616
0.5296857054684168
0.5277811100913146
0.5257360728645859
0.5235057566897587
0.5215193808746055
0.5198247621708652
0.5179454976196622
0.5159757667891791
0.5142835864001761
0.5118799705744025
0.510097114347807
0.5086217937027502
0.5072179824202163
0.505995366814343
0.5046264921456998
0.5030380578703656
0.5021147056555411
0.5007231126186446
0.4994001476769389
0.4982195162031264
0.4976220068018571
0.4964618365310076
0.49550214703239265
0.4946705150219575
0.4936047200902261
0.49250655639199076
0.49165971330368563
0.4909743621116176
0.49038805944337865
0.4894958526867567
0.4887873493883223
0.4880298712279477
0.4872775446987874
0.48675060042590734
0.4863274397035944
0.4853323023002086
0.4847426710648485
0.48414093120576207
0.48385177545340236
0.48314653591651213
0.48265981937184865
0.48207279455909063
0.48167541782087425
0.48136922275505845
0.4808980544362368
0.48047878935928207
0.4800837882204122
0.47950479754264863
0.47916727134535336
0.47894971615827747
0.4783111325231162
0.4782069560568467
0.47770643627757414
0.47738698649885314
0.4770948990104934
0.47673130015774234
0.4763894145783916
0.476115817453738
0.47592467959672163
0.475356216056982
0.47520160825188945
0.4749366276194322
0.47472967281520545
0.47432334464476383
0.47451381301424556
0.4738403823291702
0.47373807599052303
0.4736444588884304
0.4734895819007546
0.473190849063661
0.47302474601118827
0.47293558114250905
0.4728575039938323
0.47254265673583695
0.47235603369024187
0.4720479484977477
0.4721773837030346
0.4719722741993391
0.47174035011250054
0.4717577461902743
0.4716352409228393
0.4712239872341608
0.4713073835527579
0.47109687465721733
0.4711316223987671
0.47108692447920164
0.47075536168049464
0.47091323418918707
0.470446091067999
0.4704638026853435
0.47047951725269566
0.47031125346806474
0.47004676315593685
0.47009747316659106
0.47015409710809986
0.4700639753758534
0.4700889693874256
0.4698745191764549
0.4696179716886169
0.4696118497597296
0.46957737189749177
0.46954089794694337
0.4697226861275298
0.46900352447057264
0.46941013466891857
0.46919422845209274
0.46920772652936915
0.46906136796197334
0.4690096840816852
0.46920919427166735
0.468754463047427
0.46884127288497435
0.4687007069391446
0.46892332863878333
0.46870000144742135
0.46860619972205136
0.4684592579927812
0.46847372728034703
0.46838146237154166
0.46821394927767807
0.4685140714211255
0.4682556755710755
0.4684258544174197
0.46818034275801984
0.46816666426727715
0.4679955961007918
0.46802024380878904
0.468303472274693
0.4678242960512383
0.4681011484589355
0.46795876528779495
0.46808233381220493
0.46769650775545474
0.4675771050501074
0.4677746646844677
0.46765525771043076
0.4676910420762578
0.4677980314421348
0.4675874841087619
0.46753577402755153
0.46755316560112176
0.4673156828954104
0.46750614306115773
0.46752077277294696
0.4675421649133213
0.46741924708439875
0.4676137645758019
0.4672023864474625
0.46735236880847564
0.4672776158797258
0.46726981478574287
0.4673214646538975
0.46723384201860285
0.46712393388961704
0.46723347863045656
0.46719750575537267
0.4670492499173767
0.46718337244802216
0.4669792484915253
0.4668936448482687
0.46697351640684653
0.46685578608575684
0.466525166932399
0.4669533449841205
0.46697886964777874
0.4668233754370297
0.4666242637562053
0.4666497743184683
0.46659776380982965
0.4665534841531509
0.46700225536431533
0.466155325086799
0.4666049238938346
0.4666934304717029
0.46641709742123727
0.46644773745678114
