Model:
InteractionModel(
  (conv1): Conv1d(2, 20, kernel_size=(80,), stride=(20,))
  (conv2): Conv1d(20, 10, kernel_size=(80,), stride=(20,))
  (fc0): Linear(in_features=130, out_features=60, bias=True)
  (fc1): Linear(in_features=60, out_features=2, bias=True)
)
Epochs: 100
05:52:20
Size of batches: 18
Learning rate: 0.0001
Momentum: 0.8
Training Loss over epochs
0 0.6928083709010883
1 0.6927868003589289
2 0.6927623382751432
3 0.6927342890397788
4 0.6927049396106354
5 0.6926786718417203
6 0.692652772828706
7 0.6926284532504604
8 0.6926077211574382
9 0.6925871180671589
10 0.6925663759059171
11 0.6925441471416384
12 0.6925215675597682
13 0.6924978872643986
14 0.6924729462827081
15 0.6924468216866225
16 0.6924201789599403
17 0.6923920454498494
18 0.6923635232829325
19 0.692333826667037
20 0.6923028927199496
21 0.6922712056582642
22 0.6922376008460818
23 0.6922025372411297
24 0.6921650692354427
25 0.6921244336462037
26 0.6920816074439794
27 0.6920377417029933
28 0.6919912055090615
29 0.691942499643256
30 0.6918910187170778
31 0.691837425034887
32 0.6917801526058337
33 0.6917195385091981
34 0.6916546456940205
35 0.6915852305407896
36 0.6915106114330046
37 0.6914308863640773
38 0.6913449829606818
39 0.6912535232346741
40 0.6911561205899751
41 0.6910503941379883
42 0.6909356595341768
43 0.6908120111999914
44 0.6906789145973665
45 0.6905343745506081
46 0.6903780347664261
47 0.6902070769087673
48 0.6900219274148134
49 0.6898175677383342
50 0.6895960934035748
51 0.6893500053729514
52 0.6890804017300586
53 0.6887783434267769
54 0.688441575456694
55 0.6880657738040928
56 0.6876421099161293
57 0.6871529839562475
58 0.6866008819896294
59 0.6859527754673724
60 0.685212631954894
61 0.6843468743325222
62 0.6833439585524325
63 0.6821307822949093
64 0.6806939059980692
65 0.6789282074208554
66 0.6768032693925718
67 0.6742572424872596
68 0.671236906292645
69 0.6676731624020767
70 0.663692738278194
71 0.6593694178572131
72 0.6550951027972234
73 0.6508781638316586
74 0.6469558121775733
75 0.6435628004830881
76 0.6403645329032637
77 0.6375101468733435
78 0.6347572465044203
79 0.632079481558459
80 0.6295276673993352
81 0.627157225012583
82 0.6245729381271912
83 0.6221843692162808
84 0.6198931617645751
85 0.6175894360519532
86 0.6151996478757302
87 0.612998045232683
88 0.6106759617310588
89 0.6086359765131614
90 0.606455008381874
91 0.6042353564828565
92 0.602160032579763
93 0.6001966574649729
94 0.5982828137314865
95 0.5960850636445656
96 0.5942536330179906
97 0.5921685463961387
98 0.5902944610705295
99 0.5883237095816496
Testing Loss over epochs
