Model:
InteractionModel(
  (conv1): Conv1d(2, 20, kernel_size=(60,), stride=(20,))
  (conv2): Conv1d(20, 10, kernel_size=(60,), stride=(20,))
  (fc0): Linear(in_features=130, out_features=60, bias=True)
  (fc1): Linear(in_features=60, out_features=2, bias=True)
)
Epochs: 100
06:03:00
Size of batches: 9
Learning rate: 0.003
Momentum: 0.8
Loss over epochs
0 0.6918985752102416
1 0.6730036769242596
2 0.6133428126436179
3 0.561796567737958
4 0.5291906636641298
5 0.5115142441822347
6 0.501627830703242
7 0.49633135760168046
8 0.49187529471739366
9 0.4891759354669011
10 0.48781466754420166
11 0.4847180107028852
12 0.4849503354430395
13 0.4829248624105849
14 0.4822288296128089
15 0.48130644160664154
16 0.4816797259884678
17 0.4805234068704743
18 0.479527268866626
19 0.4793808051079247
20 0.4786326505359082
21 0.4789351709371026
22 0.4795466157060962
23 0.4775497976507762
24 0.4764131472952318
25 0.47711044760923227
26 0.47697606055721625
27 0.476823611467694
28 0.4772231043229026
29 0.4773236406911232
30 0.4771085138339764
31 0.47675601725402456
32 0.4758804890722439
33 0.4760736263540178
34 0.47555743072489826
35 0.4759915807665592
36 0.4753632337041383
37 0.4749755278735087
38 0.4749317007371772
39 0.4749559404762081
40 0.4751721058515565
41 0.4751181561066832
42 0.4759283617977881
43 0.4762650207936234
44 0.4752421289054351
45 0.4756997854675476
46 0.47544100788379917
47 0.4759923420554523
48 0.4751273162336698
49 0.4746635585022397
50 0.4749834438148674
51 0.47514573794016524
52 0.47472733620322377
53 0.47444484223650596
54 0.47461115963116735
55 0.47455967771877455
56 0.47478674339412036
57 0.47421545752440386
58 0.47405384269972006
59 0.4741137338913229
60 0.47435476688577977
61 0.47402884953697927
62 0.474255415123075
63 0.47369509272014854
64 0.4733755936601423
65 0.47338200074239983
66 0.47324561973151147
67 0.4733457736742116
68 0.473007900206753
69 0.4730359516059014
70 0.4729482951841741
71 0.47302081349809033
72 0.473317458102057
73 0.4729247569920085
74 0.4733254040223735
75 0.47364465328553496
76 0.47431194758215034
77 0.47348599181506523
78 0.47403191476029943
79 0.47379084031539487
80 0.4737915507725363
81 0.47380437711017637
82 0.47407745413180435
83 0.473293397854063
84 0.4738618657508099
85 0.4739302726788155
86 0.4734552274330847
87 0.4734708081156869
88 0.4733326597937165
89 0.4731482245447528
90 0.4732042247031447
91 0.47311648986509924
92 0.47296985545694575
93 0.4728915222457729
94 0.47295435273435343
95 0.47285365498513426
96 0.4726881934676392
97 0.47255202868795726
98 0.4725726745141977
99 0.4725408699654183
