Model:
InteractionModel(
  (conv1): Conv1d(2, 20, kernel_size=(60,), stride=(20,))
  (conv2): Conv1d(20, 10, kernel_size=(60,), stride=(20,))
  (fc0): Linear(in_features=130, out_features=60, bias=True)
  (fc1): Linear(in_features=60, out_features=2, bias=True)
)
Epochs: 200
11:56:52
Size of batches: 18
Learning rate: 0.01
Momentum: 0.7
Loss over epochs
0 0.69105744752438
1 0.6493971517575113
2 0.5846383534531315
3 0.5408417485853069
4 0.519407927783885
5 0.5086969961882972
6 0.5024483554803661
7 0.4964811850387013
8 0.49378674362771086
9 0.49106251255320527
10 0.4898529008673648
11 0.488533863483152
12 0.4869833515688978
13 0.48557258206721704
14 0.4842459229524881
150.4835733959539022
160.48425554272411764
170.4843819830462381
180.484452528509216
190.4834482279760413
200.48319369850874655
210.48172627046463873
220.4817639889295532
230.48124814749863104
240.4810415496647966
250.48177036290738706
260.48182371982940925
270.4813034246832986
280.4821885309703734
290.48271434665079527
300.4831834525645152
310.482253821951251
320.48167242087696116
330.4808992617295924
340.48079961935744536
350.4821064371516291
360.4822034423862353
370.48097162010012623
380.48098383640277376
390.48024511827934246
400.48054248859978915
410.4812565141694499
420.48187996485848
430.48022399187716047
440.4799916348078159
450.4795309567396524
460.4798356249982446
470.47992910000694633
480.48057332992121937
490.4801283891965654
500.47983675294303957
510.4787231883721639
520.4785214068468048
530.4781369234254025
540.47979511451595586
550.478558867119785
560.47903113639743305
570.47897019959767867
580.47857838254796076
590.47831736856830487
600.478687547483372
610.4788157837462339
620.47895190072640564
630.4789281162651974
640.47952079488369914
650.479288969496814
660.47896131908457884
670.478659597311045
680.4798071998041792
690.4789760410491283
700.47832343049021114
710.4781027794826333
720.4778735755814272
730.4779194329065204
740.477813034621673
750.47806892821495967
760.4778106722797969
770.4775591848965809
780.4774777875317136
790.47788729846654143
800.4772501878531151
810.4772540883068823
820.47718981565870183
830.47713390726732274
840.4772154156475582
850.47712259720256545
860.4771537571644995
870.4771875429593068
880.4769834238995366
890.47691944604607683
900.4770993667485724
910.47703065810762507
920.47700237335835316
930.4769953362616733
940.4769404756520428
950.47691017876026226
960.4769998315941318
970.47690469295443927
980.4769488307336148
990.47714304305787225
1000.47730009581134397
1010.4789359539619668
1020.4803610099041034
1030.4802165590287982
1040.4801361405480485
1050.4800088198945677
1060.47990393647442614
1070.4798234902619138
1080.4797446771715282
1090.47971840796990345
1100.47975129103990305
1110.47979733534341273
1120.47964476043549187
1130.4787374067687266
1140.47666031432300954
1150.4763325891056695
1160.4767204392278198
1170.47651243497362095
1180.4765048227617919
1190.4765024016493828
1200.4771304512086729
1210.47671387060755444
1220.4765686211340279
1230.476495700876376
1240.47652421618395036
1250.4766369792714023
1260.4763353003515866
1270.4764465752560958
1280.47626055943404605
1290.47654557472434056
1300.47661117129432634
1310.4765994029685703
1320.47635360133267174
1330.47628805167901894
1340.4762843745120623
1350.4763930843953518
1360.476787450235456
1370.4763994131348892
1380.4763012559330695
1390.4763371952376085
1400.4762053396755196
1410.4762000127630796
1420.4761953567218184
1430.4761929641752837
1440.4762630591394087
1450.4761273684590358
1460.4767418386004338
1470.4769269903513959
1480.4772931831739512
1490.476746262042272
1500.47697642064816786
1510.47663131320912233
1520.47673753183611056
1530.4766518070896401
1540.4764299210078786
1550.4762560089815201
1560.47628779040577773
1570.4762590684838149
1580.476223162769447
1590.4762939989449046
1600.4761625161326399
1610.4761606990937775
1620.4761821405841286
1630.4761609546950588
1640.4761605648999156
1650.47616062925409086
1660.4761679179286894
1670.47616039024672696
1680.4761603036561136
1690.47616608060619176
1700.4761608763670584
1710.4761600269076461
1720.4761636065227796
1730.476142066440419
1740.47614331176927066
1750.47614186654798996
1760.4761418931708746
1770.476143506509833
1780.47614185700967665
1790.47614163371305307
1800.47614136362766646
1810.47617710444304673
1820.4761418764199479
1830.47628462054559106
1840.47624141753092775
1850.4762295430374648
1860.4761789183711629
1870.4761785612535744
1880.4761785552970351
1890.4761784370984927
1900.47617839913168825
1910.4761788313095217
1920.47617824735278785
1930.47617813073415133
1940.47627175302736297
1950.47614640382155016
1960.4761248215331347
1970.47612620847453635
1980.4761053591348405
1990.4761274307328382
