Model:
InteractionModel(
  (conv1): Conv1d(2, 20, kernel_size=(80,), stride=(20,))
  (conv2): Conv1d(20, 10, kernel_size=(80,), stride=(20,))
  (fc0): Linear(in_features=130, out_features=60, bias=True)
  (fc1): Linear(in_features=60, out_features=2, bias=True)
)
Epochs: 100
06:03:53
Size of batches: 18
Learning rate: 0.0003
Momentum: 0.8
Training Loss over epochs
0 0.6926377146778666
1 0.6924601495952877
2 0.6922907800434215
3 0.6921146007246747
4 0.6919067148554666
5 0.6916557351421045
6 0.6913372385961114
7 0.6909168812449056
8 0.6903544281869096
9 0.6895678207440168
10 0.6883926144508221
11 0.6865920891171425
12 0.6834780397798264
13 0.6776937120322691
14 0.6680198324562728
15 0.6555214891278277
16 0.6447625351376074
17 0.6372646630830894
18 0.6308520965604434
19 0.6250666607493902
20 0.6196450259012731
21 0.6140743288449798
22 0.608998734522384
23 0.6041024890058245
24 0.5991940408464242
25 0.5946201452464699
26 0.5903894514345911
27 0.5857253386996316
28 0.5810987372951049
29 0.5768918491014337
30 0.5725632262810854
31 0.5679678958047956
32 0.5635629944162303
33 0.5596669183717106
34 0.5551227067287792
35 0.5508192895586882
36 0.5470181671576866
37 0.5434464389923807
38 0.5394159908706042
39 0.5365830475184177
40 0.533134515667417
41 0.5298806385633621
42 0.5272424008389386
43 0.5245643136805125
44 0.5216106914123658
45 0.518652362114197
46 0.5164624964931822
47 0.5138212949538019
48 0.5119474443178017
49 0.5094850747590007
50 0.5074218387249704
51 0.5057529098684551
52 0.5037275596515969
53 0.5021826781683311
54 0.5006305562908178
55 0.4990592777218754
56 0.49749765007127694
57 0.4962974315141823
58 0.49489866955169615
59 0.49411075818605393
60 0.4924537981365086
61 0.4912680659221119
62 0.49035921428876367
63 0.4892141126294963
64 0.48837509947581476
65 0.4874395916522393
66 0.4865924194136222
67 0.48556913949173847
68 0.48457883120289674
69 0.4838843978585716
70 0.4831901143501572
71 0.4825945667404857
72 0.4819466539676699
73 0.48138493610558875
74 0.48065653302028144
75 0.4802931946949775
76 0.47957926513648635
77 0.47924463959716834
78 0.4787819960673153
79 0.47847657016048234
80 0.4775974274486313
81 0.47786784775562496
82 0.47702116570976716
83 0.4766873628695937
84 0.476417616416955
85 0.476133264922609
86 0.4755752823503543
87 0.4758078895256556
88 0.47553202620767865
89 0.4748949790063719
90 0.4752701057055533
91 0.4742980903706976
92 0.4745942994407576
93 0.47422176866418325
94 0.4738116848319622
95 0.47377333003790867
96 0.4736794239504384
97 0.4737433839637196
98 0.4731106318982369
99 0.47277132325318444
Testing Loss over epochs
