Model:
InteractionModel(
  (conv1): Conv1d(2, 20, kernel_size=(60,), stride=(20,))
  (conv2): Conv1d(20, 10, kernel_size=(60,), stride=(20,))
  (fc0): Linear(in_features=130, out_features=60, bias=True)
  (fc1): Linear(in_features=60, out_features=2, bias=True)
)
Epochs: 250
14:51:38
Size of batches: 18
Learning rate: 0.001
Momentum: 0.8
Loss over epochs
0 0.6927264873864504
1 0.6923864432412776
2 0.6919594540539485
3 0.691186194322515
4 0.6896784472591122
5 0.6861740707919359
6 0.6731889946781808
7 0.6471529156214947
8 0.6308521569108821
9 0.6172000783758411
10 0.6035034548482653
11 0.5905982878477432
12 0.5786898029961396
13 0.566156188103962
14 0.5553010738441573
15 0.5451891365355868
16 0.5364001941084273
17 0.5268908970187988
18 0.520037131685154
19 0.5133035342513553
20 0.5079415027723133
21 0.503060801428794
22 0.49914385164926267
23 0.49571379106571534
24 0.49294958356614565
25 0.489684055216186
26 0.4879525897139423
27 0.48585197934988184
28 0.4840938358920006
29 0.48270720138454026
30 0.48140101226529364
31 0.4800967630348513
32 0.47958319616780926
33 0.47831192036620246
34 0.4778794550781859
35 0.4770808570923521
36 0.4763210223798183
37 0.4759191038049598
38 0.4755156040780435
39 0.47498829728056813
40 0.47459286664283545
41 0.4744398991234176
42 0.4740712505188434
43 0.47361749791376756
44 0.4731889370734416
45 0.473260305471078
46 0.472779726183332
47 0.4725092968875576
48 0.47232951367611864
49 0.47233557574522117
50 0.4723335289527289
51 0.4720044074323093
52 0.47190537720987347
53 0.47166931138526935
54 0.4715238712141692
55 0.4720465977862355
56 0.471650513067503
57 0.4713227462132667
58 0.47112572782911827
59 0.4711708019428988
60 0.471023400863378
61 0.47085146035337905
62 0.4705973374910326
63 0.47098352189200626
64 0.47103741666891485
65 0.4704907538076746
66 0.47071929087087755
67 0.47038874258757973
68 0.4701519189871649
69 0.47036494607590984
70 0.4704225254482763
71 0.4699139386111276
72 0.47016798764967704
73 0.47011756214963635
74 0.4700366104555868
75 0.4699493756822587
76 0.4699054982342687
77 0.46961623694223914
78 0.4697660989262063
79 0.4700520244385013
80 0.4698352547393726
81 0.46989696003082043
82 0.4697716451805989
83 0.46928641534691623
84 0.46962169865695197
85 0.4694321430510583
86 0.46930707076053535
87 0.46955941556157116
88 0.46953683633297183
89 0.46943721953370987
90 0.4694489755636774
91 0.4692533374382235
92 0.46931025576230373
93 0.4692231785575928
94 0.46919100132277425
95 0.4688908518400874
96 0.4688925024981871
97 0.46895129041017025
98 0.4688885516640698
99 0.468787422590755
100 0.4689838731018069
101 0.46866261832487205
102 0.46861624133834173
103 0.4688697400593938
104 0.46883080415439954
105 0.46864056482219285
106 0.4687332213710004
107 0.46841685070110695
108 0.4686712176441793
109 0.46883893301505025
110 0.4687361597112028
111 0.46857109800309854
112 0.4682134974442464
113 0.468393972369845
114 0.46827904801051556
115 0.46843497079769797
116 0.4683991460804881
117 0.4683041605935271
118 0.46837218937451486
119 0.46791013124391834
120 0.468366648144419
121 0.46820875458667105
122 0.4682313743727279
123 0.4682025439671713
124 0.4682280315472022
125 0.46809297939409816
126 0.4680500605760297
127 0.4680180570523441
128 0.4679522660950669
129 0.4679260638578966
130 0.46780989076457685
131 0.4679265725875631
132 0.468130925934606
133 0.46751398031633856
134 0.46807044620846777
135 0.4675280056896279
136 0.4679122875307515
137 0.46766722316132747
138 0.4674050841611743
139 0.4680577156710162
140 0.46792757803568685
141 0.4677767460876913
142 0.46778453752560406
143 0.4676860369052548
144 0.4677791859627084
145 0.4677121079219263
146 0.46752126788205917
147 0.4678026765123731
148 0.46772114367794354
149 0.46754843989680933
150 0.4678076954903789
151 0.4676249174350259
152 0.46753461668277047
153 0.4674002740349391
154 0.4677346206276598
155 0.46756573493911674
156 0.46737847788026937
157 0.46750656556329484
158 0.46716328750796565
159 0.46752900079476584
160 0.4677159928906541
161 0.46716417986034836
162 0.46766023549312896
163 0.46750006023739216
164 0.4669715003096669
165 0.4670740737308983
166 0.4672940215528266
167 0.4671748107029962
168 0.46705324806035015
169 0.46714136326316946
170 0.4667854247652154
171 0.467160708169463
172 0.46694188506382645
173 0.46701343553333957
174 0.4671615850760586
175 0.46687725830085974
176 0.4668917032716146
177 0.46707434716254503
178 0.4668402206281474
179 0.4671690408772138
180 0.4670381442099996
181 0.46695904139825534
182 0.4668596975105469
183 0.4668873912769201
184 0.46687325936302687
185 0.4669362171861267
186 0.46688994542524775
187 0.46720316221064784
188 0.46698825156998786
189 0.4666501800794919
190 0.46645470542031603
191 0.4668344502822718
192 0.4666932584582327
193 0.4665756858922087
194 0.46682433628470715
195 0.4669639634230359
196 0.46664311512347934
197 0.46661929127257007
198 0.4664524816489353
199 0.46659098042050673
200 0.4666106727588793
201 0.46684437026544195
202 0.46668336394000376
203 0.4665883283768981
204 0.46673262272377253
205 0.46648840981562906
206 0.4667396928316518
207 0.4665947210388353
208 0.4665795256226401
209 0.46668926899002144
210 0.46661577504992996
211 0.46664305592117084
212 0.46666104051876034
213 0.4665542476303608
214 0.46637908769431063
215 0.46641627418237336
216 0.4660930259960986
217 0.46648681144161686
218 0.4664737488786209
219 0.4663509301225488
220 0.4664148203452088
221 0.4662601382256653
222 0.4665476038811589
223 0.46663903629736636
224 0.46647903897238674
225 0.4663674601273667
226 0.4663879792078726
227 0.4663816911042973
228 0.46615930701856517
229 0.46665856077320134
230 0.46631223989781245
231 0.46639407256107246
232 0.4661236774835062
233 0.4663263323238738
234 0.4663539624033612
235 0.4661815533678823
236 0.46649440853149043
237 0.466304758759286
238 0.46646693296875263
239 0.46632039924770113
240 0.4661938163415358
241 0.466051460058233
242 0.46606450594880683
243 0.4661705772618459
244 0.4660699287742857
245 0.46614737542279266
246 0.4659401325752439
247 0.46591550750602106
248 0.4658496800735274
249 0.4656334667760053
