Model:
InteractionModel(
  (conv1): Conv1d(2, 20, kernel_size=(5,), stride=(1,))
  (conv2): Conv1d(20, 10, kernel_size=(5,), stride=(1,))
  (fc0): Linear(in_features=58270, out_features=800, bias=True)
  (fc1): Linear(in_features=800, out_features=80, bias=True)
  (fc3): Linear(in_features=80, out_features=2, bias=True)
)
Epochs: 200
13:40:53
Size of batches: 18
Loss over epochs
0.6928306230597485
0.6926768031369945
0.6925155309065416
0.6922633222227313
0.6918159828085549
0.6910719926670503
0.6896673050961449
0.6868628061520335
0.6796191458958013
0.6563212302196643
0.6106599334297426
0.5765893459810723
0.5560830453920411
0.5414246390299221
0.5299702173281077
0.5212598350003318
0.5141798573907049
0.5088219024218891
0.5043906558293986
0.5008480285475589
0.4977489944190464
0.49550919054682646
0.49343070208260914
0.4915529127022056
0.4900510609444325
0.4886054707900215
0.48786863362785227
0.48678985264570573
0.48605242719923464
0.4855669918698545
0.48490380557854396
0.4844606536507096
0.48410452759536743
0.48382520123182804
0.48312269788570295
0.48288708011649495
0.48273010258027743
0.4825178548266788
0.48227214511970884
0.48209848477921285
0.4816695150573041
0.4819315398528382
0.48165056960222397
0.48110281005084693
0.48107384099629036
0.4806299787192585
0.480483933542369
0.48041093611466007
0.4801655061982123
0.4807903052730548
0.48006185431954573
0.47996368619576857
0.4799951881042703
0.47958958825077475
0.4793335258823341
0.4790525404901382
0.4791329992928315
0.47887411320095674
0.47871106865965773
0.4786364680691538
0.4784167764863569
0.4783179754189531
0.47820954120469245
0.47825472199645996
0.4781516634754574
0.47815604995142524
0.4780502423060188
0.47812505190530263
0.4779181718571154
0.47792526468227364
0.47797917049889665
0.47796562534827797
0.47757350873468263
0.4778256864876664
0.4776246842091359
0.47741852796387824
0.47732112793927134
0.47714468797532045
0.47708377989844974
0.4771310608364227
0.47687007984834007
0.4767894130672402
0.47724615794520336
0.47694447118473715
0.4766022883672089
0.4768681301464562
0.4766172005975564
0.47622093054900483
0.4760294293823468
0.47558461524641826
0.4750838928859329
0.4746332297522966
0.47457650510896615
0.4739616971326808
0.4737957339460299
0.47341580693369284
0.47299878034773807
0.47281228613806353
0.4726965525529476
0.47229709561851646
0.4720744096628333
0.4718228567773117
0.4718147500647814
0.471744933222955
0.47153632071483753
0.4714330383869312
0.47128866486813153
0.4711183631914715
0.4707685905653747
0.4708097345506356
0.4707200475181841
0.47059946795965363
0.470508145528441
0.47029711465557666
0.47021881861634895
0.4702519968932186
0.4701808369842689
0.4701370266969949
0.4701041006457072
0.4701875291315788
0.4702649265184267
0.4699743252307677
0.46989379040614765
0.4698976747173991
0.4698760036402405
0.4697096430238705
0.46974197746422247
0.4696823859199082
0.46966704361172623
0.469630960447442
0.46947879568699125
0.46948186417806687
0.469505395402946
0.46933943142143564
0.4692703841605546
0.46927470372113345
0.469255424385837
0.46925513974765354
0.46926312499388606
0.46914029564950116
0.4690926499299246
0.4690695874660393
0.46914436562421646
0.46903258173490064
0.4691645229455472
0.4690734099941423
0.46896907361392953
0.4688300080290742
0.46885129501248884
0.4688009365357809
0.4687149788464297
0.4686778221214371
0.46876003086115525
0.4687228879529785
0.46889292546153893
0.46875792256028076
0.468768455174003
0.46874763413522835
0.4686051530197415
0.4685282888756326
0.4685286312637888
0.4685385982025443
0.4686230675911958
0.4686088309913707
0.46852746257508787
0.46850665078023407
0.4683975737209496
0.4684920440703032
0.4685872425403413
0.468446234897991
0.4684600218232619
0.4684898888727219
0.46849246114580734
0.46856973889159026
0.46853263495115216
0.4683964373467194
0.4684022127659571
0.4684771672161072
0.46826021892874503
0.46820811528416895
0.4682292563274655
0.46813636325400326
0.4682908261984165
0.4683020679935798
0.46819840196445267
0.4682062843696122
0.46810033601445905
0.46814291239530587
0.46816530298707826
0.46802196723087314
0.46794177343039123
0.4679955507349254
0.46794026700493374
0.46797521502162265
0.4678977864684343
0.4679338610953393
0.46795268113926364
0.4679673333916964
0.4679417292519074
0.46819555830084103
