2.49656 1
1.18533 1
1.97347 1
1.52369 1
1.97983 1
1.82103 1
0.0866886 1
2.11886 1
2.23961 1
27.6112 1
1.71573 1
3.63035 1
0.785379 1
4.27762 1
1.26245 1
1.05782 1
3.15199 1
0.739179 1
6.04197 1
1.50907 1
1.19476 1
3.49153 1
3.09656 1
1.52479 1
3.05304 1
1.50366 1
2.38017 1
7.89227 1
2.62825 1
1.47976 1
0.341307 1
1.87737 1
2.62868 1
0.965714 1
0.943152 1
5.08364 1
0.141977 1
2.69228 1
1.39903 1
1.66582 1
1.20864 1
0.0774793 1
0.668466 1
7.27254 1
3.03595 1
2.38263 1
1.65656 1
0.570202 1
2.42248 1
3.10737 1
1.79044 1
1.02349 1
4.02155 1
1.00094 1
1.42819 1
0.458809 1
1.57637 1
0.551031 1
2.91206 1
0.569703 1
1.35718 1
0.461232 1
1.14423 1
3.39781 1
1.96062 1
1.44337 1
2.07893 1
0.906864 1
1.01809 1
0.535509 1
1.81186 1
5.78789 1
2.7292 1
1.3015 1
1.99181 1
2.16354 1
0.373143 1
0.518459 1
0.75473 1
0.989238 1
6.73007 1
0.24578 1
4.86366 1
0.363798 1
0.329873 1
1.42016 1
0.927552 1
1.22085 1
1.17482 1
5.43505 1
2.99523 1
0.606756 1
122.112 1
0.564955 1
2.63123 1
3.30091 1
0.785224 1
2.43326 1
5.6043 1
0.749013 1
0.832686 1
0.335935 1
1.13266 1
0.225957 1
2.60908 1
4.24057 1
1.40607 1
5.32145 1
0.605531 1
1.63074 1
1.25084 1
1.18662 1
0.862443 1
0.469221 1
1.51765 1
2.07126 1
1.49747 1
0.266101 1
0.165287 1
1.56379 1
3.83711 1
0.982759 1
1.46423 1
0.391132 1
7.21065 1
1.1065 1
0.562832 1
0.285222 1
2.93616 1
2.01618 1
0.962645 1
3.54466 1
0.250643 1
2.26624 1
1.51002 1
0.736405 1
2.25813 1
1.51685 1
1.40874 1
0.484915 1
3.67181 1
1.09691 1
0.780913 1
5.4675 1
0.980225 1
5.69835 1
2.8832 1
0.797573 1
0.148278 1
1.34854 1
2.40769 1
1.42972 1
3.0892 1
0.460655 1
1.71749 1
0.763454 1
1.09299 1
1.12787 1
0.0594591 1
1.43801 1
3.21591 1
4.53302 1
0.669735 1
1.45877 1
0.541108 1
0.961313 1
1.83381 1
2.56362 1
0.837018 1
0.0371283 1
2.40967 1
0.420372 1
1.60096 1
0.206239 1
1.76024 1
0.478801 1
5.53071 1
1.65255 1
4.31655 1
4.88709 1
0.264862 1
0.895873 1
1.85816 1
1.60401 1
26.3779 1
1.23502 1
1.09774 1
2.4102 1
1.00264 1
0.721921 1
2.84372 1
5.39863 1
0.501067 1
3.33171 1
1.49046 1
2.17675 1
2.62175 1
1.482 1
2.77114 1
4.21205 1
0.528798 1
8.83621 1
2.19576 1
0.00812229 1
1.21069 1
0.890185 1
0.62654 1
2.92825 1
0.674441 1
2.45067 1
0.645336 1
2.40967 1
4.32227 1
0.389961 1
0.607017 1
3.41511 1
1.72062 1
0.297265 1
1.76685 1
0.782729 1
0.0440665 1
0.764441 1
3.23466 1
1.93054 1
1.45991 1
0.388715 1
0.24632 1
2.8066 1
19.7791 1
5.69183 1
2.14295 1
7.14009 1
3.86176 1
1.39684 1
1.60895 1
0.296184 1
1.05022 1
0.184727 1
1.4189 1
2.75826 1
1.14573 1
3.12822 1
5.53867 1
2.27329 1
8.10542 1
3.61849 1
0.738973 1
1.42073 1
1.07231 1
1.68847 1
3.96777 1
1.45025 1
0.309077 1
1.52586 1
0.979643 1
1.43857 1
3.79149 1
0.554453 1
1.04908 1
0.87388 1
161.434 1
3.15184 1
0.854871 1
1.92015 1
0.892418 1
4.10006 1
1.40116 1
1.52681 1
2.71708 1
1.97598 1
0.33211 1
0.870081 1
0.178999 1
3.80879 1
0.479356 1
1.67655 1
12.4703 1
3.13256 1
2.81108 1
2.90033 1
2.34293 1
1.30035 1
0.290445 1
1.3996 1
3.80383 1
5.88648 1
7.07677 1
1.9459 1
2.14296 1
1.29802 1
0.259788 1
0.785202 1
2.97764 1
1.27578 1
1.11936 1
0.510059 1
0.454968 1
2.58859 1
1.54071 1
1.97408 1
2.5861 1
4.86552 1
1.12047 1
0.916427 1
0.18 1
1.23182 1
0.670455 1
33.6221 1
2.75549 1
2.63067 1
1.01119 1
0.40605 1
1.76313 1
1.05489 1
0.762701 1
0.825582 1
0.644764 1
3.80837 1
3.44734 1
0.778132 1
0.708339 1
0.319572 1
4.34666 1
4.69337 1
1.30578 1
6.89865 1
1.89002 1
0.410698 1
1.65179 1
0.437833 1
0.198581 1
0.870552 1
0.338522 1
2.60499 1
0.185834 1
4.28825 1
2.68995 1
0.556641 1
0.415912 1
0.852814 1
2.81957 1
0.97813 1
1.07477 1
0.156221 1
2.31182 1
1.53671 1
1.8938 1
1.79793 1
0.811205 1
1.53707 1
0.323229 1
1.20669 1
8.45869 1
1.18953 1
5.05199 1
0.789418 1
1.00197 1
2.37005 1
4.20112 1
0.030562 1
0.919685 1
0.975921 1
1.47674 1
4.29703 1
0.893921 1
1.25052 1
2.4533 1
0.622305 1
0.670971 1
4.33048 1
3.3698 1
0.269526 1
0.942677 1
7.51909 1
2.78895 1
1.55824 1
1.74139 1
2.18744 1
0.51157 1
0.410608 1
1.4796 1
1.17311 1
0.501304 1
1.1318 1
3.81548 1
1.00762 1
2.0185 1
2.10562 1
1.53038 1
9.08661 1
44.1208 1
3.48848 1
0.341815 1
0.912153 1
3.54846 1
2.73428 1
2.98627 1
2.317 1
1.25209 1
2.63663 1
4.98497 1
1.61078 1
0.928572 1
1.49241 1
0.254771 1
5.20855 1
2.27955 1
2.20344 1
1.30367 1
2.31932 1
3.38854 1
1.54259 1
0.717784 1
3.09749 1
9.37918 1
0.286169 1
1.82567 1
1.41283 1
1.41939 1
0.948803 1
0.275599 1
0.389378 1
1.08689 1
0.565449 1
4.3307 1
0.322371 1
3.43353 1
1.34192 1
0.0980257 1
1.94922 1
5.40418 1
2.02624 1
0.419339 1
1.30363 1
1.63849 1
1.24827 1
1.98397 1
1.11312 1
2.00561 1
0.397923 1
1.52477 1
0.61622 1
1.20212 1
2.89484 1
7.23634 1
1.13356 1
2.59637 1
5.43549 1
1.27046 1
1.73273 1
0.895514 1
1.34302 1
0.133124 1
0.794294 1
3.38029 1
1.81877 1
1.32548 1
1.97241 1
1.54794 1
3.30154 1
1.82266 1
4.7701 1
2.1578 1
0.814714 1
0.198239 1
1.28888 1
4.06663 1
0.456399 1
1.85531 1
1.37786 1
2.02102 1
1.6824 1
0.869098 1
0.276618 1
3.18414 1
0.872203 1
0.399161 1
2.5654 1
2.7374 1
2.10586 1
0.154735 1
1.59768 1
2.24212 1
0.278005 1
3.80623 1
0.669269 1
0.596209 1
1.6787 1
1.24317 1
3.02694 1
1.88212 1
18.3224 1
0.950145 1
2.26192 1
0.356195 1
1.98005 1
1.59967 1
2.04829 1
0.274121 1
1.31384 1
2.71327 1
1.12046 1
3.24719 1
0.228798 1
4.09457 1
8.92318 1
1.24022 1
0.834931 1
1.58889 1
0.633927 1
5.15676 1
1.3208 1
0.756816 1
1.12112 1
3.11151 1
2.41925 1
2.84111 1
0.36447 1
0.687482 1
1.05859 1
1.33594 1
4.01582 1
1.34431 1
1.74307 1
0.716616 1
3.39077 1
2.74742 1
2.17329 1
4.68811 1
3.36862 1
0.48261 1
1.83265 1
1.29579 1
1.01479 1
21.2716 1
0.460809 1
1.38222 1
1.65843 1
1.37076 1
0.506351 1
0.823027 1
2.02804 1
2.75889 1
1.42286 1
0.300669 1
2.2607 1
6.99281 1
1.18248 1
0.140685 1
0.553091 1
2.7209 1
4.51977 1
0.488337 1
1.45708 1
1.07343 1
0.775834 1
1.73309 1
0.752529 1
0.625866 1
2.34394 1
2.3531 1
1.31885 1
0.871078 1
2.97156 1
1.5505 1
38.0515 1
4.00208 1
2.94704 1
38.0819 1
0.596992 1
0.3205 1
2.08838 1
0.906639 1
0.384207 1
1.62192 1
6.43993 1
2.60933 1
0.980795 1
0.835055 1
1.85979 1
2.97411 1
1.15372 1
1.15033 1
1.32678 1
1.12295 1
2.36276 1
2.49653 1
2.62371 1
1.49456 1
1.56685 1
2.56253 1
1.39571 1
5.79066 1
0.368281 1
1.159 1
1.15415 1
5.79784 1
2.11292 1
0.443968 1
1.68177 1
3.19754 1
0.49718 1
3.74471 1
0.944221 1
2.61311 1
1.83933 1
1.47933 1
1.91715 1
5.2711 1
3.29055 1
19.5827 1
1.46881 1
0.156032 1
1.06823 1
2.03853 1
5.68782 1
0.254043 1
3.87499 1
3.87945 1
1.83176 1
0.872417 1
3.9022 1
1.63322 1
0.253395 1
1.76734 1
2.2718 1
3.43203 1
5.33584 1
0.380305 1
3.27077 1
1.44984 1
0.709235 1
3.04041 1
0.166112 1
0.468766 1
2.57815 1
4.54135 1
0.881508 1
0.950919 1
3.25849 1
1.61002 1
1.56175 1
1.32664 1
1.62276 1
0.605045 1
1.41973 1
1.24411 1
1.26154 1
1.42809 1
3.69238 1
0.659109 1
3.23689 1
0.890583 1
3.02011 1
3.61505 1
1.30165 1
1.05307 1
2.09677 1
2.42717 1
0.691191 1
0.715239 1
1.52525 1
1.58366 1
0.461881 1
0.0163119 1
0.845004 1
1.24553 1
2.56836 1
1.22451 1
0.330668 1
4.52032 1
1.56655 1
3.4419 1
3.76079 1
1.99202 1
1.57282 1
0.494113 1
4.52809 1
1.66879 1
1.85464 1
1.20326 1
1.46132 1
3.40245 1
0.43017 1
0.256395 1
3.59311 1
0.469585 1
11.0364 1
6.11202 1
0.970302 1
1.55541 1
2.54854 1
5.82373 1
0.801081 1
23.3294 1
1.10418 1
6.96759 1
1.89065 1
2.1756 1
1.61439 1
5.5588 1
1.05177 1
0.332371 1
1.32809 1
0.321919 1
0.873203 1
0.620341 1
0.676804 1
2.36562 1
0.272773 1
2.07042 1
0.566783 1
4.58292 1
0.754494 1
1.77049 1
1.24328 1
0.917771 1
1.80901 1
2.92625 1
3.63061 1
3.73619 1
2.20458 1
2.70213 1
1.68396 1
4.9539 1
1.39073 1
0.602993 1
0.822823 1
3.25893 1
0.814165 1
1.96193 1
0.692306 1
1.07485 1
0.613042 1
0.636016 1
1.25727 1
2.35797 1
4.71561 1
2.91504 1
2.76911 1
4.81737 1
4.09002 1
3.13604 1
0.402187 1
4.31107 1
0.571275 1
0.331224 1
1.94462 1
0.631726 1
0.418861 1
2.7387 1
2.28581 1
2.36294 1
0.663445 1
2.73725 1
2.46251 1
5.84982 1
0.644263 1
0.301506 1
1.72915 1
5.46959 1
3.11212 1
3.74879 1
3.5495 1
0.674973 1
1.4637 1
2.50653 1
2.20511 1
0.555844 1
3.20348 1
0.121883 1
0.995446 1
7.65104 1
0.643945 1
1.37716 1
1.69069 1
0.327335 1
0.907617 1
0.211512 1
0.726469 1
2.08172 1
0.0585966 1
5.72846 1
1.04102 1
1.29732 1
1.53792 1
3.81561 1
4.29394 1
1.48373 1
3.44511 1
2.47929 1
2.8109 1
0.713529 1
0.737502 1
0.230109 1
0.468565 1
0.86361 1
0.910227 1
0.219848 1
0.601843 1
2.03839 1
0.609301 1
0.197034 1
1.8864 1
1.56046 1
1.16761 1
10.8265 1
2.23036 1
2.59427 1
2.62847 1
1.17816 1
4.40344 1
5.52211 1
0.64541 1
3.19072 1
1.92634 1
0.74371 1
1.73332 1
1.20149 1
4.68261 1
3.17603 1
0.961559 1
1.15924 1
3.09655 1
1.25867 1
2.10665 1
1.94376 1
3.95125 1
0.269737 1
1.48031 1
0.977486 1
3.27324 1
2.09999 1
0.810462 1
5.11459 1
0.914685 1
3.20708 1
1.08686 1
0.347515 1
3.90696 1
1.52511 1
3.52484 1
0.688153 1
4.49637 1
0.805124 1
1.17059 1
1.89451 1
1.78074 1
0.99292 1
1.06911 1
2.15599 1
193.807 1
1.45582 1
0.407454 1
2.06209 1
0.734816 1
1.23939 1
2.07827 1
0.681532 1
2.14294 1
0.760195 1
0.625689 1
1.28252 1
1.49599 1
2.89555 1
8.1579 1
0.331276 1
1.36151 1
3.59844 1
1.24359 1
3.32872 1
0.106465 1
0.87587 1
1.99853 1
1.61572 1
3.22618 1
3.86798 1
4.82532 1
2.06953 1
0.966514 1
2.02828 1
1.96732 1
2.01007 1
2.64012 1
0.781271 1
1.55926 1
1.3464 1
1.90047 1
2.68055 1
2.70288 1
4.37078 1
2.4853 1
1.65408 1
0.835578 1
1.06005 1
4.36884 1
1.5912 1
29.6955 1
2.66467 1
0.761272 1
0.834219 1
1.10368 1
0.574581 1
0.811958 1
0.42396 1
2.08161 1
2.92862 1
4.03561 1
3.98913 1
1.14205 1
1.74528 1
0.901084 1
3.66781 1
0.424042 1
0.274849 1
1.40746 1
0.258655 1
0.786523 1
0.438059 1
2.61046 1
1.05748 1
0.803448 1
0.507202 1
2.38111 1
0.40554 1
1.99876 1
0.792607 1
0.435923 1
0.77954 1
2.01691 1
11.3139 1
3.68316 1
2.06906 1
0.535119 1
1.81848 1
0.515605 1
0.433987 1
3.6922 1
1.39864 1
3.00015 1
1.29349 1
0.732832 1
0.372856 1
0.361728 1
1.19875 1
2.90997 1
1.78885 1
1.79741 1
2.57911 1
0.189871 1
1.77783 1
1.93091 1
0.971968 1
4.19545 1
3.16415 1
0.803573 1
0.491021 1
4.21374 1
0.589261 1
0.0659689 1
1.61793 1
1.30701 1
2.09194 1
3.62399 1
3.1858 1
2.6895 1
2.14497 1
1.5753 1
3.90212 1
3.18988 1
1.19788 1
0.289616 1
1.13445 1
4.29586 1
1.96663 1
30.2808 1
10.1516 1
2.09755 1
0.497158 1
1.84271 1
9.81744 1
1.95698 1
1.47991 1
1.16577 1
3.99666 1
0.308109 1
2.26795 1
0.367187 1
0.605045 1
0.985647 1
5.81044 1
4.39862 1
2.98146 1
1.21027 1
2.35345 1
1.44156 1
1.27751 1
1.49363 1
0.573356 1
1.65465 1
5.4105 1
2.3067 1
1.08256 1
5.32435 1
6.67371 1
0.277871 1
1.14744 1
1.18214 1
0.0532823 1
5.23435 1
1.69358 1
2.82089 1
0.410674 1
0.275394 1
1.60237 1
3.04522 1
3.5525 1
12.3076 1
0.307059 1
1.5265 1
2.61152 1
1.3761 1
1.63985 1
0.494471 1
2.15469 1
0.462806 1
4.5515 1
0.327374 1
0.228015 1
7.86008 1
2.68002 1
0.504406 1
1.13175 1
1.31613 1
1.20814 1
0.167875 1
2.95488 1
4.04689 1
0.787014 1
17.8502 1
1.75649 1
0.15937 1
6.47568 1
14.0404 1
1.71642 1
3.46628 1
1.10177 1
2.48992 1
1.67021 1
2.53831 1
8.96031 1
2.17366 1
0.220272 1
0.234071 1
1.85342 1
0.442743 1
3.62648 1
3.82774 1
1.74377 1
4.25051 1
2.71915 1
1.71383 1
2.52193 1
2.60005 1
0.495581 1
2.4955 1
0.359615 1
1.34454 1
7.91479 1
1.66639 1
1.26891 1
2.08086 1
2.4984 1
1.98316 1
2.27712 1
0.966413 1
0.312446 1
3.60841 1
2.41115 1
0.149266 1
0.279378 1
1.74707 1
3.44538 1
1.09455 1
2.52996 1
1.04875 1
0.967161 1
0.517521 1
0.771822 1
0.541687 1
0.331194 1
5.48294 1
5.82359 1
2.56126 1
1.76255 1
0.945502 1
1.99123 1
1.29419 1
0.919889 1
1.14658 1
0.910248 1
3.5923 1
0.224418 1
1.81633 1
3.08412 1
1.74947 1
1.11543 1
3.69684 1
1.92008 1
0.784542 1
0.362347 1
2.44178 1
1.06311 1
1.92992 1
0.37831 1
1.18012 1
3.09024 1
4.21978 1
0.74527 1
2.24225 1
2.98814 1
2.43949 1
3.46692 1
0.537957 1
1.17384 1
0.616459 1
1.65992 1
0.299588 1
0.492395 1
1.23675 1
2.95579 0
3.31519 0
1.19724 0
1.3585 0
2.78661 0
0.638683 0
2.38683 0
0 0
2.45145 0
5.31124 0
0.843708 0
2.05375 0
1.76502 0
2.10575 0
1.50527 0
0.405587 0
0.431457 0
1.83824 0
1.32568 0
2.64277 0
2.97974 0
0.614644 0
0.480681 0
0.906605 0
1.25247 0
0.316183 0
1.72483 0
1.88914 0
1.49917 0
0.637246 0
1.86803 0
1.54465 0
3.18068 0
0.806814 0
1.51491 0
1.65347 0
0.199843 0
0.947377 0
2.20641 0
0.460847 0
4.03847 0
3.24893 0
1.87339 0
0.156828 0
2.38281 0
3.4235 0
1.2319 0
3.75995 0
0.318904 0
9.43843 0
1.31954 0
0.736831 0
3.48803 0
0.369211 0
2.20626 0
3.12332 0
1.1858 0
1.05412 0
0.285381 0
1.0371 0
1.13376 0
1.3769 0
2.08245 0
1.75609 0
1.06425 0
4.58231 0
2.48313 0
0.691392 0
3.77977 0
3.52519 0
0.376497 0
1.21257 0
0.59619 0
0.403623 0
1.1654 0
0.359434 0
1.49996 0
0.595609 0
1.93445 0
0.463458 0
2.48 0
1.06969 0
2.1127 0
0.679573 0
1.09516 0
4.15798 0
10.3348 0
3.68396 0
1.95042 0
1.24409 0
2.55747 0
0.380886 0
0.198978 0
1.36921 0
0.938944 0
3.97916 0
0.959718 0
0.712044 0
1.02109 0
1.22294 0
4.44306 0
2.39963 0
2.33661 0
1.61306 0
3.28448 0
7.38062 0
1.02468 0
2.15363 0
1.96451 0
0.697049 0
0.752035 0
0.139421 0
1.53678 0
2.83026 0
2.41011 0
2.76241 0
3.03877 0
3.22188 0
0.990275 0
8.37405 0
0.518712 0
2.55018 0
3.14609 0
3.56286 0
4.59424 0
2.69934 0
0.492199 0
3.14699 0
0.799359 0
10.0448 0
0.977373 0
0.480879 0
3.36558 0
2.14575 0
3.54517 0
4.33178 0
3.40859 0
1.84062 0
0.71904 0
6.02469 0
0.813576 0
0.5576 0
0.651719 0
0.46527 0
0.804953 0
0.740906 0
1.00893 0
2.09703 0
1.97639 0
48.416 0
0.821928 0
29.6421 0
2.75454 0
3.83277 0
0.836329 0
2.78631 0
3.36676 0
1.89453 0
1.09704 0
2.69741 0
2.28842 0
0.322151 0
0.719302 0
0.730793 0
0.935191 0
3.95507 0
1.93618 0
1.06165 0
0.432935 0
3.04631 0
1.12887 0
0.532927 0
3.12722 0
0.519839 0
2.02708 0
0.473966 0
0.779502 0
1.46127 0
4.96237 0
2.65626 0
9.93144 0
2.12019 0
6.60428 0
1.85524 0
4.35905 0
5.06505 0
2.38378 0
2.35306 0
2.79109 0
2.49802 0
4.60556 0
0.604176 0
2.57233 0
1.30591 0
3.73171 0
1.08553 0
0.949036 0
1.23175 0
0.154512 0
0.590924 0
1.88203 0
1.73889 0
0.351421 0
0.323686 0
0.882155 0
3.72499 0
0.788193 0
6.12729 0
2.8331 0
2.10817 0
0.365097 0
1.89701 0
0.626296 0
0.931825 0
0.236737 0
0.154509 0
2.39497 0
2.12501 0
0.674246 0
2.83619 0
0.501308 0
0.764154 0
0.975123 0
1.39988 0
0.203112 0
0.572187 0
3.01103 0
1.01493 0
0.154849 0
3.53438 0
3.9093 0
0.377175 0
1.28993 0
0.367614 0
1.03409 0
1.20248 0
1.66522 0
1.55745 0
3.52285 0
0.905063 0
1.25146 0
2.08529 0
1.30561 0
1.61979 0
1.60981 0
4.3937 0
0.739456 0
0.984541 0
2.16674 0
2.33086 0
0.985 0
1.03168 0
1.16905 0
1.41648 0
5.61718 0
0.530088 0
0.343334 0
0.706352 0
0.376768 0
1.59136 0
0.221284 0
0.267226 0
0.592199 0
2.69876 0
5.20866 0
2.71402 0
0.938236 0
0.174073 0
1.60989 0
1.59777 0
1.18963 0
3.5777 0
0.320983 0
1.12877 0
2.64771 0
0.440231 0
0.773837 0
1.21506 0
1.35527 0
1.14459 0
1.72845 0
5.70376 0
3.24661 0
1.68173 0
0.480832 0
0.0911547 0
1.85724 0
0.802954 0
1.30953 0
2.97625 0
2.05937 0
0.11171 0
0.0921974 0
1.48273 0
1.40258 0
1.44237 0
2.51836 0
0.678502 0
8.42267 0
2.49451 0
0.378992 0
0.538071 0
4.8649 0
0.474338 0
2.11681 0
0.588982 0
3.1777 0
3.78349 0
1.02111 0
1.94253 0
1.29421 0
5.45884 0
1.78634 0
1.54508 0
2.06638 0
0.775439 0
4.00859 0
0.270239 0
2.39581 0
2.18168 0
0.17081 0
0.471093 0
0.789077 0
1.48825 0
1.84261 0
1.73306 0
0.589157 0
0.967008 0
12.2281 0
4.70772 0
0.517646 0
1.55965 0
1.20783 0
0.219525 0
1.25926 0
0.48162 0
4.25556 0
0.369972 0
1.47326 0
0.4453 0
0.360899 0
0.40773 0
1.42319 0
0.505785 0
0.296608 0
0.403622 0
7.31028 0
1.91092 0
11.0141 0
2.20715 0
1.2513 0
0.497279 0
1.69883 0
0.237412 0
1.3893 0
0.832078 0
0.971727 0
0.421855 0
2.97781 0
1.72723 0
3.10974 0
1.37844 0
0.625991 0
0.828467 0
0.461601 0
1.17419 0
0.847365 0
1.94001 0
0.637024 0
0.847078 0
0.231433 0
0.54938 0
4.10676 0
2.2196 0
1.8611 0
4.07048 0
1.10972 0
0.787294 0
0.8216 0
1.31552 0
1.22026 0
1.29839 0
1.70891 0
2.92066 0
2.9988 0
1.20262 0
2.03421 0
1.57653 0
0.798085 0
2.68289 0
1.48058 0
1.80816 0
0.444597 0
2.19661 0
1.79002 0
2.87444 0
2.53239 0
1.26696 0
1.98948 0
0.711113 0
0.776424 0
0.252482 0
8.75446 0
0.596037 0
0.110249 0
8.24939 0
31.0248 0
0.681992 0
1.17438 0
5.90586 0
0.571864 0
10.2266 0
0.915649 0
0.649946 0
1.64464 0
0.264279 0
3.28045 0
1.15947 0
0.131586 0
1.22086 0
1.6551 0
1.03885 0
2.74203 0
1.65059 0
0.156396 0
1.90313 0
2.18149 0
2.87271 0
0.510548 0
4.50587 0
0.242886 0
2.34923 0
5.37675 0
0.775742 0
0.325046 0
1.49912 0
0.639603 0
1.05431 0
0.181968 0
1.26097 0
5.09739 0
1.04198 0
0.804794 0
0.253234 0
0.520246 0
0.945473 0
0.566467 0
3.20779 0
1.51618 0
0.998045 0
0.461269 0
6.1364 0
3.79126 0
2.87039 0
3.53169 0
0.607388 0
2.38662 0
2.72411 0
0.291043 0
0.373583 0
0.159889 0
1.02697 0
0.471698 0
0.881306 0
1.56551 0
1.05407 0
2.29868 0
1.82436 0
0.147823 0
1.93949 0
1.66277 0
0.312519 0
4.44575 0
0.531903 0
1.96585 0
4.03422 0
0.857763 0
1.45773 0
0.814225 0
0.0894375 0
0.509095 0
2.4341 0
1.2239 0
2.35 0
1.12383 0
3.59672 0
2.23784 0
0.244073 0
1.68068 0
193.434 0
1.28946 0
2.1087 0
10.5596 0
2.47991 0
1.82154 0
0.799164 0
0.795871 0
14.5379 0
9.39476 0
2.61605 0
2.13783 0
0.644962 0
0.466889 0
0.491251 0
5.82239 0
0.652329 0
2.63905 0
3.17767 0
0.0975955 0
5.87665 0
1.08662 0
0.421584 0
11.0671 0
1.18929 0
0.175874 0
0.319268 0
2.90321 0
3.3894 0
1.61812 0
1.41373 0
2.67926 0
0.183026 0
1.34957 0
2.31289 0
0.470626 0
3.06699 0
0.256545 0
1.18338 0
2.00559 0
2.30639 0
1.4367 0
3.51372 0
1.68821 0
0.840758 0
0.567524 0
0.483965 0
2.84821 0
0.936948 0
2.7481 0
1.64395 0
0.654268 0
1.60532 0
0.91604 0
2.0156 0
0.544431 0
0.966925 0
4.79687 0
1.56524 0
0.812345 0
4.69259 0
3.22501 0
0.468208 0
0.943177 0
2.30643 0
1.21661 0
1.58241 0
3.19907 0
1.20938 0
0.151651 0
0.564034 0
3.59386 0
3.53042 0
0.826486 0
1.55271 0
1.70774 0
0.191076 0
0.607003 0
0.298851 0
2.751 0
1.68756 0
0.953231 0
7.13399 0
0.846219 0
0.887278 0
0.935288 0
0.148306 0
0.752185 0
0.545037 0
0.443423 0
4.5228 0
0.938328 0
1.01602 0
0.417609 0
4.34481 0
2.15623 0
1.35907 0
2.23033 0
1.26919 0
0.1983 0
1.97412 0
1.41867 0
0.529794 0
0.971774 0
6.48892 0
0.640742 0
1.03453 0
2.60489 0
0.469273 0
1.98808 0
1.12145 0
1.81754 0
0.31303 0
0.832128 0
5.66527 0
0.948027 0
3.14554 0
1.90309 0
3.94598 0
1.0773 0
1.31428 0
2.86735 0
3.83934 0
1.90757 0
0.402384 0
0.92936 0
0.18527 0
2.0007 0
3.24463 0
1.29961 0
0.599754 0
1.06218 0
4.23068 0
1.36482 0
1.81722 0
0.952864 0
1.27854 0
3.2432 0
1.30752 0
0.359591 0
0.703223 0
1.2594 0
0.691135 0
0.333799 0
0.554075 0
22.7217 0
1.58681 0
1.03799 0
1.73173 0
0.837795 0
2.0455 0
0.700807 0
3.95619 0
2.15934 0
1.15778 0
4.96028 0
1.67853 0
0.788308 0
2.04447 0
1.87366 0
0.362527 0
0.539641 0
0.45478 0
0.488675 0
5.3784 0
4.44186 0
2.69385 0
1.41056 0
0.32775 0
30.802 0
4.1823 0
2.91723 0
0.596211 0
2.05426 0
1.48954 0
0.608484 0
1.85573 0
1.2166 0
1.51849 0
12.5019 0
0.99684 0
0.67163 0
0.630653 0
1.76756 0
1.43591 0
4.02929 0
1.29706 0
4.94405 0
3.39632 0
1.68393 0
1.99789 0
0.809513 0
4.22984 0
4.30085 0
1.20244 0
0.232327 0
2.17673 0
0.29238 0
1.29607 0
2.42034 0
1.19683 0
2.12592 0
3.62502 0
2.36238 0
2.70201 0
3.34817 0
1.29205 0
0.631614 0
3.5259 0
2.95526 0
1.44234 0
0.832508 0
1.53246 0
0.518492 0
0.532533 0
0.990725 0
51.0937 0
209.149 0
1.02184 0
0.788001 0
0.58449 0
1.00397 0
3.29951 0
0.286703 0
3.85769 0
0.715492 0
0.59915 0
3.35757 0
0.598533 0
1.02664 0
2.375 0
3.00976 0
0.855525 0
0.423662 0
2.61475 0
0.253804 0
2.64313 0
0.549108 0
2.39387 0
0.503941 0
0.321048 0
0.10048 0
1.22763 0
2.47666 0
1.42868 0
0.802335 0
3.79755 0
1.79564 0
6.68057 0
1.59672 0
2.93819 0
3.23779 0
2.63073 0
0.895608 0
2.12439 0
0.681002 0
1.03203 0
1.37942 0
1.02777 0
2.58587 0
3.04003 0
0.840482 0
0.990635 0
1.44814 0
4.38628 0
2.12088 0
0.901184 0
1.03201 0
6.31957 0
1.25203 0
0.474531 0
0.353704 0
2.87097 0
0.425623 0
0.0730814 0
3.45466 0
0.295767 0
3.61568 0
2.56594 0
2.98605 0
3.02425 0
1.80578 0
0.582434 0
1.89657 0
1.73815 0
1.89602 0
0.290902 0
0.696125 0
0.601194 0
3.26914 0
0.643041 0
1.52291 0
1.8831 0
0.65669 0
5.42872 0
1.18401 0
1.00524 0
5.53301 0
2.2936 0
1.08934 0
2.24658 0
1.06948 0
0.597052 0
0.718309 0
2.88296 0
0.320755 0
0.47409 0
2.03178 0
0.309138 0
0.35468 0
1.54466 0
0.564056 0
0.337304 0
1.52844 0
2.43448 0
0.69811 0
1.44931 0
1.76287 0
0.252032 0
0.2733 0
1.90821 0
4.3776 0
0.740146 0
0.750318 0
1.54221 0
1.34374 0
1.22568 0
0.62311 0
0.507537 0
0.801337 0
1.25559 0
1.98246 0
4.31758 0
2.87573 0
1.81314 0
0.187515 0
180.682 0
2.9953 0
3.96573 0
1.71803 0
3.87675 0
2.37808 0
0.392181 0
2.08694 0
3.44245 0
10.7115 0
2.30548 0
0.40499 0
0.390972 0
1.09253 0
1.36142 0
3.80676 0
1.39415 0
1.79435 0
4.67045 0
1.35129 0
1.4785 0
1.23658 0
0.851853 0
1.99928 0
0.139095 0
0.593072 0
1.91992 0
2.03163 0
1.48086 0
0.55313 0
1.98499 0
1.47897 0
0.146677 0
2.22918 0
2.97797 0
2.3497 0
2.63405 0
1.68186 0
0.973612 0
0.974835 0
0.956844 0
8.38412 0
5.43727 0
0.276348 0
0.0682906 0
0.26243 0
5.10919 0
1.1353 0
2.77233 0
0.3238 0
0.894651 0
0.953045 0
1.88176 0
1.13782 0
0.736318 0
5.00223 0
0.729579 0
7.5015 0
1.8227 0
0.58342 0
3.55821 0
0.814434 0
1.06156 0
1.24223 0
2.30398 0
6.86228 0
1.19814 0
1.47927 0
1.94184 0
0.195991 0
0.597817 0
0.981861 0
2.3822 0
0.476364 0
1.75615 0
2.14108 0
0.411635 0
2.99634 0
1.65437 0
6.32085 0
1.03156 0
11.3728 0
1.10911 0
1.80295 0
0.255895 0
2.39439 0
1.8732 0
1.43527 0
0.685942 0
3.51495 0
0.448096 0
2.37579 0
0.937592 0
1.51094 0
4.07436 0
1.92463 0
0.897038 0
0.944094 0
3.20119 0
1.11845 0
5.33458 0
1.72611 0
0.922808 0
0.207457 0
2.03815 0
1.50788 0
0.755861 0
1.22778 0
0.908728 0
0.462783 0
2.58944 0
3.2188 0
3.64543 0
0.505029 0
2.24759 0
2.51651 0
2.34227 0
1.39457 0
1.03754 0
3.58583 0
2.04032 0
1.82774 0
1.09467 0
2.78166 0
4.21887 0
1.96308 0
0.504117 0
2.52216 0
1.09694 0
0.189159 0
0.533123 0
0.396639 0
10.3957 0
0.498592 0
2.30648 0
0.793915 0
8.80106 0
1.62098 0
0.293996 0
0.919039 0
2.07193 0
2.08737 0
0.652134 0
3.31395 0
1.73934 0
1.51165 0
1.84906 0
0.833606 0
1.30821 0
0.20286 0
1.22974 0
0.704127 0
10.0224 0
0.47422 0
1.39523 0
1.98335 0
0.475285 0
1.09199 0
0.622639 0
0.603981 0
1.22172 0
0.385093 0
1.66401 0
0.473479 0
4.04825 0
2.32938 0
0.325519 0
0.979729 0
1.71132 0
0.60761 0
1.81024 0
0.676642 0
1.43752 0
0.833797 0
2.97134 0
1.66818 0
0.449596 0
3.18658 0
4.37292 0
5.18382 0
1.99547 0
3.06072 0
0.204156 0
2.45685 0
0.678479 0
0.703235 0
1.98476 0
1.82106 0
2.08411 0
1.23996 0
1.84714 0
1.05649 0
1.17152 0
1.83562 0
1.03412 0
0.305015 0
0.346252 0
0.275603 0
1.0627 0
0.0921199 0
0.0534392 0
0.377133 0
3.66534 0
0.75494 0
0.334896 0
3.4364 0
0.651991 0
1.11671 0
2.67598 0
4.21773 0
0.519556 0
2.33685 0
4.9555 0
1.42931 0
1.77058 0
2.13009 0
0.987764 0
2.58969 0
0.981037 0
4.03499 0
0.767902 0
4.18503 0
2.16672 0
0.360336 0
14.5934 0
0.494355 0
1.97302 0
1.12786 0
0.60621 0
0.88134 0
2.18122 0
0.327449 0
2.39549 0
0.626331 0
0.554288 0
1.58729 0
5.07935 0
0.699857 0
3.757 0
30.6432 0
0.220475 0
1.15028 0
2.35906 0
1.25408 0
4.67669 0
0.623128 0
0.558716 0
0.76231 0
1.42734 0
2.17058 0
1.86364 0
0.377241 0
1.13751 0
4.07067 0
0.242209 0
3.01446 0
1.04495 0
0.868178 0
0.906552 0
0.823223 0
3.39227 0
0.908471 0
1.95023 0
3.4324 0
0.828536 0
2.50927 0
0.739127 0
1.43047 0
0.287726 0
1.98305 0
3.46462 0
2.39389 0
86.614 0
0.531513 0
1.56102 0
2.54437 0
0.584923 0
1.36299 0
3.37489 0
0.885053 0
9.84396 0
1.65683 0
1.91234 1
0.815389 1
0.552868 1
1.23756 1
0.878775 1
1.16017 1
0.0560142 1
0.984508 1
1.23521 1
0.227576 1
1.39851 1
3.38845 1
0.20515 1
1.97854 1
0.683364 1
0.114198 1
2.0509 1
0.196904 1
1.90509 1
1.21003 1
0.706932 1
0.702252 1
2.39437 1
0.578344 1
2.49285 1
1.22043 1
1.48833 1
7.0879 1
2.44034 1
1.14659 1
0.154902 1
0.0683833 1
2.40854 1
0.0784935 1
0.508279 1
2.72102 1
0.0888338 1
2.34744 1
1.09048 1
1.21732 1
0.782886 1
0.0410839 1
0.452387 1
6.75026 1
2.91361 1
1.28747 1
0.705111 1
0.478049 1
1.65846 1
2.94672 1
0.615411 1
0.39873 1
3.19336 1
0.547567 1
0.231656 1
0.233253 1
0.844272 1
0.417533 1
1.40448 1
0.398864 1
1.13826 1
0.205296 1
1.07327 1
2.94655 1
1.07796 1
1.34426 1
1.35427 1
0.401328 1
0.792691 1
0.372393 1
0.770255 1
2.91068 1
1.96187 1
0.50261 1
1.05134 1
1.96274 1
0.216906 1
0.350818 1
0.249552 1
0.828885 1
4.43967 1
0.155572 1
3.30733 1
0.187021 1
0.130357 1
1.2644 1
0.376825 1
0.757961 1
1.03414 1
4.32112 1
2.58799 1
0.173716 1
121.934 1
0.376016 1
2.43115 1
1.08624 1
0.490347 1
2.17524 1
4.95292 1
0.293271 1
0.487136 1
0.215302 1
0.733989 1
0.081144 1
2.37556 1
3.55654 1
1.16001 1
5.18826 1
0.415545 1
0.505486 1
0.838667 1
0.342604 1
0.664934 1
0.327884 1
0.210111 1
1.92475 1
1.03397 1
0.151189 1
0.0735308 1
1.16244 1
3.53424 1
0.784372 1
0.93635 1
0.155228 1
5.5783 1
0.928248 1
0.171846 1
0.147208 1
0.288288 1
1.87473 1
0.51478 1
1.84421 1
0.0947162 1
1.0472 1
1.29162 1
0.346177 1
2.00445 1
0.967919 1
0.994363 1
0.382226 1
3.19047 1
0.561766 1
0.276873 1
4.4724 1
0.683286 1
0.437431 1
1.1188 1
0.133589 1
0.0836429 1
1.21412 1
0.265159 1
0.558445 1
2.8967 1
0.208162 1
0.843312 1
0.632702 1
0.108308 1
0.808136 1
0.0180005 1
0.999356 1
1.83722 1
0.673917 1
0.370371 1
0.79018 1
0.261267 1
0.715357 1
1.24711 1
0.837078 1
0.219433 1
0.00711549 1
1.2331 1
0.189825 1
0.313639 1
0.129888 1
1.55523 1
0.184276 1
5.1511 1
1.21273 1
0.300398 1
3.94261 1
0.15164 1
0.405892 1
1.40287 1
0.0590892 1
26.0886 1
0.844079 1
0.47438 1
1.99304 1
0.37104 1
0.597538 1
1.65768 1
5.19655 1
0.265072 1
0.184328 1
0.564785 1
1.82438 1
2.21858 1
1.13658 1
1.6458 1
2.6466 1
0.260011 1
8.32135 1
1.52193 1
0.00261141 1
0.469912 1
0.733105 1
0.289509 1
1.08542 1
0.511629 1
2.15798 1
0.505373 1
1.30205 1
2.98178 1
0.139766 1
0.473627 1
0.523241 1
0.0770975 1
0.143663 1
1.09569 1
0.367231 1
0.0276578 1
0.312275 1
2.92624 1
0.643677 1
1.11774 1
0.283534 1
0.162971 1
2.02021 1
19.3729 1
5.5769 1
1.39476 1
3.34914 1
2.53717 1
0.51707 1
0.97323 1
0.155336 1
0.132348 1
0.103565 1
1.19834 1
2.46516 1
1.06485 1
0.286566 1
4.57214 1
1.23837 1
6.61229 1
3.15844 1
0.347455 1
1.21193 1
0.79761 1
0.824967 1
3.66775 1
1.31354 1
0.243055 1
1.00117 1
0.421221 1
1.08671 1
2.82162 1
0.307951 1
0.632804 1
0.741336 1
161.36 1
1.52664 1
0.328254 1
0.0844211 1
0.772741 1
2.88797 1
0.376741 1
0.925347 1
1.04628 1
1.3973 1
0.117394 1
0.303605 1
0.0599061 1
2.57575 1
0.25862 1
1.45306 1
2.47398 1
2.89807 1
2.03606 1
0.910325 1
0.694156 1
0.348361 1
0.171088 1
1.0646 1
3.50034 1
5.52773 1
6.88533 1
0.636079 1
1.93481 1
1.06323 1
0.122911 1
0.771354 1
2.20622 1
0.271412 1
0.345962 1
0.233532 1
0.202584 1
2.46877 1
0.231541 1
0.996899 1
1.10514 1
3.77883 1
0.88466 1
0.405348 1
0.118433 1
0.996292 1
0.489025 1
3.58209 1
2.58836 1
0.799175 1
0.237281 1
0.249126 1
0.801313 1
0.330505 1
0.229637 1
0.0820716 1
0.431507 1
3.05595 1
2.11315 1
0.27253 1
0.484431 1
0.226688 1
3.73937 1
3.7682 1
1.05653 1
5.51838 1
1.08567 1
0.247855 1
1.31677 1
0.303603 1
0.152116 1
0.681192 1
0.190587 1
0.231293 1
0.0951671 1
3.03949 1
2.48652 1
0.311275 1
0.214509 1
0.695783 1
0.21045 1
0.471553 1
0.759942 1
0.0699534 1
0.419704 1
0.44623 1
1.29672 1
1.36884 1
0.411293 1
1.20619 1
0.168101 1
0.335998 1
7.62176 1
0.911928 1
2.4999 1
0.161631 1
0.583488 1
1.79233 1
3.26085 1
0.00604334 1
0.231432 1
0.771888 1
1.40938 1
2.75987 1
0.691997 1
1.1046 1
1.07102 1
0.364292 1
0.0431642 1
1.97286 1
3.12717 1
0.122366 1
0.570992 1
1.29214 1
0.824091 1
1.11353 1
1.1356 1
1.39923 1
0.290634 1
0.122643 1
0.467047 1
0.696418 1
0.438274 1
0.668463 1
1.19254 1
0.508841 1
1.3287 1
1.71735 1
0.079835 1
8.22746 1
41.0054 1
1.4104 1
0.210122 1
0.423435 1
2.0909 1
1.08755 1
1.05722 1
1.8639 1
0.704125 1
2.10452 1
2.57172 1
1.44068 1
0.527368 1
0.744903 1
0.15078 1
4.42363 1
0.137931 1
2.03486 1
0.775571 1
2.17686 1
0.847184 1
0.346091 1
0.297433 1
2.21772 1
8.68094 1
0.125954 1
1.52273 1
1.04253 1
1.31044 1
0.208729 1
0.157695 1
0.120758 1
0.200095 1
0.306752 1
3.24438 1
0.159848 1
2.61602 1
0.36082 1
0.0621729 1
1.41054 1
5.19728 1
0.87678 1
0.225088 1
1.1673 1
1.4722 1
0.541037 1
1.4521 1
0.700884 1
0.919042 1
0.183035 1
1.3777 1
0.495696 1
0.988144 1
0.555889 1
4.80721 1
0.949944 1
1.04834 1
4.72802 1
0.190401 1
1.49568 1
0.631368 1
1.08915 1
0.021929 1
0.645486 1
3.14438 1
1.60666 1
0.303177 1
1.16415 1
1.45066 1
2.01349 1
0.983925 1
1.54636 1
0.911974 1
0.619111 1
0.0716877 1
0.885598 1
1.99586 1
0.267037 1
1.33595 1
0.852139 1
1.57782 1
0.227019 1
0.453543 1
0.133769 1
2.69504 1
0.721582 1
0.229415 1
0.672052 1
2.3304 1
0.864069 1
0.0916667 1
0.803724 1
1.32779 1
0.133783 1
2.6042 1
0.317979 1
0.234351 1
0.303765 1
0.973904 1
2.78733 1
1.53591 1
17.9469 1
0.709645 1
0.691838 1
0.147649 1
0.33243 1
1.20219 1
1.70048 1
0.131189 1
1.01225 1
2.32661 1
0.418431 1
2.05142 1
0.134436 1
2.65642 1
4.61062 1
1.05474 1
0.17164 1
1.29276 1
0.453713 1
0.752684 1
1.00302 1
0.0278038 1
0.567817 1
2.49296 1
1.5789 1
2.6195 1
0.23741 1
0.445093 1
0.64809 1
1.00499 1
3.80911 1
0.254994 1
1.00324 1
0.568234 1
0.601744 1
2.31465 1
2.09522 1
2.71712 1
1.37397 1
0.288552 1
1.65677 1
1.17826 1
0.318376 1
21.0731 1
0.21806 1
0.791974 1
1.00878 1
0.162062 1
0.242402 1
0.609652 1
1.33467 1
2.31956 1
1.02468 1
0.110435 1
2.07122 1
6.59823 1
0.255064 1
0.0680118 1
0.278829 1
2.33749 1
3.82573 1
0.279235 1
1.22812 1
0.48993 1
0.658119 1
0.913151 1
0.567653 1
0.399836 1
1.39495 1
1.91938 1
0.168408 1
0.634307 1
1.09444 1
1.27424 1
37.2376 1
3.57 1
1.12491 1
36.414 1
0.300713 1
0.166504 1
1.44301 1
0.652844 1
0.207457 1
0.666078 1
0.895805 1
1.46909 1
0.744846 1
0.164333 1
1.85753 1
1.06265 1
0.615579 1
0.48291 1
0.230061 1
0.956228 1
1.10398 1
1.05815 1
1.61771 1
1.29674 1
0.802349 1
2.34891 1
1.11439 1
1.02978 1
0.292807 1
0.485675 1
0.204923 1
5.66143 1
2.0162 1
0.115854 1
1.54305 1
0.579172 1
0.23974 1
3.35088 1
0.713383 1
2.09853 1
0.948103 1
0.269408 1
1.42604 1
0.528332 1
1.38811 1
18.024 1
1.28039 1
0.102428 1
0.328556 1
0.892781 1
0.128488 1
0.177862 1
3.752 1
2.57894 1
1.68954 1
0.372252 1
0.799636 1
0.43953 1
0.158893 1
1.46435 1
1.60678 1
2.58827 1
1.70816 1
0.175586 1
3.06362 1
0.897963 1
0.326281 1
1.13854 1
0.119453 1
0.214157 1
1.7518 1
3.36743 1
0.64325 1
0.638669 1
0.449154 1
1.18986 1
1.01229 1
1.21471 1
0.263879 1
0.356568 1
1.09226 1
0.938259 1
0.232429 1
1.23036 1
3.44454 1
0.276346 1
1.79753 1
0.808756 1
2.24951 1
2.28976 1
0.493196 1
0.540129 1
0.168224 1
0.323644 1
0.512593 1
0.393006 1
0.523735 1
0.366372 1
0.236183 1
0.0113369 1
0.617545 1
0.613092 1
1.75251 1
1.05062 1
0.172882 1
2.70771 1
1.3028 1
2.84321 1
1.75883 1
1.31774 1
1.28374 1
0.106182 1
0.54347 1
0.960955 1
0.774947 1
0.789928 1
1.03613 1
2.61728 1
0.241728 1
0.205203 1
1.81444 1
0.267617 1
10.6316 1
4.91353 1
0.847374 1
1.43626 1
1.82937 1
4.72555 1
0.398287 1
22.8365 1
0.20846 1
6.34488 1
0.623635 1
1.99602 1
1.00424 1
2.82647 1
0.951529 1
0.148199 1
0.545353 1
0.149948 1
0.696796 1
0.549982 1
0.23833 1
1.68116 1
0.15511 1
1.57404 1
0.420836 1
2.15832 1
0.373639 1
1.47521 1
1.06629 1
0.315601 1
0.175631 1
1.24003 1
2.23973 1
2.90799 1
0.480149 1
1.91226 1
1.17302 1
4.02381 1
1.02429 1
0.46426 1
0.201466 1
0.489057 1
0.752203 1
1.32912 1
0.35123 1
0.979933 1
0.373938 1
0.302305 1
0.228006 1
1.84327 1
4.45121 1
2.68033 1
1.17679 1
4.62075 1
0.503864 1
2.05346 1
0.251449 1
3.63987 1
0.0823415 1
0.211093 1
0.21482 1
0.414445 1
0.283788 1
0.979628 1
1.77749 1
1.02211 1
0.403343 1
2.40332 1
0.971717 1
2.86385 1
0.306505 1
0.180667 1
1.56744 1
5.03785 1
2.53525 1
3.17341 1
0.850445 1
0.395809 1
0.681472 1
2.08125 1
1.90989 1
0.254463 1
2.30255 1
0.0479484 1
0.521782 1
4.24087 1
0.222481 1
1.03683 1
0.838274 1
0.140075 1
0.53703 1
0.144349 1
0.476863 1
1.96851 1
0.0387529 1
3.71098 1
0.157159 1
0.851788 1
0.75955 1
2.9852 1
0.913675 1
1.20251 1
2.91307 1
1.99024 1
2.29035 1
0.494058 1
0.370346 1
0.114186 1
0.131762 1
0.717416 1
0.638341 1
0.117125 1
0.113871 1
0.137531 1
0.483525 1
0.0981692 1
1.42685 1
1.15947 1
0.416454 1
2.87417 1
1.56297 1
1.16038 1
0.232226 1
0.295291 1
4.22227 1
2.82781 1
0.0801856 1
0.659772 1
0.790372 1
0.415616 1
1.45297 1
0.899603 1
4.44051 1
1.97767 1
0.655244 1
1.01042 1
1.43102 1
0.511925 1
1.94806 1
1.54411 1
2.38018 1
0.200472 1
1.09209 1
0.732675 1
0.167812 1
0.735051 1
0.403161 1
3.26741 1
0.132487 1
2.97841 1
0.673535 1
0.185812 1
2.4987 1
1.41946 1
1.82696 1
0.557033 1
0.105714 1
0.540472 1
0.984391 1
1.64133 1
1.17094 1
0.609012 1
0.225545 1
1.71897 1
193.187 1
0.525763 1
0.225933 1
1.64967 1
0.121126 1
0.127163 1
1.40107 1
0.541832 1
1.77474 1
0.639065 1
0.290273 1
0.391253 1
0.758307 1
2.04751 1
7.61209 1
0.169801 1
1.07296 1
3.2039 1
0.32381 1
3.07369 1
0.0691386 1
0.677548 1
1.55477 1
1.45694 1
1.7498 1
3.79858 1
3.84551 1
0.257271 1
0.219709 1
1.43194 1
0.99401 1
1.73362 1
1.45743 1
0.338436 1
1.25924 1
0.269857 1
1.59142 1
0.83914 1
1.94462 1
4.18985 1
2.21409 1
0.513203 1
0.596404 1
0.975488 1
1.62263 1
0.36496 1
29.5029 1
2.10962 1
0.369205 1
0.169649 1
0.415856 1
0.323357 1
0.297886 1
0.277586 1
1.69467 1
2.53255 1
3.64358 1
2.30274 1
0.726122 1
0.742462 1
0.789123 1
2.3668 1
0.221259 1
0.0856929 1
0.987265 1
0.118517 1
0.715672 1
0.11183 1
0.31562 1
0.168326 1
0.465314 1
0.1223 1
0.315951 1
0.231829 1
0.755395 1
0.574498 1
0.282611 1
0.406998 1
1.49551 1
9.72414 1
3.56062 1
0.719899 1
0.355041 1
1.69287 1
0.25537 1
0.295593 1
2.49624 1
1.1662 1
2.74549 1
1.14217 1
0.596048 1
0.188191 1
0.1193 1
0.0353148 1
2.0422 1
1.5726 1
1.29999 1
1.56015 1
0.153988 1
1.41643 1
1.28715 1
0.837473 1
4.0316 1
2.70283 1
0.431282 1
0.0647126 1
0.382247 1
0.331333 1
0.0329844 1
1.45884 1
0.698274 1
1.88325 1
2.42541 1
2.45019 1
2.51455 1
1.45558 1
0.96099 1
2.90309 1
2.10053 1
0.992245 1
0.144463 1
0.544357 1
0.416878 1
0.608438 1
20.3782 1
8.60483 1
0.971433 1
0.159437 1
1.59372 1
7.64738 1
1.73726 1
0.689705 1
0.821489 1
3.39869 1
0.153456 1
0.856119 1
0.192008 1
0.432358 1
0.475456 1
2.98835 1
0.838506 1
0.249585 1
0.803689 1
1.52141 1
1.05209 1
0.0584917 1
1.27312 1
0.433069 1
1.56179 1
4.00638 1
2.27132 1
0.960154 1
1.43011 1
3.43398 1
0.143239 1
0.197067 1
0.771481 1
0.039105 1
0.157159 1
0.990642 1
1.86042 1
0.260522 1
0.185667 1
1.13268 1
2.6301 1
0.855873 1
11.5708 1
0.130531 1
0.883148 1
1.9733 1
1.02727 1
0.654239 1
0.387178 1
1.05429 1
0.236469 1
4.30362 1
0.209231 1
0.127813 1
7.31844 1
2.43485 1
0.357929 1
0.320246 1
1.19164 1
0.284806 1
0.100254 1
2.6372 1
3.55372 1
0.451034 1
16.4043 1
0.321903 1
0.0795549 1
5.74073 1
1.64665 1
1.22337 1
1.79708 1
0.211072 1
1.81175 1
0.818064 1
1.09195 1
0.141962 1
1.66217 1
0.119376 1
0.101397 1
1.43637 1
0.183873 1
0.0911977 1
2.99539 1
0.40819 1
0.177847 1
0.118631 1
0.904317 1
1.1552 1
2.39015 1
0.262791 1
1.36985 1
0.329289 1
1.10849 1
7.64569 1
1.26448 1
0.802471 1
1.82673 1
2.30378 1
1.83898 1
1.65164 1
0.802208 1
0.234475 1
3.45696 1
2.10126 1
0.0436994 1
0.139757 1
0.934899 1
2.41128 1
0.973842 1
0.631419 1
0.672036 1
0.667007 1
0.184233 1
0.658218 1
0.172424 1
0.148539 1
4.38554 1
4.61156 1
1.0866 1
1.49893 1
0.399437 1
1.78019 1
0.818425 1
0.142877 1
0.960311 1
0.4077 1
2.87964 1
0.11588 1
0.40714 1
2.755 1
1.49307 1
0.440413 1
1.30791 1
0.803033 1
0.0588808 1
0.104522 1
0.135121 1
0.507559 1
1.66374 1
0.109633 1
0.654751 1
0.84619 1
4.06216 1
0.525206 1
1.54303 1
2.63949 1
0.03024 1
2.60745 1
0.341234 1
0.792052 1
0.134508 1
0.428154 1
0.172731 1
0.168787 1
1.0755 1
2.27934 0
1.32042 0
0.401327 0
0.334557 0
0.51862 0
0.192816 0
1.36231 0
0 0
1.30704 0
0.0882994 0
0.242041 0
1.71834 0
1.18721 0
1.08693 0
0.552333 0
0.236329 0
0.0830636 0
0.229918 0
0.124143 0
0.317191 0
0.2899 0
0.431891 0
0.18407 0
0.185674 0
0.435896 0
0.105656 0
1.336 0
0.593952 0
0.104799 0
0.278699 0
0.184243 0
0.248923 0
1.22621 0
0.604635 0
0.435903 0
0.293999 0
0.0826753 0
0.380275 0
1.39629 0
0.208795 0
3.81425 0
2.76476 0
1.40797 0
0.108965 0
0.275187 0
0.48072 0
0.37858 0
1.68213 0
0.181548 0
6.37298 0
0.525019 0
0.559464 0
3.28841 0
0.179839 0
0.741361 0
0.664287 0
0.38378 0
0.605133 0
0.128372 0
0.48031 0
0.549853 0
1.25601 0
1.38969 0
1.59711 0
0.197628 0
0.181509 0
0.13525 0
0.181772 0
0.450609 0
0.490332 0
0.198098 0
0.125293 0
0.261965 0
0.208994 0
0.338848 0
0.153873 0
0.294703 0
0.276706 0
0.84653 0
0.258967 0
0.399444 0
0.787326 0
1.13682 0
0.101643 0
0.351542 0
3.34428 0
1.76495 0
2.68757 0
0.223942 0
1.08851 0
1.16831 0
0.156508 0
0.0659536 0
0.162396 0
0.737152 0
3.70496 0
0.15666 0
0.449563 0
0.302045 0
0.161256 0
3.03163 0
0.426271 0
1.56908 0
0.0422987 0
0.437114 0
0.176984 0
0.0936418 0
0.486321 0
0.594441 0
0.591025 0
0.279921 0
0.031885 0
0.659211 0
2.50753 0
0.361369 0
1.22004 0
0.28201 0
0.629815 0
0.239671 0
2.59733 0
0.296203 0
0.696212 0
0.607846 0
2.67317 0
4.39453 0
1.82599 0
0.278044 0
0.139672 0
0.0909014 0
5.57393 0
0.259774 0
0.286278 0
1.73742 0
1.45054 0
2.90049 0
0.0739524 0
0.705415 0
1.41506 0
0.0646513 0
3.83049 0
0.582246 0
0.248956 0
0.399084 0
0.251317 0
0.417361 0
0.440308 0
0.149291 0
0.255213 0
0.971113 0
45.9596 0
0.111782 0
0.545879 0
2.25045 0
0.256931 0
0.329992 0
0.560369 0
0.225154 0
1.63136 0
0.501751 0
2.50677 0
0.790072 0
0.169228 0
0.521851 0
0.565289 0
0.157479 0
3.76435 0
0.784807 0
0.190668 0
0.215161 0
0.756144 0
0.411455 0
0.288785 0
0.655284 0
0.156309 0
1.11192 0
0.173758 0
0.257531 0
0.28062 0
3.88415 0
1.15297 0
2.44538 0
0.231487 0
0.609714 0
0.65371 0
0.95196 0
0.474646 0
0.20943 0
1.5144 0
0.213846 0
1.51692 0
1.90835 0
0.13054 0
2.08105 0
0.803602 0
2.46731 0
0.237071 0
0.0796793 0
1.16878 0
0.0233737 0
0.4717 0
0.197706 0
0.727964 0
0.176626 0
0.22759 0
0.330754 0
2.34758 0
0.272593 0
3.73413 0
2.70742 0
1.31053 0
0.190913 0
0.325278 0
0.142945 0
0.248115 0
0.0685253 0
0.091629 0
0.63495 0
1.89911 0
0.0684717 0
1.41867 0
0.262053 0
0.401791 0
0.686178 0
0.198335 0
0.0859111 0
0.28518 0
0.20738 0
0.19681 0
0.0934177 0
1.18731 0
3.2512 0
0.243916 0
0.275703 0
0.0923002 0
0.310487 0
0.232773 0
1.32185 0
0.0826879 0
1.18733 0
0.611838 0
0.300516 0
1.19559 0
0.442476 0
0.861248 0
0.423097 0
0.74719 0
0.433188 0
0.0549088 0
0.513428 0
0.324981 0
0.485614 0
0.223432 0
0.968144 0
0.956325 0
2.50135 0
0.264671 0
0.0642506 0
0.199852 0
0.230663 0
0.956005 0
0.0636471 0
0.0378347 0
0.1975 0
0.679994 0
0.175921 0
2.19794 0
0.228427 0
0.128016 0
0.64925 0
0.208818 0
0.98378 0
0.167416 0
0.164086 0
0.828877 0
0.251755 0
0.253954 0
0.143867 0
0.965973 0
0.503945 0
0.792459 0
0.183455 0
1.6663 0
0.61743 0
0.906102 0
0.312971 0
0.0834746 0
1.54631 0
0.268303 0
0.117441 0
2.27943 0
0.5276 0
0.0101639 0
0.0270114 0
0.576122 0
0.276218 0
0.364361 0
0.343559 0
0.385201 0
4.25297 0
1.80046 0
0.0624599 0
0.278738 0
1.1398 0
0.255034 0
0.457659 0
0.399112 0
0.218945 0
1.1119 0
0.513024 0
0.190974 0
1.06556 0
2.88311 0
0.307021 0
0.180566 0
0.619879 0
0.583511 0
3.72658 0
0.0901565 0
0.742874 0
0.342422 0
0.0326471 0
0.332144 0
0.193647 0
0.267582 0
0.188523 0
1.29931 0
0.189965 0
0.444222 0
10.961 0
4.49088 0
0.0960657 0
0.0986694 0
0.342173 0
0.108337 0
0.538827 0
0.315909 0
0.610283 0
0.260909 0
0.258931 0
0.288963 0
0.227684 0
0.161222 0
0.366179 0
0.284315 0
0.259996 0
0.240409 0
6.90926 0
0.94585 0
1.15599 0
0.896435 0
0.903763 0
0.309276 0
1.3025 0
0.119088 0
0.484574 0
0.230963 0
0.305807 0
0.310059 0
0.849926 0
1.35868 0
0.931077 0
0.32974 0
0.354312 0
0.179422 0
0.236708 0
0.736349 0
0.251867 0
1.12767 0
0.296642 0
0.677835 0
0.116462 0
0.227585 0
0.283294 0
1.62968 0
1.26842 0
0.492184 0
0.127679 0
0.237081 0
0.152019 0
0.989358 0
0.302722 0
0.299281 0
1.53945 0
0.77616 0
0.865477 0
0.994823 0
0.414521 0
1.31437 0
0.179439 0
0.0545455 0
0.233658 0
1.66631 0
0.29305 0
0.362244 0
0.352643 0
2.66417 0
2.14431 0
0.302719 0
1.13991 0
0.511218 0
0.288502 0
0.12117 0
8.682 0
0.12683 0
0.0345261 0
6.87995 0
1.43805 0
0.297522 0
0.317717 0
0.731971 0
0.21871 0
0.355984 0
0.155139 0
0.203859 0
0.333434 0
0.0717668 0
0.426049 0
0.362931 0
0.0856092 0
0.935511 0
0.931647 0
0.280407 0
0.300992 0
0.756407 0
0.115811 0
0.700701 0
0.868743 0
0.510368 0
0.423422 0
0.179342 0
0.0943702 0
0.365629 0
0.277635 0
0.38328 0
0.184494 0
0.385779 0
0.232683 0
0.0765884 0
0.0479747 0
1.14163 0
3.05567 0
0.325745 0
0.239749 0
0.117749 0
0.24806 0
0.473188 0
0.119923 0
0.855259 0
0.243211 0
0.295138 0
0.260917 0
1.34467 0
1.89186 0
0.629194 0
1.85599 0
0.186518 0
1.97965 0
0.282127 0
0.127192 0
0.141814 0
0.0754461 0
0.360549 0
0.134094 0
0.480088 0
0.229064 0
0.351257 0
1.23369 0
1.08213 0
0.0890763 0
0.526868 0
0.36181 0
0.147252 0
1.21651 0
0.317884 0
0.275371 0
0.160357 0
0.432526 0
0.22947 0
0.243638 0
0.0535625 0
0.134896 0
0.462294 0
0.587131 0
2.12751 0
0.505486 0
2.99495 0
0.232697 0
0.133641 0
0.771565 0
1.39747 0
0.615923 0
1.87972 0
10.3199 0
0.229562 0
0.48895 0
0.747651 0
0.555915 0
1.69494 0
0.561831 0
0.175377 0
1.24848 0
0.392875 0
0.361787 0
0.217928 0
3.62286 0
0.0829804 0
1.00025 0
1.12857 0
0.0799151 0
2.83575 0
0.267703 0
0.178059 0
0.803336 0
0.708643 0
0.0724365 0
0.0838641 0
0.529119 0
3.18534 0
0.136801 0
0.334108 0
1.90066 0
0.0681529 0
1.24134 0
0.73939 0
0.296771 0
2.37843 0
0.212043 0
0.249432 0
0.677785 0
2.00532 0
1.20431 0
2.15661 0
0.101103 0
0.551304 0
0.184022 0
0.274543 0
1.62219 0
0.0708434 0
2.59777 0
0.241693 0
0.29555 0
0.325972 0
0.361356 0
0.257701 0
0.254844 0
0.715864 0
2.94326 0
0.505413 0
0.312038 0
0.921526 0
1.56085 0
0.334962 0
0.485205 0
1.12178 0
1.03204 0
0.0578144 0
0.175756 0
0.357056 0
0.0734591 0
0.367115 0
0.868653 0
2.33653 0
0.697426 0
0.388532 0
0.625991 0
0.137768 0
0.159459 0
0.0747537 0
0.722608 0
1.22039 0
0.460404 0
5.90701 0
0.219304 0
0.831783 0
0.436007 0
0.0742783 0
0.301015 0
0.290976 0
0.138332 0
2.01654 0
0.362551 0
0.76513 0
0.224329 0
0.459689 0
0.149818 0
0.0774921 0
0.337427 0
0.804067 0
0.0804677 0
0.200783 0
0.640078 0
0.27203 0
0.303821 0
3.85549 0
0.163095 0
0.79138 0
0.0835474 0
0.260552 0
1.80349 0
0.585668 0
1.60073 0
0.187928 0
0.540081 0
4.65832 0
0.306687 0
2.95764 0
0.18515 0
1.7033 0
0.416789 0
0.642982 0
0.819827 0
1.61156 0
0.386276 0
0.28216 0
0.059006 0
0.125595 0
0.748035 0
1.33061 0
0.197439 0
0.295807 0
0.393322 0
3.14508 0
1.14551 0
0.700478 0
0.824909 0
1.17454 0
0.73359 0
0.407207 0
0.226453 0
0.207082 0
0.646084 0
0.439615 0
0.126229 0
0.34331 0
22.1691 0
0.222064 0
0.483624 0
0.142395 0
0.30911 0
0.979889 0
0.413159 0
1.33044 0
1.56358 0
0.465448 0
0.184672 0
1.22241 0
0.388736 0
1.42231 0
1.79181 0
0.145317 0
0.261717 0
0.242779 0
0.240096 0
2.88977 0
2.0624 0
1.12296 0
0.361336 0
0.16252 0
2.39563 0
1.51914 0
0.711336 0
0.0440367 0
0.178955 0
0.223431 0
0.105116 0
0.2877 0
0.378027 0
0.33321 0
0.570456 0
0.190286 0
0.381197 0
0.428682 0
0.584917 0
0.491179 0
1.21291 0
0.246205 0
0.313244 0
0.406967 0
1.12174 0
0.236786 0
0.316163 0
2.79028 0
1.18418 0
0.301878 0
0.148629 0
0.139015 0
0.105708 0
0.147773 0
0.897792 0
1.09678 0
1.38196 0
1.94453 0
0.235509 0
0.420419 0
3.16313 0
0.604367 0
0.299577 0
3.20707 0
0.851766 0
0.531634 0
0.547424 0
0.874315 0
0.313134 0
0.117636 0
0.678448 0
4.62782 0
2.36807 0
0.189076 0
0.23498 0
0.278397 0
0.0965373 0
2.56398 0
0.15703 0
2.51684 0
0.158108 0
0.191489 0
2.74697 0
0.353465 0
0.157026 0
0.580755 0
1.66287 0
0.177655 0
0.142705 0
0.0836415 0
0.176663 0
0.208405 0
0.118665 0
0.282661 0
0.0145606 0
0.194787 0
0.0765437 0
0.175646 0
1.11885 0
0.687624 0
0.504449 0
2.40249 0
0.192476 0
1.52339 0
1.25766 0
0.344425 0
2.83602 0
2.44042 0
0.285038 0
0.666101 0
0.197768 0
0.189927 0
0.292628 0
0.586867 0
0.446226 0
2.4923 0
0.269863 0
0.126549 0
0.734114 0
0.28025 0
0.310581 0
0.484402 0
0.159979 0
0.314105 0
0.106867 0
0.208499 0
0.0669452 0
0.56696 0
0.199114 0
0.0188014 0
0.310865 0
0.0859458 0
1.82563 0
0.791758 0
2.63517 0
0.726358 0
0.536398 0
0.0972335 0
0.456576 0
1.34899 0
1.57926 0
0.103624 0
0.14722 0
0.34891 0
2.53577 0
0.165836 0
0.193249 0
0.694428 0
0.631373 0
5.06689 0
0.101902 0
0.807578 0
2.23435 0
1.28117 0
0.144089 0
1.15645 0
0.419491 0
0.060556 0
0.179698 0
0.155032 0
0.0954639 0
0.0341698 0
1.40222 0
0.166611 0
0.218392 0
0.507001 0
0.234868 0
0.145773 0
0.358814 0
0.219898 0
0.377654 0
0.32979 0
0.756339 0
0.129847 0
0.191832 0
0.557001 0
0.489607 0
0.491493 0
0.160028 0
1.3614 0
0.327622 0
1.10855 0
0.404735 0
0.260905 0
0.607382 0
0.418586 0
0.80863 0
0.216114 0
1.60217 0
0.935658 0
0.123419 0
0.296287 0
0.672373 0
1.01307 0
0.630299 0
3.19854 0
1.98565 0
0.268751 0
0.510107 0
1.72696 0
0.0547569 0
1.14825 0
0.21252 0
0.167882 0
0.582904 0
0.34088 0
0.0613502 0
0.369982 0
0.483559 0
3.54431 0
1.12556 0
0.316642 0
0.799638 0
0.700709 0
0.948269 0
0.0688371 0
0.357046 0
0.224387 0
1.20193 0
0.184977 0
0.270472 0
1.30158 0
0.814965 0
0.0889559 0
0.29606 0
0.421909 0
2.10445 0
0.28771 0
1.52023 0
0.636073 0
0.131421 0
0.275146 0
3.60197 0
1.21009 0
0.173759 0
0.0410738 0
0.133852 0
0.73716 0
0.113488 0
2.67797 0
0.175356 0
0.153005 0
0.399911 0
1.04738 0
0.278385 0
0.461777 0
3.51538 0
0.280861 0
0.784723 0
0.398919 0
0.415146 0
2.37119 0
0.164135 0
0.757098 0
0.154539 0
0.554954 0
0.252436 0
0.189797 0
1.44736 0
1.26219 0
0.0747043 0
0.53971 0
0.682186 0
1.37399 0
0.190227 0
1.0303 0
0.186027 0
0.318436 0
1.57582 0
0.105983 0
0.364958 0
0.175163 0
0.452695 0
0.297504 0
0.29274 0
0.215112 0
0.535778 0
0.766876 0
0.519072 0
0.0867541 0
0.512598 0
0.0743672 0
1.38802 0
0.518562 0
0.421607 0
2.42598 0
1.02199 0
0.192522 0
0.363167 0
0.994839 0
0.949909 0
1.23987 0
1.06072 0
0.618492 0
0.113331 0
0.651791 0
1.28597 0
0.470741 0
0.259471 0
0.13336 0
0.448898 0
1.53986 0
1.76098 0
0.692059 0
0.192487 0
1.77928 0
0.188093 0
2.13163 0
0.340933 0
0.170236 0
1.81711 0
1.94664 0
0.175629 0
0.317422 0
1.53308 0
4.03381 0
1.82311 0
0.165232 0
1.52357 0
0.518129 0
0.120187 0
0.234802 0
0.167254 0
0.289064 0
0.24252 0
0.130364 0
0.387298 0
7.10866 0
0.555533 0
0.124345 0
0.341097 0
0.988252 0
0.617864 0
0.402548 0
0.155868 0
1.09027 0
0.912506 0
1.17825 0
0.222521 0
1.01703 0
0.128727 0
0.583311 0
0.517612 0
4.89504 0
0.238929 0
0.390989 0
0.781591 0
0.274026 0
0.223348 0
0.325612 0
0.277652 0
0.865449 0
0.225634 0
0.147415 0
0.193648 0
1.08273 0
0.342284 0
0.0869728 0
0.318814 0
1.41618 0
0.182467 0
1.44829 0
0.0749761 0
1.08188 0
0.349185 0
2.85442 0
0.453115 0
0.289216 0
2.08764 0
4.14919 0
0.946045 0
0.735993 0
2.84857 0
0.140597 0
2.06309 0
0.407247 0
0.519777 0
0.562222 0
1.77665 0
0.0980425 0
0.309881 0
0.318133 0
0.106612 0
0.328521 0
1.50411 0
0.795985 0
0.161721 0
0.197665 0
0.15274 0
0.428678 0
0.0443447 0
0.0148615 0
0.228175 0
1.52535 0
0.518188 0
0.0136364 0
0.042297 0
0.508312 0
0.388495 0
1.93627 0
0.362984 0
0.249214 0
0.309138 0
0.920197 0
0.465788 0
0.449851 0
0.176979 0
0.745199 0
1.21332 0
0.442744 0
1.06865 0
0.517996 0
1.54082 0
0.122671 0
0.198064 0
0.312919 0
0.277275 0
1.44292 0
0.289504 0
0.216628 0
0.113119 0
0.288521 0
0.179629 0
1.01699 0
0.151523 0
0.066971 0
0.37884 0
1.22312 0
0.173606 0
1.87257 0
28.2569 0
0.0593985 0
0.0349332 0
0.376202 0
0.670635 0
1.12431 0
0.197488 0
0.34231 0
0.539075 0
1.18643 0
0.455047 0
0.616545 0
0.213577 0
0.120766 0
3.08973 0
0.124344 0
2.36305 0
0.199087 0
0.603364 0
0.747115 0
0.0979677 0
0.801517 0
0.696109 0
0.993752 0
1.01456 0
0.555016 0
1.70937 0
0.590929 0
1.27757 0
0.171419 0
1.22548 0
2.12021 0
0.711003 0
2.16872 0
0.190894 0
0.218789 0
0.366883 0
0.076958 0
1.0117 0
1.12824 0
0.169893 0
1.51382 0
1.05661 0
1.73768 1
0.137123 1
0.795945 1
1.18456 1
1.14844 1
1.37725 1
0.308288 1
0.516729 1
0.905054 1
0.297348 1
0.236418 1
0.705524 1
6.60906 1
1.43427 1
0.442865 1
1.16829 1
0.67152 1
1.09464 1
2.53799 1
3.7096 1
3.62312 1
6.77609 1
2.49123 1
1.57675 1
0.620551 1
1.4741 1
1.83399 1
0.0113725 1
1.97671 1
2.61461 1
3.01194 1
1.1288 1
0.198888 1
2.42613 1
1.04454 1
1.42086 1
0.332618 1
0.0455935 1
1.60918 1
0.229507 1
0.721663 1
0.263038 1
1.05131 1
0.295742 1
1.63248 1
1.08511 1
1.73578 1
0.830732 1
2.03452 1
1.70374 1
0.476297 1
0.216367 1
0.854984 1
1.00369 1
0.908007 1
1.22309 1
0.164035 1
4.43866 1
0.34909 1
0.142164 1
0.513879 1
0.152593 1
0.928878 1
198.234 1
0.286468 1
0.425037 1
0.141218 1
5.37361 1
0.212795 1
0.629134 1
1.99269 1
0.956625 1
199.061 1
0.255574 1
0.367486 1
1.0338 1
0.240419 1
0.765274 1
2.30025 1
0.33125 1
1.92576 1
0.538148 1
0.873076 1
1.40023 1
0.154641 1
0.810055 1
0.203148 1
1.12907 1
0.203508 1
0.120753 1
0.356634 1
0.399101 1
0.422889 1
0.218998 1
1.24856 1
0.858234 1
2.81697 1
0.645827 1
0.253897 1
0.998414 1
0.872368 1
0.506154 1
0.882189 1
1.40933 1
0.596104 1
0.887864 1
0.0886563 1
1.02982 1
0.456297 1
1.75717 1
6.19749 1
1.16664 1
1.2912 1
0.100947 1
0.666883 1
2.36864 1
1.00692 1
0.00946011 1
0.249322 1
0.106468 1
3.15201 1
4.25746 1
3.72197 1
1.8408 1
0.293518 1
3.70393 1
0.431812 1
2.76767 1
3.94536 1
0.675145 1
2.71999 1
0.560701 1
0.511364 1
4.12027 1
0.870927 1
5.88531 1
1.16525 1
0.641591 1
2.48173 1
1.8487 1
1.92056 1
0.902404 1
0.749826 1
1.48088 1
2.49544 1
0.116972 1
0.32427 1
0.229934 1
1.063 1
1.61578 1
0.523858 1
0.646349 1
0.174529 1
0.126246 1
1.68493 1
1.54479 1
0.87669 1
1.18871 1
0.582986 1
0.198089 1
2.73373 1
1.97086 1
3.5107 1
2.65897 1
0.809377 1
0.425492 1
0.372227 1
1.2527 1
0.190293 1
1.14692 1
0.205541 1
5.65272 1
1.36318 1
0.194061 1
3.25524 1
0.245054 1
0.270739 1
0.566673 1
0.837812 1
2.44419 1
0.103423 1
2.35228 1
0.219515 1
1.01521 1
6.25796 1
0.145395 1
1.22664 1
0.25807 1
1.62782 1
0.978624 1
3.02308 1
0.573885 1
3.4452 1
12.6365 1
2.01208 1
2.34708 1
0.0688431 1
3.9798 1
0.346657 1
0.605629 1
2.86697 1
0.409411 1
0.502566 1
1.05951 1
3.19722 1
0.285956 1
1.59254 1
2.00093 1
0.182203 1
2.41205 1
1.12068 1
1.29161 1
2.2379 1
3.02932 1
0.215679 1
0.516428 1
0.449785 1
1.2241 1
0.422753 1
0.540183 1
0.384312 1
0.307963 1
0.949496 1
0.0829541 1
0.384325 1
32.5149 1
0.902645 1
2.02447 1
1.14713 1
0.305576 1
1.45409 1
0.742039 1
0.923318 1
0.614337 1
1.77279 1
0.772575 1
2.20598 1
0.323509 1
0.0338426 1
0.338081 1
1.20806 1
0.212026 1
0.501309 1
0.645237 1
4.32142 1
1.88925 1
0.00711549 1
0.645937 1
3.89489 1
0.166143 1
0.940786 1
0.401727 1
0.930879 1
6.09255 1
0.965763 1
0.11847 1
3.25585 1
0.569907 1
0.117892 1
0.470376 1
1.39702 1
0.15461 1
1.46225 1
2.78331 1
2.40251 1
1.0975 1
0.268356 1
0.479796 1
0.267211 1
1.56632 1
1.9408 1
1.09843 1
3.36605 1
0.578339 1
3.40238 1
0.188637 1
0.395609 1
1.47138 1
0.0799255 1
0.608882 1
0.757003 1
0.605673 1
1.92592 1
0.796931 1
0.632987 1
0.149682 1
2.15421 1
5.26359 1
0.0999422 1
2.57002 1
1.08749 1
1.86425 1
3.78542 1
0.260079 1
0.848219 1
3.14704 1
2.2778 1
0.772995 1
2.71036 1
0.752306 1
0.295473 1
1.46483 1
1.37725 1
2.35377 1
0.812059 1
4.91873 1
2.37676 1
0.770959 1
0.945302 1
1.96387 1
0.388915 1
1.9524 1
0.431061 1
27.3781 1
0.306214 1
0.34748 1
0.606736 1
1.34755 1
2.69852 1
5.29868 1
0.120647 1
0.798706 1
2.89622 1
1.23422 1
1.97918 1
0.483161 1
0.651406 1
0.329881 1
0.850306 1
0.504387 1
1.53222 1
0.265641 1
0.474787 1
1.93384 1
0.487405 1
0.496459 1
0.28826 1
0.0800289 1
0.397208 1
1.69002 1
1.40591 1
11.71 1
1.60242 1
0.459565 1
0.558479 1
0.283771 1
0.337723 1
0.687984 1
1.1612 1
0.00935 1
0.339981 1
0.383723 1
0.497583 1
0.169326 1
0.386396 1
0.414488 1
0.130914 1
0.618376 1
0.399641 1
0.177913 1
0.208194 1
0.107408 1
1.48421 1
0.235546 1
0.471192 1
0.297291 1
0.0701822 1
1.44639 1
1.21502 1
0.555432 1
0.842749 1
0.69529 1
2.82751 1
2.28434 1
0.377595 1
0.486451 1
1.02815 1
0.481373 1
1.20898 1
3.74907 1
0.930981 1
0.203695 1
0.0586354 1
1.27305 1
0.906496 1
0.605823 1
0.781368 1
0.273652 1
3.43735 1
2.3148 1
0.652442 1
0.220806 1
0.766199 1
1.65929 1
6.61653 1
0.855067 1
11.6549 1
4.57289 1
1.01059 1
2.70258 1
0.262192 1
1.92466 1
0.564642 1
0.339205 1
3.16983 1
0.785903 1
2.68335 1
1.83747 1
0.20219 1
0.506915 1
1.28007 1
0.558204 1
1.87787 1
2.58053 1
0.769104 1
2.33008 1
0.660602 1
0.330545 1
1.31605 1
0.313865 1
1.03315 1
0.919787 1
0.852944 1
3.42486 1
1.23938 1
0.211552 1
1.21725 1
2.58747 1
4.14991 1
0.262222 1
1.25471 1
0.572923 1
0.23275 1
0.145024 1
2.86879 1
0.218607 1
2.02278 1
0.134193 1
0.220763 1
2.99476 1
1.76513 1
0.802885 1
0.727458 1
1.62301 1
0.441957 1
0.540751 1
0.127472 1
0.145982 1
0.647824 1
1.4312 1
0.152689 1
2.72433 1
2.1191 1
6.63262 1
0.946213 1
0.193432 1
1.40668 1
3.86542 1
1.31735 1
1.04813 1
2.34192 1
0.100753 1
0.298928 1
1.38237 1
1.34983 1
1.57524 1
0.444797 1
0.284496 1
1.93551 1
0.209724 1
0.0542845 1
0.246093 1
1.71375 1
0.267832 1
0.0939556 1
0.304969 1
0.621966 1
0.309918 1
0.401789 1
1.91438 1
0.362998 1
0.490382 1
1.46695 1
2.29592 1
0.732594 1
1.94097 1
0.345877 1
0.104073 1
2.4437 1
0.18679 1
1.41848 1
0.337216 1
0.223384 1
0.349181 1
1.53281 1
0.479658 1
1.79586 1
0.759555 1
0.925704 1
1.23954 1
0.235187 1
0.319897 1
2.96871 1
0.183701 1
0.537888 1
0.777401 1
0.451153 1
0.235833 1
1.52066 1
2.91643 1
3.11273 1
1.6037 1
3.30166 1
0.868136 1
0.450011 1
0.513716 1
1.98626 1
3.26848 1
0.937006 1
2.60098 1
1.77881 1
2.05835 1
0.154601 1
1.07432 1
0.947761 1
1.41093 1
2.60466 1
1.6141 1
2.58595 1
1.2846 1
1.17676 1
0.210818 1
0.347602 1
1.7811 1
0.71217 1
0.58468 1
0.874866 1
1.27206 1
0.229676 1
0.305189 1
0.888148 1
8.6493 1
0.2202 1
1.03205 1
1.32619 1
0.614344 1
0.953349 1
0.757385 1
6.01543 1
0.397061 1
1.78001 1
5.04032 1
1.00109 1
0.791304 1
2.59339 1
0.19956 1
1.80929 1
1.11081 1
0.625921 1
2.16712 1
0.193214 1
1.29306 1
0.328352 1
0.848737 1
0.242916 1
0.0637945 1
2.41697 1
0.671309 1
1.32248 1
1.26502 1
2.4128 1
0.230646 1
0.487891 1
0.709651 1
0.847019 1
1.13407 1
0.755311 1
4.93776 1
0.202203 1
0.688491 1
2.84669 1
0.657609 1
2.22471 1
0.655698 1
5.31259 1
6.29418 1
0.975855 1
2.96177 1
1.06944 1
0.149567 1
1.40222 1
0.195828 1
0.74299 1
3.57875 1
1.93776 1
0.0654274 1
1.36463 1
0.847908 1
0.466737 1
1.33956 1
3.01228 1
0.205191 1
0.259186 1
0.0945598 1
0.243448 1
0.338087 1
2.93443 1
2.50988 1
2.91446 1
3.07441 1
0.724799 1
3.24148 1
2.92774 1
5.67317 1
0.405533 1
0.282286 1
2.07248 1
1.61826 1
0.430066 1
0.453525 1
1.33895 1
0.150915 1
0.172679 1
0.349558 1
0.199185 1
0.109299 1
0.978354 1
0.630081 1
0.438321 1
1.10201 1
8.18389 1
1.40637 1
0.74816 1
0.478927 1
0.734179 1
0.215748 1
0.732944 1
0.27872 1
1.27656 1
175.132 1
1.56125 1
1.012 1
1.33633 1
0.356618 1
1.39693 1
0.142992 1
0.922294 1
0.141595 1
0.139903 1
0.216975 1
0.150342 1
0.699249 1
0.637891 1
0.227645 1
1.12892 1
1.52347 1
1.38806 1
0.693163 1
0.352483 1
0.955586 1
3.79867 1
0.662257 1
1.68355 1
0.809047 1
2.08672 1
0.808236 1
1.01151 1
5.06733 1
1.94321 1
0.765651 1
2.1875 1
2.01833 1
0.85211 1
0.96103 1
6.0515 1
1.74728 1
4.65285 1
0.764414 1
1.04506 1
0.199458 1
0.508219 1
0.738256 1
0.0880119 1
0.0702678 1
1.23385 1
0.475179 1
0.344569 1
0.026413 1
2.82292 1
0.841746 1
1.02295 1
0.27967 1
0.774205 1
0.455869 1
1.45409 1
1.3815 1
0.670978 1
1.54971 1
0.392109 1
0.277867 1
1.64905 1
0.879891 1
1.74061 1
1.82213 1
0.805936 1
0.175738 1
1.63308 1
1.75815 1
1.97751 1
0.409531 1
0.328887 1
2.37371 1
1.72311 1
1.49592 1
1.39425 1
0.305553 1
1.16307 1
0.297631 1
0.721987 1
1.28297 1
0.30015 1
1.26138 1
1.78467 1
0.312482 1
0.387655 1
0.862158 1
1.60313 1
0.29451 1
0.187305 1
2.61477 1
0.424508 1
1.31594 1
0.736476 1
2.96726 1
0.152947 1
3.58576 1
1.04182 1
0.972713 1
1.08987 1
0.214828 1
1.3828 1
0.233178 1
0.711404 1
0.38326 1
0.165664 1
0.420125 1
4.30582 1
0.133519 1
0.196824 1
1.78605 1
1.53845 1
0.222758 1
0.29907 1
138.895 1
4.40851 1
1.04146 1
0.149998 1
0.961661 1
0.280059 1
2.91663 1
0.0800557 1
0.797786 1
2.68941 1
1.44177 1
1.4964 1
0.219816 1
0.917929 1
1.20369 1
2.07455 1
0.217223 1
0.157283 1
4.24827 1
2.84641 1
0.461582 1
3.63772 1
8.71594 1
0.217279 1
0.868004 1
1.708 1
2.36593 1
3.44435 1
0.783456 1
3.25329 1
0.109746 1
0.0933738 1
2.91451 1
1.63252 1
0.805895 1
0.600572 1
0.0752456 1
0.334971 1
2.93232 1
1.06237 1
1.13125 1
0.397567 1
3.31966 1
1.43627 1
1.53084 1
2.30739 1
0.495122 1
0.0936479 1
1.67443 1
0.166135 1
0.105289 1
0.158119 1
0.816931 1
0.403508 1
1.62766 1
1.01578 1
0.171872 1
0.46171 1
1.31006 1
0.248848 1
0.121979 1
0.71944 1
0.205407 1
0.160745 1
1.07202 1
0.132681 1
1.02229 1
0.256825 1
0.781304 1
0.126199 1
4.45531 1
0.141447 1
0.248729 1
0.699385 1
1.10535 1
0.358562 1
0.179207 1
1.92056 1
0.602575 1
0.724294 1
11.2626 1
0.355425 1
0.191923 1
0.843588 1
0.146784 1
0.157395 1
2.41394 1
5.72712 1
1.72122 1
0.0730352 1
0.324332 1
1.99345 1
0.139417 1
1.63361 1
1.74163 1
1.03041 1
1.07341 1
2.59717 1
1.17272 1
2.60786 1
0.254377 1
0.565418 1
0.446161 1
2.1709 1
0.204919 1
0.206772 1
4.4739 1
0.323603 1
0.87807 1
0.983001 1
0.466852 1
0.224655 1
1.3691 1
2.85582 1
2.50755 1
1.35348 1
0.45087 1
3.66799 1
2.12869 1
1.606 1
1.97627 1
0.116178 1
0.419694 1
6.16835 1
2.64904 1
0.297884 1
0.988323 1
0.1284 1
1.85287 1
5.01821 1
0.410396 1
0.273487 1
1.59433 1
1.1933 1
0.316451 1
2.1556 1
1.33759 1
1.64562 1
1.16678 1
0.261722 1
0.905046 1
0.204431 1
0.075919 1
0.237808 1
3.99377 1
1.29687 1
0.467296 1
2.5882 1
1.48713 1
6.18779 1
0.620153 1
0.559302 1
1.96048 1
0.423439 1
8.16442 1
0.613448 1
3.75684 1
0.544454 1
1.00289 1
0.125827 1
0.60739 1
1.97656 1
0.478035 1
0.999939 1
0.580432 1
3.37159 1
1.58521 1
1.76133 1
1.98311 1
0.869821 1
0.747208 1
1.34897 1
1.79872 1
0.340453 1
1.08633 1
0.713664 1
0.16989 1
0.373358 1
4.36982 1
0.75475 1
0.188261 1
3.52382 1
0.365964 1
0.893425 1
0.271826 1
5.73076 1
0.452145 1
0.085034 1
2.90553 1
0.535063 1
3.21848 1
2.02903 1
2.22916 1
1.8168 1
0.281088 1
1.29834 1
0.695012 1
1.48021 1
1.16841 1
4.63309 1
1.04739 1
0.101032 1
0.407175 1
0.940364 1
0.516344 1
0.227671 1
0.114171 1
1.06785 1
0.457296 1
1.98467 1
0.380405 1
2.18077 1
0.689821 1
0.532675 1
0.411264 1
2.04258 1
1.74575 1
1.18166 1
1.65856 1
0.589184 1
0.967471 1
0.942804 1
2.72149 1
1.24267 1
5.32812 1
2.30586 1
3.85814 1
0.257539 1
0.728842 1
1.07776 1
0.548663 1
1.60295 1
0.435259 1
0.180102 1
1.52835 1
0.290696 1
1.95399 1
0.857707 1
0.228594 1
0.134658 1
0.0801504 1
1.12324 1
0.600906 1
6.6378 1
0.332854 1
0.0800986 1
1.84511 1
4.22491 1
1.05463 1
0.325523 1
0.338583 1
0.759636 1
0.384384 1
0.341058 1
0.259137 1
1.31024 1
0.309885 1
0.112567 1
1.24094 1
1.57572 1
2.20168 1
0.153125 1
0.543347 1
0.94497 1
1.62764 1
0.959692 1
1.694 1
7.57721 1
0.723289 1
2.00786 1
0.292221 1
0.750875 1
0.283342 1
0.940338 1
0.370595 1
1.43509 1
0.988169 1
0.196883 1
4.81064 1
0.248104 1
0.421177 1
0.305261 1
0.848604 1
1.2388 1
0.249849 1
2.15254 1
0.266792 1
1.55825 1
0.36803 1
0.492295 1
9.32555 1
0.328738 1
0.132008 1
2.44998 1
0.269407 1
0.253392 1
1.6663 1
0.91149 1
2.14298 1
2.71928 1
0.958924 1
3.20041 1
1.23305 1
2.85851 1
0.213547 1
0.489314 1
0.0321844 1
0.243883 1
0.464126 1
12.816 1
1.24755 1
0.351094 1
0.539093 1
1.16876 1
0.129978 1
0.544498 1
1.96296 1
2.47016 1
0.0306313 1
3.15756 1
7.19882 1
0.738221 1
3.42403 1
1.87585 1
0.588352 1
1.13984 1
2.76928 1
1.41368 1
2.75906 1
0.339498 1
0.223669 1
1.08396 1
3.26724 1
0.700178 1
2.10103 1
0.852334 1
4.28148 1
6.72012 1
1.48063 1
0.663671 1
1.43487 1
3.06328 1
2.48746 1
1.56923 1
0.421818 1
2.71706 1
1.55166 1
0.374553 1
1.07139 1
0.617621 1
1.78066 1
0.185698 1
0.650682 1
1.2997 1
0.218975 1
0.281362 1
0.166292 1
0.274157 1
1.29689 1
1.05805 1
1.70007 1
0.244366 1
0.379439 1
0.863543 1
1.6448 1
2.16108 1
0.463579 1
0.712217 1
0.827003 1
0.220907 1
1.771 1
0.295964 1
1.06405 1
0.283957 1
0.162578 1
2.28252 1
0.459249 1
0.119444 1
0.867188 1
0.626384 1
1.08681 1
0.412951 1
0.191915 1
0.166094 1
0.554532 1
0.631239 1
0.723962 1
3.85144 1
0.447707 1
2.5775 1
0.992988 1
2.1145 1
0.660144 0
0.695067 0
0.833552 0
0.45101 0
0.596114 0
0.0658862 0
0.435993 0
0.519903 0
0.817637 0
1.93438 0
0.0603053 0
0.34626 0
1.08449 0
0.178365 0
0.867847 0
0.311361 0
0.230069 0
0.155554 0
0.368877 0
2.49218 0
0.475168 0
0.201199 0
0.217018 0
3.06565 0
0.229203 0
0.253067 0
1.56861 0
1.59397 0
0.413272 0
0.363284 0
0.180286 0
0.0690515 0
1.21693 0
0.704398 0
0.232582 0
0.28901 0
0.946027 0
0.297665 0
0.395424 0
41.4982 0
0.348596 0
2.60095 0
1.22881 0
0.406235 0
0.73223 0
0.92059 0
0.265877 0
0.191378 0
0.621131 0
2.50854 0
0.941489 0
0.295976 0
0.721374 0
0.182558 0
1.65091 0
2.3486 0
0.278158 0
1.1215 0
0.457435 0
0.297911 0
6.65981 0
0.426869 0
0.7918 0
0.044721 0
0.179645 0
3.25837 0
0.744765 0
0.174052 0
0.474425 0
0.345068 0
0.339683 0
0.0821337 0
0.184933 0
0.203495 0
0.200559 0
1.52548 0
0.386264 0
0.373455 0
0.846013 0
0.726884 0
0.280261 0
0.333272 0
0.516051 0
1.56027 0
0.291719 0
0.425721 0
0.21901 0
1.475 0
0.351074 0
0.229418 0
0.804318 0
4.73214 0
1.70186 0
0.207841 0
0.622749 0
1.60044 0
0.138739 0
0.268364 0
0.224102 0
1.10259 0
188.251 0
1.17869 0
0.816378 0
0.130979 0
1.49886 0
0.346853 0
1.50853 0
0.620755 0
0.227866 0
0.778031 0
0.955523 0
0.601355 0
0.563648 0
0.0125018 0
0.175907 0
1.72098 0
0.341086 0
1.50958 0
0.299591 0
0.854925 0
0.296085 0
0.297357 0
0.184839 0
0.279782 0
0.190649 0
1.99562 0
0.323446 0
0.889266 0
1.40061 0
0.0581027 0
0.395866 0
1.92379 0
2.33199 0
0.657648 0
0.114139 0
0.578998 0
0.295101 0
0.185208 0
0.521738 0
1.89838 0
0.277644 0
0.188589 0
0.692851 0
0.0466535 0
0.286076 0
0.239162 0
0.153829 0
0.120496 0
0.252816 0
0.499272 0
0.59351 0
0.8519 0
0.138013 0
0.104696 0
0.289445 0
0.515166 0
0.539774 0
1.06448 0
2.16956 0
0.0365718 0
0.953807 0
0.0604269 0
0.612309 0
0.231781 0
2.69364 0
2.16145 0
1.19017 0
2.25787 0
0.518077 0
0.366048 0
0.829551 0
1.33399 0
0.196395 0
1.37256 0
0.35438 0
0.285211 0
1.05579 0
1.0173 0
0.22015 0
2.74621 0
0.11754 0
0.251632 0
0.971258 0
1.5766 0
1.89419 0
1.55998 0
0.144045 0
0.393065 0
0.3498 0
0.795149 0
0.843871 0
0.807536 0
1.01681 0
0.332599 0
0.0338583 0
0.215356 0
0.932406 0
0.250774 0
0.823983 0
0.835909 0
0.428338 0
0.225205 0
0.438084 0
0.0188252 0
0.306555 0
0.34706 0
0.105464 0
1.40132 0
0.206488 0
0.138233 0
0.1727 0
0.244185 0
0.493731 0
0.190368 0
0.113972 0
0.645049 0
2.75441 0
0.218417 0
0.113951 0
0.0992957 0
0.190198 0
1.87161 0
0.412919 0
0.248274 0
1.20561 0
0.34372 0
0.938149 0
0.0872291 0
0.586427 0
3.05104 0
0.203835 0
1.44357 0
2.33627 0
0.715674 0
0.222865 0
0.874627 0
0.104799 0
0.377573 0
1.85688 0
3.31204 0
0.733267 0
0.483565 0
0.206313 0
0.087807 0
1.07824 0
0.160025 0
0.372788 0
0.287319 0
0.175693 0
0.38416 0
0.356637 0
0.132199 0
0.674239 0
0.29555 0
0.407891 0
0.134829 0
0.224024 0
0.297575 0
1.96693 0
1.03809 0
0.751559 0
0.470671 0
1.01963 0
0.733478 0
0.0988229 0
1.00534 0
2.05343 0
0.734609 0
0.240678 0
0.227934 0
0.300649 0
1.00741 0
0.787187 0
3.33517 0
1.25017 0
0.520753 0
0.0729832 0
0.471941 0
0.256183 0
0.194821 0
0.73896 0
0.266869 0
0.339868 0
0.60548 0
0.0755729 0
0.914626 0
1.74066 0
0.239071 0
0.364815 0
2.02383 0
0.39589 0
2.55405 0
0.221643 0
0.135526 0
0.758781 0
0.230148 0
1.24669 0
0.236551 0
0.38792 0
0.854681 0
2.20346 0
1.16753 0
2.29534 0
0.117863 0
2.66059 0
0.394608 0
1.58877 0
0.0478865 0
1.0119 0
0.108134 0
0.525545 0
0.52465 0
1.33465 0
1.2006 0
1.34459 0
0.651887 0
0.339415 0
0.40007 0
0.497299 0
0.509922 0
1.5742 0
0.220474 0
0.230816 0
0.1481 0
0.552656 0
0.853919 0
0.370547 0
0.17161 0
2.48345 0
0.687877 0
0 0
0.0811515 0
0.596772 0
2.70392 0
0.188458 0
0.156522 0
0.791742 0
0.168595 0
0.137743 0
0.851284 0
1.64182 0
0.221224 0
3.33561 0
0.406109 0
0.222269 0
0.0622802 0
12.4992 0
0.39507 0
1.87025 0
0.991578 0
0.187252 0
0.66173 0
0.01554 0
3.59101 0
0.172069 0
0.264065 0
0.246639 0
0.237834 0
1.05022 0
0.11867 0
0.411135 0
0.326684 0
0.576377 0
0.793724 0
0.165069 0
0.940366 0
0.798632 0
0.0675786 0
1.52895 0
0.134294 0
0.133602 0
5.77874 0
0.918919 0
0.198663 0
0.198647 0
2.31442 0
0.325477 0
0.360977 0
0.278794 0
0.472253 0
0.551493 0
0.107312 0
1.22751 0
0.116486 0
1.42063 0
1.26752 0
0.794576 0
0.188303 0
0.183165 0
0.537329 0
0.224022 0
0.127762 0
0.139142 0
0.144513 0
0.0107011 0
0.413455 0
0.816215 0
0.738699 0
0.51347 0
2.30841 0
0.136521 0
0.118243 0
1.485 0
0.309251 0
4.22173 0
0.338978 0
1.56335 0
1.29664 0
10.1663 0
0.0782446 0
1.51426 0
0.400873 0
0.989319 0
0.298579 0
0.304147 0
0.533964 0
2.81281 0
1.61105 0
0.275454 0
0.59498 0
0.0927435 0
0.425969 0
0.372483 0
0.388725 0
0.373432 0
0.773531 0
0.129696 0
1.00631 0
0.234452 0
0.215268 0
0.227034 0
0.864234 0
0.820712 0
1.01624 0
0.314092 0
2.04381 0
0.54714 0
0.0627195 0
1.54049 0
0.22059 0
0.0943646 0
0.442401 0
0.142329 0
0.239752 0
0.158157 0
0.360032 0
1.23871 0
0.0249644 0
0.542627 0
0.427304 0
0.863105 0
0.679441 0
0.554865 0
3.83038 0
0.316822 0
0.449267 0
0.399944 0
0.170219 0
0.18691 0
1.04088 0
1.01102 0
0.87499 0
0.305296 0
0.190161 0
0.204198 0
1.08391 0
0.510892 0
0.137534 0
1.17329 0
0.126617 0
0.0521337 0
0.0771035 0
1.24933 0
0.314929 0
0.60867 0
0.28982 0
0.676887 0
1.03015 0
0.510087 0
0.172041 0
0.402914 0
1.31931 0
0.111374 0
2.09539 0
0.185955 0
2.97245 0
0.285123 0
0.95633 0
0.142793 0
0.159576 0
0.825753 0
2.08653 0
3.65789 0
0.183592 0
0.544855 0
2.61036 0
4.48786 0
2.95262 0
0.420027 0
0.142901 0
0.426622 0
1.31618 0
0.281176 0
0.498707 0
0.215572 0
1.53241 0
0.69794 0
0.274755 0
0.246245 0
1.32651 0
2.49909 0
2.11759 0
0.162423 0
0.270837 0
1.10314 0
0.837984 0
6.72617 0
1.52973 0
0.308628 0
0.876762 0
0.74899 0
0.154034 0
0.294889 0
0.125041 0
1.45527 0
2.34944 0
0.34378 0
0.432493 0
0.811187 0
0.136984 0
0.117939 0
0.0815593 0
1.48735 0
3.83378 0
0.266856 0
0.388408 0
5.19331 0
0.145598 0
0.817114 0
0.470304 0
0.244533 0
0.105901 0
0.317352 0
0.165206 0
0.581188 0
1.1448 0
2.84759 0
1.34389 0
1.93877 0
0.388855 0
0.183393 0
0.818025 0
0.648786 0
0.0724429 0
0.177762 0
0.724715 0
0.631965 0
1.10566 0
0.534811 0
0.117107 0
0.319048 0
0.434073 0
3.9119 0
0.241299 0
0.191638 0
0.208992 0
0.408087 0
1.23141 0
0.17984 0
0.13064 0
0.439248 0
0.896622 0
0.809028 0
0.762361 0
0.783318 0
0.019219 0
1.35052 0
0.634215 0
0.193053 0
0.22515 0
1.16069 0
4.88048 0
1.95865 0
0.652344 0
2.42619 0
1.56677 0
0.136035 0
0.423065 0
0.285317 0
0.525937 0
0.263774 0
1.03108 0
0.612018 0
0.868705 0
0.129573 0
1.27882 0
0.953316 0
0.891176 0
0.342121 0
3.14325 0
0.367661 0
0.19006 0
1.11974 0
0.422566 0
2.28715 0
0.188886 0
0.275031 0
1.46009 0
0.234649 0
0.568429 0
0.73224 0
0.0564454 0
0.144193 0
0.61175 0
0.29604 0
0.281413 0
0.124442 0
0.376052 0
0.388887 0
1.09236 0
0.222763 0
0.398682 0
0.203538 0
3.37074 0
1.17629 0
2.34815 0
0.793808 0
1.5806 0
0.47943 0
3.03321 0
0.520852 0
0.540728 0
0.765445 0
1.51661 0
0.417049 0
0.184627 0
7.4205 0
0.262737 0
2.13303 0
0.452125 0
1.06963 0
0.594108 0
0.375678 0
0.904692 0
0.830495 0
0.163765 0
0.157632 0
0.134023 0
0.486411 0
0.0894028 0
0.367325 0
1.30342 0
1.22734 0
0.0864721 0
3.82336 0
0.742034 0
1.14149 0
0.127392 0
0.115371 0
0.319757 0
0.367061 0
1.73281 0
0.268567 0
0.760122 0
0.285576 0
0.515672 0
7.59129 0
0.488375 0
1.07676 0
0.772671 0
0.382569 0
0.188918 0
1.31535 0
0.972615 0
3.8882 0
0.84797 0
0.0658506 0
0.2956 0
0.620248 0
0.27284 0
0.905286 0
0.146676 0
0.119129 0
2.83463 0
0.133481 0
0.937433 0
0.167473 0
1.11776 0
1.18751 0
0.192366 0
0.41024 0
0.591071 0
5.87544 0
1.07351 0
0.457082 0
0.190969 0
0.428798 0
0.395971 0
2.94478 0
2.33202 0
0.167022 0
0.792773 0
0.943035 0
0.17331 0
0.837046 0
0.988551 0
0.618702 0
0.0504307 0
0.858134 0
2.02518 0
0.784535 0
0.455271 0
1.41968 0
0.187431 0
2.17679 0
3.47705 0
0.43154 0
2.20772 0
0.699338 0
0.0743131 0
0.124795 0
0.488274 0
0.585519 0
0.837302 0
0.727111 0
0.508159 0
0.72055 0
1.42 0
0.515578 0
0.131235 0
0.657968 0
0.277764 0
0.37811 0
0.233798 0
0.122994 0
0.0261774 0
0.843208 0
0.327254 0
0.454437 0
0.489706 0
0.217986 0
1.84685 0
3.30419 0
2.46479 0
0.45289 0
0.215249 0
0.0402199 0
0.881864 0
0.283301 0
0.232252 0
1.46724 0
0.141867 0
0.503139 0
0.876392 0
0.0977508 0
0.558761 0
0.0413055 0
0.174398 0
1.10511 0
0.0810189 0
0.555007 0
2.92119 0
0.13376 0
0.971451 0
0.26858 0
1.56688 0
1.45499 0
1.45541 0
0.712506 0
0.0964723 0
0.573687 0
2.2517 0
1.19845 0
0.212717 0
0.132073 0
0.176884 0
0.582923 0
0.12366 0
0.669772 0
0.655015 0
1.389 0
0.316015 0
0.263977 0
1.74338 0
2.60403 0
0.158137 0
0.183039 0
0.261177 0
0.580204 0
0.247151 0
2.92317 0
1.89197 0
0.33364 0
2.25391 0
0.208664 0
0.676199 0
0.929055 0
2.12794 0
0.680514 0
0.243258 0
0.467485 0
0.109813 0
0.0840376 0
1.91443 0
0.0566244 0
1.72202 0
0.163273 0
0.409407 0
0.0222793 0
0.533336 0
0.42304 0
2.04965 0
2.76336 0
1.01504 0
0.283072 0
4.73295 0
2.18171 0
0.370809 0
1.45839 0
0.853997 0
0.564313 0
1.16563 0
1.93326 0
8.37858 0
0.05476 0
0.812346 0
0.287164 0
0.11804 0
0.560273 0
0.23871 0
0.474072 0
0.141719 0
0.50177 0
0.189179 0
0.261676 0
0.0771562 0
1.37858 0
1.18357 0
0.0937231 0
1.61084 0
0.106151 0
0.319263 0
0.87665 0
0.697145 0
0.120893 0
189.956 0
0.829381 0
0.215608 0
0.123307 0
3.27852 0
0.467324 0
0.115851 0
0.091182 0
8.52961 0
0.565404 0
0.67928 0
0.142398 0
0.384428 0
0.416709 0
0.889573 0
0.126436 0
0.130199 0
0.259181 0
0.855239 0
0.837066 0
0.426151 0
0.270916 0
0.156339 0
0.166673 0
0.559878 0
0.89994 0
0.148475 0
0.249954 0
0.136093 0
1.07104 0
0.092947 0
1.18678 0
0.634113 0
0.946482 0
0.134939 0
0.0622047 0
2.14689 0
1.98917 0
1.75477 0
0.253871 0
1.41765 0
0.297194 0
0.0355575 0
0.485532 0
1.40214 0
0.476984 0
0.420132 0
0.106568 0
0.0802862 0
1.98699 0
0.252746 0
0.39954 0
1.64339 0
0.149197 0
0.516538 0
1.47287 0
0.249882 0
0.963434 0
0.0736553 0
2.10702 0
0.10589 0
0.291795 0
0.572286 0
0.110619 0
2.84574 0
0.295445 0
3.04345 0
0.207426 0
0.454549 0
0.646424 0
0.494765 0
0.127876 0
0.239742 0
0.852358 0
0.112817 0
0.0436615 0
1.96132 0
0.436505 0
1.14594 0
0.295953 0
0.36753 0
1.76219 0
0.227974 0
0.356258 0
0.0998684 0
0.012631 0
1.69844 0
3.43093 0
0.35096 0
0.443065 0
0.226649 0
0.107328 0
0.368651 0
0.140625 0
0.164152 0
0.635117 0
0.877159 0
0.47512 0
0.469426 0
0.946478 0
0.0427384 0
1.00744 0
0.37709 0
1.6178 0
0.746296 0
0.0842707 0
0.215202 0
0.361744 0
0.35928 0
1.42785 0
0.322922 0
1.46665 0
0.319672 0
0.4309 0
0.8107 0
0.185912 0
0.344758 0
0.0849279 0
0.811505 0
0.874989 0
0.730208 0
1.69361 0
0.144324 0
0.288511 0
0.0516094 0
0.770321 0
0.192655 0
0.499831 0
3.117 0
0.385715 0
0.028124 0
1.17292 0
0.206208 0
0.372112 0
0.104965 0
0.512964 0
0.688215 0
1.04505 0
0.471761 0
0.305845 0
0.573047 0
0.78838 0
0.459403 0
6.43457 0
0.69157 0
0.0743576 0
0.0972896 0
0.0725823 0
0.95875 0
0.223178 0
0.105548 0
0.219446 0
0.184587 0
1.27049 0
0.224073 0
1.15445 0
0.247252 0
0.220785 0
0.204406 0
1.67343 0
0.127147 0
1.66133 0
1.92494 0
0.1262 0
0.530957 0
0.189425 0
3.79743 0
1.19137 0
2.14845 0
1.66354 0
1.29464 0
0.615236 0
2.77187 0
0.256893 0
0.18058 0
0.713281 0
0.465221 0
0.204505 0
0.244174 0
1.16173 0
0.148399 0
0.605384 0
0.696132 0
0.435333 0
0.359462 0
0.132164 0
1.95725 0
0.485793 0
0.290693 0
8.89732 0
0.33823 0
0.100757 0
1.20075 0
0.159185 0
2.00723 0
0.559938 0
0.140182 0
3.44349 0
0.135568 0
2.37745 0
0.672725 0
1.16388 0
1.61199 0
0.172051 0
0.22834 0
0.774806 0
0.341964 0
0.108353 0
0.273019 0
0.317638 0
1.47044 0
2.28321 0
1.70797 0
0.803344 0
0.0824046 0
1.08251 0
1.90841 0
0.318624 0
1.5103 0
0.518596 0
0.16338 0
0.514503 0
0.202006 0
0.201688 0
1.30719 0
1.22284 0
0.434477 0
0.322403 0
1.17216 0
0.280743 0
1.51066 0
0.241966 0
0.12297 0
0.253821 0
0.646216 0
0.202959 0
0.222682 0
0.538777 0
0.387832 0
0.464296 0
0.333896 0
2.28817 0
0.125687 0
0.228739 0
0.50633 0
0.162811 0
1.13097 0
1.0991 0
0.517874 0
0.615431 0
3.78503 0
1.77804 0
0.44338 0
0.170222 0
3.00137 0
0.10323 0
1.68808 0
3.54639 0
1.64958 0
0.658961 0
0.0963187 0
0.351118 0
1.02372 0
0.1237 0
1.68216 0
1.29333 0
0.860403 0
0.598953 0
0.852075 0
0.749451 0
1.06484 0
0.60055 0
1.12016 0
6.42273 0
0.518242 0
0.24148 0
0.308576 0
2.00466 0
0.528805 0
0.185503 0
0.201192 0
2.34194 0
1.07189 0
0.727098 0
2.72251 0
2.02359 0
0.40682 0
2.05704 0
0.630723 0
5.01818 0
1.23653 0
0.603493 0
1.45198 0
0.746805 0
1.89279 0
0.136779 0
1.17807 0
1.73768 1
0.137123 1
0.795945 1
1.18456 1
1.14844 1
1.37725 1
0.308288 1
0.516729 1
0.905054 1
0.297348 1
0.236418 1
0.705524 1
6.60906 1
1.43427 1
0.442865 1
1.16829 1
0.67152 1
1.09464 1
2.53799 1
3.7096 1
3.62312 1
6.77609 1
2.49123 1
1.57675 1
0.620551 1
1.4741 1
1.83399 1
0.0113725 1
1.97671 1
2.61461 1
3.01194 1
1.1288 1
0.198888 1
2.42613 1
1.04454 1
1.42086 1
0.332618 1
0.0455935 1
1.60918 1
0.229507 1
0.721663 1
0.263038 1
1.05131 1
0.295742 1
1.63248 1
1.08511 1
1.73578 1
0.830732 1
2.03452 1
1.70374 1
0.476297 1
0.216367 1
0.854984 1
1.00369 1
0.908007 1
1.22309 1
0.164035 1
4.43866 1
0.34909 1
0.142164 1
0.513879 1
0.152593 1
0.928878 1
198.234 1
0.286468 1
0.425037 1
0.141218 1
5.37361 1
0.212795 1
0.629134 1
1.99269 1
0.956625 1
199.061 1
0.255574 1
0.367486 1
1.0338 1
0.240419 1
0.765274 1
2.30025 1
0.33125 1
1.92576 1
0.538148 1
0.873076 1
1.40023 1
0.154641 1
0.810055 1
0.203148 1
1.12907 1
0.203508 1
0.120753 1
0.356634 1
0.399101 1
0.422889 1
0.218998 1
1.24856 1
0.858234 1
2.81697 1
0.645827 1
0.253897 1
0.998414 1
0.872368 1
0.506154 1
0.882189 1
1.40933 1
0.596104 1
0.887864 1
0.0886563 1
1.02982 1
0.456297 1
1.75717 1
6.19749 1
1.16664 1
1.2912 1
0.100947 1
0.666883 1
2.36864 1
1.00692 1
0.00946011 1
0.249322 1
0.106468 1
3.15201 1
4.25746 1
3.72197 1
1.8408 1
0.293518 1
3.70393 1
0.431812 1
2.76767 1
3.94536 1
0.675145 1
2.71999 1
0.560701 1
0.511364 1
4.12027 1
0.870927 1
5.88531 1
1.16525 1
0.641591 1
2.48173 1
1.8487 1
1.92056 1
0.902404 1
0.749826 1
1.48088 1
2.49544 1
0.116972 1
0.32427 1
0.229934 1
1.063 1
1.61578 1
0.523858 1
0.646349 1
0.174529 1
0.126246 1
1.68493 1
1.54479 1
0.87669 1
1.18871 1
0.582986 1
0.198089 1
2.73373 1
1.97086 1
3.5107 1
2.65897 1
0.809377 1
0.425492 1
0.372227 1
1.2527 1
0.190293 1
1.14692 1
0.205541 1
5.65272 1
1.36318 1
0.194061 1
3.25524 1
0.245054 1
0.270739 1
0.566673 1
0.837812 1
2.44419 1
0.103423 1
2.35228 1
0.219515 1
1.01521 1
6.25796 1
0.145395 1
1.22664 1
0.25807 1
1.62782 1
0.978624 1
3.02308 1
0.573885 1
3.4452 1
12.6365 1
2.01208 1
2.34708 1
0.0688431 1
3.9798 1
0.346657 1
0.605629 1
2.86697 1
0.409411 1
0.502566 1
1.05951 1
3.19722 1
0.285956 1
1.59254 1
2.00093 1
0.182203 1
2.41205 1
1.12068 1
1.29161 1
2.2379 1
3.02932 1
0.215679 1
0.516428 1
0.449785 1
1.2241 1
0.422753 1
0.540183 1
0.384312 1
0.307963 1
0.949496 1
0.0829541 1
0.384325 1
32.5149 1
0.902645 1
2.02447 1
1.14713 1
0.305576 1
1.45409 1
0.742039 1
0.923318 1
0.614337 1
1.77279 1
0.772575 1
2.20598 1
0.323509 1
0.0338426 1
0.338081 1
1.20806 1
0.212026 1
0.501309 1
0.645237 1
4.32142 1
1.88925 1
0.00711549 1
0.645937 1
3.89489 1
0.166143 1
0.940786 1
0.401727 1
0.930879 1
6.09255 1
0.965763 1
0.11847 1
3.25585 1
0.569907 1
0.117892 1
0.470376 1
1.39702 1
0.15461 1
1.46225 1
2.78331 1
2.40251 1
1.0975 1
0.268356 1
0.479796 1
0.267211 1
1.56632 1
1.9408 1
1.09843 1
3.36605 1
0.578339 1
3.40238 1
0.188637 1
0.395609 1
1.47138 1
0.0799255 1
0.608882 1
0.757003 1
0.605673 1
1.92592 1
0.796931 1
0.632987 1
0.149682 1
2.15421 1
5.26359 1
0.0999422 1
2.57002 1
1.08749 1
1.86425 1
3.78542 1
0.260079 1
0.848219 1
3.14704 1
2.2778 1
0.772995 1
2.71036 1
0.752306 1
0.295473 1
1.46483 1
1.37725 1
2.35377 1
0.812059 1
4.91873 1
2.37676 1
0.770959 1
0.945302 1
1.96387 1
0.388915 1
1.9524 1
0.431061 1
27.3781 1
0.306214 1
0.34748 1
0.606736 1
1.34755 1
2.69852 1
5.29868 1
0.120647 1
0.798706 1
2.89622 1
1.23422 1
1.97918 1
0.483161 1
0.651406 1
0.329881 1
0.850306 1
0.504387 1
1.53222 1
0.265641 1
0.474787 1
1.93384 1
0.487405 1
0.496459 1
0.28826 1
0.0800289 1
0.397208 1
1.69002 1
1.40591 1
11.71 1
1.60242 1
0.459565 1
0.558479 1
0.283771 1
0.337723 1
0.687984 1
1.1612 1
0.00935 1
0.339981 1
0.383723 1
0.497583 1
0.169326 1
0.386396 1
0.414488 1
0.130914 1
0.618376 1
0.399641 1
0.177913 1
0.208194 1
0.107408 1
1.48421 1
0.235546 1
0.471192 1
0.297291 1
0.0701822 1
1.44639 1
1.21502 1
0.555432 1
0.842749 1
0.69529 1
2.82751 1
2.28434 1
0.377595 1
0.486451 1
1.02815 1
0.481373 1
1.20898 1
3.74907 1
0.930981 1
0.203695 1
0.0586354 1
1.27305 1
0.906496 1
0.605823 1
0.781368 1
0.273652 1
3.43735 1
2.3148 1
0.652442 1
0.220806 1
0.766199 1
1.65929 1
6.61653 1
0.855067 1
11.6549 1
4.57289 1
1.01059 1
2.70258 1
0.262192 1
1.92466 1
0.564642 1
0.339205 1
3.16983 1
0.785903 1
2.68335 1
1.83747 1
0.20219 1
0.506915 1
1.28007 1
0.558204 1
1.87787 1
2.58053 1
0.769104 1
2.33008 1
0.660602 1
0.330545 1
1.31605 1
0.313865 1
1.03315 1
0.919787 1
0.852944 1
3.42486 1
1.23938 1
0.211552 1
1.21725 1
2.58747 1
4.14991 1
0.262222 1
1.25471 1
0.572923 1
0.23275 1
0.145024 1
2.86879 1
0.218607 1
2.02278 1
0.134193 1
0.220763 1
2.99476 1
1.76513 1
0.802885 1
0.727458 1
1.62301 1
0.441957 1
0.540751 1
0.127472 1
0.145982 1
0.647824 1
1.4312 1
0.152689 1
2.72433 1
2.1191 1
6.63262 1
0.946213 1
0.193432 1
1.40668 1
3.86542 1
1.31735 1
1.04813 1
2.34192 1
0.100753 1
0.298928 1
1.38237 1
1.34983 1
1.57524 1
0.444797 1
0.284496 1
1.93551 1
0.209724 1
0.0542845 1
0.246093 1
1.71375 1
0.267832 1
0.0939556 1
0.304969 1
0.621966 1
0.309918 1
0.401789 1
1.91438 1
0.362998 1
0.490382 1
1.46695 1
2.29592 1
0.732594 1
1.94097 1
0.345877 1
0.104073 1
2.4437 1
0.18679 1
1.41848 1
0.337216 1
0.223384 1
0.349181 1
1.53281 1
0.479658 1
1.79586 1
0.759555 1
0.925704 1
1.23954 1
0.235187 1
0.319897 1
2.96871 1
0.183701 1
0.537888 1
0.777401 1
0.451153 1
0.235833 1
1.52066 1
2.91643 1
3.11273 1
1.6037 1
3.30166 1
0.868136 1
0.450011 1
0.513716 1
1.98626 1
3.26848 1
0.937006 1
2.60098 1
1.77881 1
2.05835 1
0.154601 1
1.07432 1
0.947761 1
1.41093 1
2.60466 1
1.6141 1
2.58595 1
1.2846 1
1.17676 1
0.210818 1
0.347602 1
1.7811 1
0.71217 1
0.58468 1
0.874866 1
1.27206 1
0.229676 1
0.305189 1
0.888148 1
8.6493 1
0.2202 1
1.03205 1
1.32619 1
0.614344 1
0.953349 1
0.757385 1
6.01543 1
0.397061 1
1.78001 1
5.04032 1
1.00109 1
0.791304 1
2.59339 1
0.19956 1
1.80929 1
1.11081 1
0.625921 1
2.16712 1
0.193214 1
1.29306 1
0.328352 1
0.848737 1
0.242916 1
0.0637945 1
2.41697 1
0.671309 1
1.32248 1
1.26502 1
2.4128 1
0.230646 1
0.487891 1
0.709651 1
0.847019 1
1.13407 1
0.755311 1
4.93776 1
0.202203 1
0.688491 1
2.84669 1
0.657609 1
2.22471 1
0.655698 1
5.31259 1
6.29418 1
0.975855 1
2.96177 1
1.06944 1
0.149567 1
1.40222 1
0.195828 1
0.74299 1
3.57875 1
1.93776 1
0.0654274 1
1.36463 1
0.847908 1
0.466737 1
1.33956 1
3.01228 1
0.205191 1
0.259186 1
0.0945598 1
0.243448 1
0.338087 1
2.93443 1
2.50988 1
2.91446 1
3.07441 1
0.724799 1
3.24148 1
2.92774 1
5.67317 1
0.405533 1
0.282286 1
2.07248 1
1.61826 1
0.430066 1
0.453525 1
1.33895 1
0.150915 1
0.172679 1
0.349558 1
0.199185 1
0.109299 1
0.978354 1
0.630081 1
0.438321 1
1.10201 1
8.18389 1
1.40637 1
0.74816 1
0.478927 1
0.734179 1
0.215748 1
0.732944 1
0.27872 1
1.27656 1
175.132 1
1.56125 1
1.012 1
1.33633 1
0.356618 1
1.39693 1
0.142992 1
0.922294 1
0.141595 1
0.139903 1
0.216975 1
0.150342 1
0.699249 1
0.637891 1
0.227645 1
1.12892 1
1.52347 1
1.38806 1
0.693163 1
0.352483 1
0.955586 1
3.79867 1
0.662257 1
1.68355 1
0.809047 1
2.08672 1
0.808236 1
1.01151 1
5.06733 1
1.94321 1
0.765651 1
2.1875 1
2.01833 1
0.85211 1
0.96103 1
6.0515 1
1.74728 1
4.65285 1
0.764414 1
1.04506 1
0.199458 1
0.508219 1
0.738256 1
0.0880119 1
0.0702678 1
1.23385 1
0.475179 1
0.344569 1
0.026413 1
2.82292 1
0.841746 1
1.02295 1
0.27967 1
0.774205 1
0.455869 1
1.45409 1
1.3815 1
0.670978 1
1.54971 1
0.392109 1
0.277867 1
1.64905 1
0.879891 1
1.74061 1
1.82213 1
0.805936 1
0.175738 1
1.63308 1
1.75815 1
1.97751 1
0.409531 1
0.328887 1
2.37371 1
1.72311 1
1.49592 1
1.39425 1
0.305553 1
1.16307 1
0.297631 1
0.721987 1
1.28297 1
0.30015 1
1.26138 1
1.78467 1
0.312482 1
0.387655 1
0.862158 1
1.60313 1
0.29451 1
0.187305 1
2.61477 1
0.424508 1
1.31594 1
0.736476 1
2.96726 1
0.152947 1
3.58576 1
1.04182 1
0.972713 1
1.08987 1
0.214828 1
1.3828 1
0.233178 1
0.711404 1
0.38326 1
0.165664 1
0.420125 1
4.30582 1
0.133519 1
0.196824 1
1.78605 1
1.53845 1
0.222758 1
0.29907 1
138.895 1
4.40851 1
1.04146 1
0.149998 1
0.961661 1
0.280059 1
2.91663 1
0.0800557 1
0.797786 1
2.68941 1
1.44177 1
1.4964 1
0.219816 1
0.917929 1
1.20369 1
2.07455 1
0.217223 1
0.157283 1
4.24827 1
2.84641 1
0.461582 1
3.63772 1
8.71594 1
0.217279 1
0.868004 1
1.708 1
2.36593 1
3.44435 1
0.783456 1
3.25329 1
0.109746 1
0.0933738 1
2.91451 1
1.63252 1
0.805895 1
0.600572 1
0.0752456 1
0.334971 1
2.93232 1
1.06237 1
1.13125 1
0.397567 1
3.31966 1
1.43627 1
1.53084 1
2.30739 1
0.495122 1
0.0936479 1
1.67443 1
0.166135 1
0.105289 1
0.158119 1
0.816931 1
0.403508 1
1.62766 1
1.01578 1
0.171872 1
0.46171 1
1.31006 1
0.248848 1
0.121979 1
0.71944 1
0.205407 1
0.160745 1
1.07202 1
0.132681 1
1.02229 1
0.256825 1
0.781304 1
0.126199 1
4.45531 1
0.141447 1
0.248729 1
0.699385 1
1.10535 1
0.358562 1
0.179207 1
1.92056 1
0.602575 1
0.724294 1
11.2626 1
0.355425 1
0.191923 1
0.843588 1
0.146784 1
0.157395 1
2.41394 1
5.72712 1
1.72122 1
0.0730352 1
0.324332 1
1.99345 1
0.139417 1
1.63361 1
1.74163 1
1.03041 1
1.07341 1
2.59717 1
1.17272 1
2.60786 1
0.254377 1
0.565418 1
0.446161 1
2.1709 1
0.204919 1
0.206772 1
4.4739 1
0.323603 1
0.87807 1
0.983001 1
0.466852 1
0.224655 1
1.3691 1
2.85582 1
2.50755 1
1.35348 1
0.45087 1
3.66799 1
2.12869 1
1.606 1
1.97627 1
0.116178 1
0.419694 1
6.16835 1
2.64904 1
0.297884 1
0.988323 1
0.1284 1
1.85287 1
5.01821 1
0.410396 1
0.273487 1
1.59433 1
1.1933 1
0.316451 1
2.1556 1
1.33759 1
1.64562 1
1.16678 1
0.261722 1
0.905046 1
0.204431 1
0.075919 1
0.237808 1
3.99377 1
1.29687 1
0.467296 1
2.5882 1
1.48713 1
6.18779 1
0.620153 1
0.559302 1
1.96048 1
0.423439 1
8.16442 1
0.613448 1
3.75684 1
0.544454 1
1.00289 1
0.125827 1
0.60739 1
1.97656 1
0.478035 1
0.999939 1
0.580432 1
3.37159 1
1.58521 1
1.76133 1
1.98311 1
0.869821 1
0.747208 1
1.34897 1
1.79872 1
0.340453 1
1.08633 1
0.713664 1
0.16989 1
0.373358 1
4.36982 1
0.75475 1
0.188261 1
3.52382 1
0.365964 1
0.893425 1
0.271826 1
5.73076 1
0.452145 1
0.085034 1
2.90553 1
0.535063 1
3.21848 1
2.02903 1
2.22916 1
1.8168 1
0.281088 1
1.29834 1
0.695012 1
1.48021 1
1.16841 1
4.63309 1
1.04739 1
0.101032 1
0.407175 1
0.940364 1
0.516344 1
0.227671 1
0.114171 1
1.06785 1
0.457296 1
1.98467 1
0.380405 1
2.18077 1
0.689821 1
0.532675 1
0.411264 1
2.04258 1
1.74575 1
1.18166 1
1.65856 1
0.589184 1
0.967471 1
0.942804 1
2.72149 1
1.24267 1
5.32812 1
2.30586 1
3.85814 1
0.257539 1
0.728842 1
1.07776 1
0.548663 1
1.60295 1
0.435259 1
0.180102 1
1.52835 1
0.290696 1
1.95399 1
0.857707 1
0.228594 1
0.134658 1
0.0801504 1
1.12324 1
0.600906 1
6.6378 1
0.332854 1
0.0800986 1
1.84511 1
4.22491 1
1.05463 1
0.325523 1
0.338583 1
0.759636 1
0.384384 1
0.341058 1
0.259137 1
1.31024 1
0.309885 1
0.112567 1
1.24094 1
1.57572 1
2.20168 1
0.153125 1
0.543347 1
0.94497 1
1.62764 1
0.959692 1
1.694 1
7.57721 1
0.723289 1
2.00786 1
0.292221 1
0.750875 1
0.283342 1
0.940338 1
0.370595 1
1.43509 1
0.988169 1
0.196883 1
4.81064 1
0.248104 1
0.421177 1
0.305261 1
0.848604 1
1.2388 1
0.249849 1
2.15254 1
0.266792 1
1.55825 1
0.36803 1
0.492295 1
9.32555 1
0.328738 1
0.132008 1
2.44998 1
0.269407 1
0.253392 1
1.6663 1
0.91149 1
2.14298 1
2.71928 1
0.958924 1
3.20041 1
1.23305 1
2.85851 1
0.213547 1
0.489314 1
0.0321844 1
0.243883 1
0.464126 1
12.816 1
1.24755 1
0.351094 1
0.539093 1
1.16876 1
0.129978 1
0.544498 1
1.96296 1
2.47016 1
0.0306313 1
3.15756 1
7.19882 1
0.738221 1
3.42403 1
1.87585 1
0.588352 1
1.13984 1
2.76928 1
1.41368 1
2.75906 1
0.339498 1
0.223669 1
1.08396 1
3.26724 1
0.700178 1
2.10103 1
0.852334 1
4.28148 1
6.72012 1
1.48063 1
0.663671 1
1.43487 1
3.06328 1
2.48746 1
1.56923 1
0.421818 1
2.71706 1
1.55166 1
0.374553 1
1.07139 1
0.617621 1
1.78066 1
0.185698 1
0.650682 1
1.2997 1
0.218975 1
0.281362 1
0.166292 1
0.274157 1
1.29689 1
1.05805 1
1.70007 1
0.244366 1
0.379439 1
0.863543 1
1.6448 1
2.16108 1
0.463579 1
0.712217 1
0.827003 1
0.220907 1
1.771 1
0.295964 1
1.06405 1
0.283957 1
0.162578 1
2.28252 1
0.459249 1
0.119444 1
0.867188 1
0.626384 1
1.08681 1
0.412951 1
0.191915 1
0.166094 1
0.554532 1
0.631239 1
0.723962 1
3.85144 1
0.447707 1
2.5775 1
0.992988 1
2.1145 1
0.660144 0
0.695067 0
0.833552 0
0.45101 0
0.596114 0
0.0658862 0
0.435993 0
0.519903 0
0.817637 0
1.93438 0
0.0603053 0
0.34626 0
1.08449 0
0.178365 0
0.867847 0
0.311361 0
0.230069 0
0.155554 0
0.368877 0
2.49218 0
0.475168 0
0.201199 0
0.217018 0
3.06565 0
0.229203 0
0.253067 0
1.56861 0
1.59397 0
0.413272 0
0.363284 0
0.180286 0
0.0690515 0
1.21693 0
0.704398 0
0.232582 0
0.28901 0
0.946027 0
0.297665 0
0.395424 0
41.4982 0
0.348596 0
2.60095 0
1.22881 0
0.406235 0
0.73223 0
0.92059 0
0.265877 0
0.191378 0
0.621131 0
2.50854 0
0.941489 0
0.295976 0
0.721374 0
0.182558 0
1.65091 0
2.3486 0
0.278158 0
1.1215 0
0.457435 0
0.297911 0
6.65981 0
0.426869 0
0.7918 0
0.044721 0
0.179645 0
3.25837 0
0.744765 0
0.174052 0
0.474425 0
0.345068 0
0.339683 0
0.0821337 0
0.184933 0
0.203495 0
0.200559 0
1.52548 0
0.386264 0
0.373455 0
0.846013 0
0.726884 0
0.280261 0
0.333272 0
0.516051 0
1.56027 0
0.291719 0
0.425721 0
0.21901 0
1.475 0
0.351074 0
0.229418 0
0.804318 0
4.73214 0
1.70186 0
0.207841 0
0.622749 0
1.60044 0
0.138739 0
0.268364 0
0.224102 0
1.10259 0
188.251 0
1.17869 0
0.816378 0
0.130979 0
1.49886 0
0.346853 0
1.50853 0
0.620755 0
0.227866 0
0.778031 0
0.955523 0
0.601355 0
0.563648 0
0.0125018 0
0.175907 0
1.72098 0
0.341086 0
1.50958 0
0.299591 0
0.854925 0
0.296085 0
0.297357 0
0.184839 0
0.279782 0
0.190649 0
1.99562 0
0.323446 0
0.889266 0
1.40061 0
0.0581027 0
0.395866 0
1.92379 0
2.33199 0
0.657648 0
0.114139 0
0.578998 0
0.295101 0
0.185208 0
0.521738 0
1.89838 0
0.277644 0
0.188589 0
0.692851 0
0.0466535 0
0.286076 0
0.239162 0
0.153829 0
0.120496 0
0.252816 0
0.499272 0
0.59351 0
0.8519 0
0.138013 0
0.104696 0
0.289445 0
0.515166 0
0.539774 0
1.06448 0
2.16956 0
0.0365718 0
0.953807 0
0.0604269 0
0.612309 0
0.231781 0
2.69364 0
2.16145 0
1.19017 0
2.25787 0
0.518077 0
0.366048 0
0.829551 0
1.33399 0
0.196395 0
1.37256 0
0.35438 0
0.285211 0
1.05579 0
1.0173 0
0.22015 0
2.74621 0
0.11754 0
0.251632 0
0.971258 0
1.5766 0
1.89419 0
1.55998 0
0.144045 0
0.393065 0
0.3498 0
0.795149 0
0.843871 0
0.807536 0
1.01681 0
0.332599 0
0.0338583 0
0.215356 0
0.932406 0
0.250774 0
0.823983 0
0.835909 0
0.428338 0
0.225205 0
0.438084 0
0.0188252 0
0.306555 0
0.34706 0
0.105464 0
1.40132 0
0.206488 0
0.138233 0
0.1727 0
0.244185 0
0.493731 0
0.190368 0
0.113972 0
0.645049 0
2.75441 0
0.218417 0
0.113951 0
0.0992957 0
0.190198 0
1.87161 0
0.412919 0
0.248274 0
1.20561 0
0.34372 0
0.938149 0
0.0872291 0
0.586427 0
3.05104 0
0.203835 0
1.44357 0
2.33627 0
0.715674 0
0.222865 0
0.874627 0
0.104799 0
0.377573 0
1.85688 0
3.31204 0
0.733267 0
0.483565 0
0.206313 0
0.087807 0
1.07824 0
0.160025 0
0.372788 0
0.287319 0
0.175693 0
0.38416 0
0.356637 0
0.132199 0
0.674239 0
0.29555 0
0.407891 0
0.134829 0
0.224024 0
0.297575 0
1.96693 0
1.03809 0
0.751559 0
0.470671 0
1.01963 0
0.733478 0
0.0988229 0
1.00534 0
2.05343 0
0.734609 0
0.240678 0
0.227934 0
0.300649 0
1.00741 0
0.787187 0
3.33517 0
1.25017 0
0.520753 0
0.0729832 0
0.471941 0
0.256183 0
0.194821 0
0.73896 0
0.266869 0
0.339868 0
0.60548 0
0.0755729 0
0.914626 0
1.74066 0
0.239071 0
0.364815 0
2.02383 0
0.39589 0
2.55405 0
0.221643 0
0.135526 0
0.758781 0
0.230148 0
1.24669 0
0.236551 0
0.38792 0
0.854681 0
2.20346 0
1.16753 0
2.29534 0
0.117863 0
2.66059 0
0.394608 0
1.58877 0
0.0478865 0
1.0119 0
0.108134 0
0.525545 0
0.52465 0
1.33465 0
1.2006 0
1.34459 0
0.651887 0
0.339415 0
0.40007 0
0.497299 0
0.509922 0
1.5742 0
0.220474 0
0.230816 0
0.1481 0
0.552656 0
0.853919 0
0.370547 0
0.17161 0
2.48345 0
0.687877 0
0 0
0.0811515 0
0.596772 0
2.70392 0
0.188458 0
0.156522 0
0.791742 0
0.168595 0
0.137743 0
0.851284 0
1.64182 0
0.221224 0
3.33561 0
0.406109 0
0.222269 0
0.0622802 0
12.4992 0
0.39507 0
1.87025 0
0.991578 0
0.187252 0
0.66173 0
0.01554 0
3.59101 0
0.172069 0
0.264065 0
0.246639 0
0.237834 0
1.05022 0
0.11867 0
0.411135 0
0.326684 0
0.576377 0
0.793724 0
0.165069 0
0.940366 0
0.798632 0
0.0675786 0
1.52895 0
0.134294 0
0.133602 0
5.77874 0
0.918919 0
0.198663 0
0.198647 0
2.31442 0
0.325477 0
0.360977 0
0.278794 0
0.472253 0
0.551493 0
0.107312 0
1.22751 0
0.116486 0
1.42063 0
1.26752 0
0.794576 0
0.188303 0
0.183165 0
0.537329 0
0.224022 0
0.127762 0
0.139142 0
0.144513 0
0.0107011 0
0.413455 0
0.816215 0
0.738699 0
0.51347 0
2.30841 0
0.136521 0
0.118243 0
1.485 0
0.309251 0
4.22173 0
0.338978 0
1.56335 0
1.29664 0
10.1663 0
0.0782446 0
1.51426 0
0.400873 0
0.989319 0
0.298579 0
0.304147 0
0.533964 0
2.81281 0
1.61105 0
0.275454 0
0.59498 0
0.0927435 0
0.425969 0
0.372483 0
0.388725 0
0.373432 0
0.773531 0
0.129696 0
1.00631 0
0.234452 0
0.215268 0
0.227034 0
0.864234 0
0.820712 0
1.01624 0
0.314092 0
2.04381 0
0.54714 0
0.0627195 0
1.54049 0
0.22059 0
0.0943646 0
0.442401 0
0.142329 0
0.239752 0
0.158157 0
0.360032 0
1.23871 0
0.0249644 0
0.542627 0
0.427304 0
0.863105 0
0.679441 0
0.554865 0
3.83038 0
0.316822 0
0.449267 0
0.399944 0
0.170219 0
0.18691 0
1.04088 0
1.01102 0
0.87499 0
0.305296 0
0.190161 0
0.204198 0
1.08391 0
0.510892 0
0.137534 0
1.17329 0
0.126617 0
0.0521337 0
0.0771035 0
1.24933 0
0.314929 0
0.60867 0
0.28982 0
0.676887 0
1.03015 0
0.510087 0
0.172041 0
0.402914 0
1.31931 0
0.111374 0
2.09539 0
0.185955 0
2.97245 0
0.285123 0
0.95633 0
0.142793 0
0.159576 0
0.825753 0
2.08653 0
3.65789 0
0.183592 0
0.544855 0
2.61036 0
4.48786 0
2.95262 0
0.420027 0
0.142901 0
0.426622 0
1.31618 0
0.281176 0
0.498707 0
0.215572 0
1.53241 0
0.69794 0
0.274755 0
0.246245 0
1.32651 0
2.49909 0
2.11759 0
0.162423 0
0.270837 0
1.10314 0
0.837984 0
6.72617 0
1.52973 0
0.308628 0
0.876762 0
0.74899 0
0.154034 0
0.294889 0
0.125041 0
1.45527 0
2.34944 0
0.34378 0
0.432493 0
0.811187 0
0.136984 0
0.117939 0
0.0815593 0
1.48735 0
3.83378 0
0.266856 0
0.388408 0
5.19331 0
0.145598 0
0.817114 0
0.470304 0
0.244533 0
0.105901 0
0.317352 0
0.165206 0
0.581188 0
1.1448 0
2.84759 0
1.34389 0
1.93877 0
0.388855 0
0.183393 0
0.818025 0
0.648786 0
0.0724429 0
0.177762 0
0.724715 0
0.631965 0
1.10566 0
0.534811 0
0.117107 0
0.319048 0
0.434073 0
3.9119 0
0.241299 0
0.191638 0
0.208992 0
0.408087 0
1.23141 0
0.17984 0
0.13064 0
0.439248 0
0.896622 0
0.809028 0
0.762361 0
0.783318 0
0.019219 0
1.35052 0
0.634215 0
0.193053 0
0.22515 0
1.16069 0
4.88048 0
1.95865 0
0.652344 0
2.42619 0
1.56677 0
0.136035 0
0.423065 0
0.285317 0
0.525937 0
0.263774 0
1.03108 0
0.612018 0
0.868705 0
0.129573 0
1.27882 0
0.953316 0
0.891176 0
0.342121 0
3.14325 0
0.367661 0
0.19006 0
1.11974 0
0.422566 0
2.28715 0
0.188886 0
0.275031 0
1.46009 0
0.234649 0
0.568429 0
0.73224 0
0.0564454 0
0.144193 0
0.61175 0
0.29604 0
0.281413 0
0.124442 0
0.376052 0
0.388887 0
1.09236 0
0.222763 0
0.398682 0
0.203538 0
3.37074 0
1.17629 0
2.34815 0
0.793808 0
1.5806 0
0.47943 0
3.03321 0
0.520852 0
0.540728 0
0.765445 0
1.51661 0
0.417049 0
0.184627 0
7.4205 0
0.262737 0
2.13303 0
0.452125 0
1.06963 0
0.594108 0
0.375678 0
0.904692 0
0.830495 0
0.163765 0
0.157632 0
0.134023 0
0.486411 0
0.0894028 0
0.367325 0
1.30342 0
1.22734 0
0.0864721 0
3.82336 0
0.742034 0
1.14149 0
0.127392 0
0.115371 0
0.319757 0
0.367061 0
1.73281 0
0.268567 0
0.760122 0
0.285576 0
0.515672 0
7.59129 0
0.488375 0
1.07676 0
0.772671 0
0.382569 0
0.188918 0
1.31535 0
0.972615 0
3.8882 0
0.84797 0
0.0658506 0
0.2956 0
0.620248 0
0.27284 0
0.905286 0
0.146676 0
0.119129 0
2.83463 0
0.133481 0
0.937433 0
0.167473 0
1.11776 0
1.18751 0
0.192366 0
0.41024 0
0.591071 0
5.87544 0
1.07351 0
0.457082 0
0.190969 0
0.428798 0
0.395971 0
2.94478 0
2.33202 0
0.167022 0
0.792773 0
0.943035 0
0.17331 0
0.837046 0
0.988551 0
0.618702 0
0.0504307 0
0.858134 0
2.02518 0
0.784535 0
0.455271 0
1.41968 0
0.187431 0
2.17679 0
3.47705 0
0.43154 0
2.20772 0
0.699338 0
0.0743131 0
0.124795 0
0.488274 0
0.585519 0
0.837302 0
0.727111 0
0.508159 0
0.72055 0
1.42 0
0.515578 0
0.131235 0
0.657968 0
0.277764 0
0.37811 0
0.233798 0
0.122994 0
0.0261774 0
0.843208 0
0.327254 0
0.454437 0
0.489706 0
0.217986 0
1.84685 0
3.30419 0
2.46479 0
0.45289 0
0.215249 0
0.0402199 0
0.881864 0
0.283301 0
0.232252 0
1.46724 0
0.141867 0
0.503139 0
0.876392 0
0.0977508 0
0.558761 0
0.0413055 0
0.174398 0
1.10511 0
0.0810189 0
0.555007 0
2.92119 0
0.13376 0
0.971451 0
0.26858 0
1.56688 0
1.45499 0
1.45541 0
0.712506 0
0.0964723 0
0.573687 0
2.2517 0
1.19845 0
0.212717 0
0.132073 0
0.176884 0
0.582923 0
0.12366 0
0.669772 0
0.655015 0
1.389 0
0.316015 0
0.263977 0
1.74338 0
2.60403 0
0.158137 0
0.183039 0
0.261177 0
0.580204 0
0.247151 0
2.92317 0
1.89197 0
0.33364 0
2.25391 0
0.208664 0
0.676199 0
0.929055 0
2.12794 0
0.680514 0
0.243258 0
0.467485 0
0.109813 0
0.0840376 0
1.91443 0
0.0566244 0
1.72202 0
0.163273 0
0.409407 0
0.0222793 0
0.533336 0
0.42304 0
2.04965 0
2.76336 0
1.01504 0
0.283072 0
4.73295 0
2.18171 0
0.370809 0
1.45839 0
0.853997 0
0.564313 0
1.16563 0
1.93326 0
8.37858 0
0.05476 0
0.812346 0
0.287164 0
0.11804 0
0.560273 0
0.23871 0
0.474072 0
0.141719 0
0.50177 0
0.189179 0
0.261676 0
0.0771562 0
1.37858 0
1.18357 0
0.0937231 0
1.61084 0
0.106151 0
0.319263 0
0.87665 0
0.697145 0
0.120893 0
189.956 0
0.829381 0
0.215608 0
0.123307 0
3.27852 0
0.467324 0
0.115851 0
0.091182 0
8.52961 0
0.565404 0
0.67928 0
0.142398 0
0.384428 0
0.416709 0
0.889573 0
0.126436 0
0.130199 0
0.259181 0
0.855239 0
0.837066 0
0.426151 0
0.270916 0
0.156339 0
0.166673 0
0.559878 0
0.89994 0
0.148475 0
0.249954 0
0.136093 0
1.07104 0
0.092947 0
1.18678 0
0.634113 0
0.946482 0
0.134939 0
0.0622047 0
2.14689 0
1.98917 0
1.75477 0
0.253871 0
1.41765 0
0.297194 0
0.0355575 0
0.485532 0
1.40214 0
0.476984 0
0.420132 0
0.106568 0
0.0802862 0
1.98699 0
0.252746 0
0.39954 0
1.64339 0
0.149197 0
0.516538 0
1.47287 0
0.249882 0
0.963434 0
0.0736553 0
2.10702 0
0.10589 0
0.291795 0
0.572286 0
0.110619 0
2.84574 0
0.295445 0
3.04345 0
0.207426 0
0.454549 0
0.646424 0
0.494765 0
0.127876 0
0.239742 0
0.852358 0
0.112817 0
0.0436615 0
1.96132 0
0.436505 0
1.14594 0
0.295953 0
0.36753 0
1.76219 0
0.227974 0
0.356258 0
0.0998684 0
0.012631 0
1.69844 0
3.43093 0
0.35096 0
0.443065 0
0.226649 0
0.107328 0
0.368651 0
0.140625 0
0.164152 0
0.635117 0
0.877159 0
0.47512 0
0.469426 0
0.946478 0
0.0427384 0
1.00744 0
0.37709 0
1.6178 0
0.746296 0
0.0842707 0
0.215202 0
0.361744 0
0.35928 0
1.42785 0
0.322922 0
1.46665 0
0.319672 0
0.4309 0
0.8107 0
0.185912 0
0.344758 0
0.0849279 0
0.811505 0
0.874989 0
0.730208 0
1.69361 0
0.144324 0
0.288511 0
0.0516094 0
0.770321 0
0.192655 0
0.499831 0
3.117 0
0.385715 0
0.028124 0
1.17292 0
0.206208 0
0.372112 0
0.104965 0
0.512964 0
0.688215 0
1.04505 0
0.471761 0
0.305845 0
0.573047 0
0.78838 0
0.459403 0
6.43457 0
0.69157 0
0.0743576 0
0.0972896 0
0.0725823 0
0.95875 0
0.223178 0
0.105548 0
0.219446 0
0.184587 0
1.27049 0
0.224073 0
1.15445 0
0.247252 0
0.220785 0
0.204406 0
1.67343 0
0.127147 0
1.66133 0
1.92494 0
0.1262 0
0.530957 0
0.189425 0
3.79743 0
1.19137 0
2.14845 0
1.66354 0
1.29464 0
0.615236 0
2.77187 0
0.256893 0
0.18058 0
0.713281 0
0.465221 0
0.204505 0
0.244174 0
1.16173 0
0.148399 0
0.605384 0
0.696132 0
0.435333 0
0.359462 0
0.132164 0
1.95725 0
0.485793 0
0.290693 0
8.89732 0
0.33823 0
0.100757 0
1.20075 0
0.159185 0
2.00723 0
0.559938 0
0.140182 0
3.44349 0
0.135568 0
2.37745 0
0.672725 0
1.16388 0
1.61199 0
0.172051 0
0.22834 0
0.774806 0
0.341964 0
0.108353 0
0.273019 0
0.317638 0
1.47044 0
2.28321 0
1.70797 0
0.803344 0
0.0824046 0
1.08251 0
1.90841 0
0.318624 0
1.5103 0
0.518596 0
0.16338 0
0.514503 0
0.202006 0
0.201688 0
1.30719 0
1.22284 0
0.434477 0
0.322403 0
1.17216 0
0.280743 0
1.51066 0
0.241966 0
0.12297 0
0.253821 0
0.646216 0
0.202959 0
0.222682 0
0.538777 0
0.387832 0
0.464296 0
0.333896 0
2.28817 0
0.125687 0
0.228739 0
0.50633 0
0.162811 0
1.13097 0
1.0991 0
0.517874 0
0.615431 0
3.78503 0
1.77804 0
0.44338 0
0.170222 0
3.00137 0
0.10323 0
1.68808 0
3.54639 0
1.64958 0
0.658961 0
0.0963187 0
0.351118 0
1.02372 0
0.1237 0
1.68216 0
1.29333 0
0.860403 0
0.598953 0
0.852075 0
0.749451 0
1.06484 0
0.60055 0
1.12016 0
6.42273 0
0.518242 0
0.24148 0
0.308576 0
2.00466 0
0.528805 0
0.185503 0
0.201192 0
2.34194 0
1.07189 0
0.727098 0
2.72251 0
2.02359 0
0.40682 0
2.05704 0
0.630723 0
5.01818 0
1.23653 0
0.603493 0
1.45198 0
0.746805 0
1.89279 0
0.136779 0
1.17807 0
