1.37651 1
0.162553 1
1.33792 1
0.10846 1
3.06904 1
1.86035 1
0.740458 1
0.165519 1
1.82259 1
0.126473 1
2.1866 1
0.0995603 1
0.0492354 1
1.02692 1
0.0936918 1
0.881204 1
0.124009 1
0.122 1
1.56243 1
0.757163 1
0.638159 1
0.341826 1
3.88182 1
0.704375 1
0.0679917 1
3.06462 1
0.819187 1
0.0501912 1
0.113658 1
0.0700186 1
0.0205162 1
0.0711344 1
0.0771179 1
0.765561 1
0.153991 1
0.132717 1
0.0263458 1
2.30066 1
7.79208 1
3.33031 1
0.843651 1
1.59384 1
3.17787 1
1.22978 1
0.152009 1
2.45169 1
0.140543 1
0.431099 1
0.979165 1
1.02327 1
3.3327 1
5.67205 1
0.140539 1
0.109814 1
2.45561 1
2.01747 1
0.146091 1
0.0772264 1
0.160374 1
0.122635 1
0.905916 1
0.361041 1
0.103091 1
1.17037 1
4.6974 1
0.466981 1
0.839582 1
2.44284 1
1.73301 1
4.1258 1
0.0707194 1
4.98526 1
0.158956 1
2.35025 1
1.88386 1
0.352196 1
1.11636 1
0.424672 1
1.44791 1
4.05282 1
0.560015 1
0.153272 1
0.672706 1
0.0666596 1
5.1596 1
1.92992 1
0.109131 1
0.0880686 1
0.0339372 1
0.0994499 1
0.0956747 1
0.0736998 1
1.80481 1
0.512055 1
0.103172 1
2.89206 1
0.516232 1
0.191322 1
1.22019 1
1.18034 1
0.465862 1
0.224335 1
4.67864 1
0.611553 1
0.0623151 1
2.00138 1
1.133 1
0.129798 1
1.07003 1
0.0532777 1
0.0415966 1
0.0868975 1
0.166665 1
0.113426 1
0 1
0.569121 1
0.366713 1
0.0679995 1
0.135594 1
1.37969 1
0.166511 1
0.641507 1
2.65288 1
2.36064 1
0.154148 1
0.105795 1
5.11991 1
0.101114 1
0.167418 1
1.5562 1
1.62855 1
0.160013 1
0.0756183 1
0.692405 1
0.0503141 1
0.111402 1
0.177428 1
4.30303 1
0.815838 1
1.18967 1
0.433274 1
3.01524 1
2.39609 1
1.32972 1
0.740035 1
0.0690363 1
0.117559 1
0.749964 1
0.665994 1
0.60676 1
2.6006 1
3.42937 1
2.45312 1
0.0499239 1
0.0857377 1
1.031 1
1.1829 1
2.17462 1
0.443722 1
0.0475727 1
0.106117 1
0.202505 1
1.08228 1
0.142472 1
0.908869 1
0.730056 1
0.0782339 1
7.97832 1
0 1
2.70544 1
0.0869572 1
0.0755853 1
0.134617 1
0.0292989 1
1.08242 1
1.04519 1
1.956 1
0.0239574 1
2.17495 1
0.0601716 1
0.407245 1
0.23316 1
0.0806942 1
1.38622 1
0.0516374 1
1.22235 1
0.157846 1
0.112296 1
1.11869 1
0.111212 1
0.120657 1
0.144918 1
1.04969 1
0.0378492 1
0.0509349 1
0.18247 1
0.118675 1
0.109372 1
1.85508 1
1.04196 1
0.0274861 1
0.266777 1
0.309627 1
0.0942974 1
0.163882 1
0.181056 1
0.0710823 1
0.495633 1
0.108199 1
0.109965 1
0.177157 1
0.0489878 1
0.562322 1
0.303394 1
0.0581533 1
2.18586 1
1.67708 1
0.479512 1
0.778123 1
0.208616 1
0.258152 1
2.93204 1
0.175957 1
0.370602 1
0.115811 1
2.62578 1
0.403273 1
0.235272 1
0.0469451 1
0.0966071 1
0.719037 1
1.15666 1
0.105488 1
3.39217 1
9.32991 1
0.234812 1
3.91164 1
0.017775 1
0.570041 1
1.26182 1
0.121578 1
2.10359 1
0.982993 1
0.0271757 1
213.058 1
2.31561 1
0.140967 1
0.0773207 1
2.77188 1
0.47576 1
0.349059 1
0.108763 1
4.17642 1
1.65356 1
2.34798 1
2.24672 1
1.62843 1
4.20445 1
1.61999 1
0.0408547 1
2.99651 1
0.460493 1
0 1
0.0574937 1
0.220917 1
0.0673173 1
1.79553 1
3.27954 1
4.84762 1
1.59462 1
2.28529 1
6.58405 1
0 1
1.12519 1
0.946465 1
0.649749 1
1.54179 1
2.47916 1
0.0590721 1
0.91806 1
0.109579 1
0.6805 1
3.06352 1
1.40118 1
0.0773264 1
0.115483 1
2.0649 1
0.46431 1
0.0403513 1
0.831821 1
0.0531702 1
9.57289 1
0.691834 1
0.202908 1
0.025882 1
181.457 1
1.10966 1
2.67548 1
3.18338 1
0.105132 1
1.65973 1
0.10095 1
1.59966 1
0.557764 1
0.0826682 1
1.72877 1
0.508652 1
0.0962229 1
0.0576554 1
0.503376 1
2.43979 1
0.295231 1
3.04008 1
0.442823 1
0.951091 1
0.0684747 1
2.17393 1
0.798528 1
0.695679 1
0.774661 1
1.50174 1
1.16972 1
0.0992593 1
1.14948 1
0.47767 1
0.469612 1
1.20032 1
0.0483778 1
0.13233 1
0.533306 1
0.608856 1
0.531033 1
3.3558 1
1.44061 1
0.119258 1
0.721628 1
0.889347 1
0.0967604 1
2.66172 1
1.94773 1
1.5124 1
202.026 1
0.159883 1
0.309754 1
2.69839 1
1.84086 1
2.07769 1
0.0600659 1
0.193068 1
0.121236 1
0.0569887 1
0.166051 1
0.108732 1
1.7317 1
0.093618 1
0.213705 1
0.0754131 1
2.6904 1
6.40342 1
2.59532 1
0.232039 1
1.64944 1
0.0702017 1
1.14127 1
0.126597 1
0.582263 1
0.053452 1
0.524042 1
0.0840574 1
0.112008 1
0.294212 1
0.165226 1
2.04436 1
0.062922 1
0.114974 1
1.64504 1
0.172129 1
0.115645 1
0.0491638 1
3.87578 1
0.120591 1
0.0581752 1
0.558274 1
0.759128 1
0.130315 1
0.0686437 1
0.850333 1
0.123683 1
0.164114 1
0.100753 1
0.435289 1
0.309738 1
0.113219 1
0.927818 1
0.463253 1
1.35937 1
0.6457 1
0.223355 1
0.476519 1
0.322264 1
3.75019 1
1.04688 1
0.893054 1
0.161861 1
0.0661908 1
0.0379045 1
0.822336 1
0.175386 1
0.374052 1
0.492166 1
0.854398 1
1.7032 1
1.34036 1
0.0926661 1
0.0708554 1
0.0944358 1
1.50622 1
0.0637358 1
0.0965076 1
0.112206 1
0.106972 1
0.237163 1
2.05832 1
0.102778 1
0.142681 1
0.126481 1
1.68834 1
0.833982 1
3.25486 1
2.70757 1
1.26238 1
0.902723 1
1.80699 1
0.153399 1
0.0633519 1
0.0447024 1
2.68755 1
0.0511873 1
0.274693 1
1.73302 1
1.03683 1
0.0963185 1
0.0860483 1
0.601629 1
0.138051 1
0.671306 1
0.69938 1
0.217865 1
0.668798 1
0.818981 1
0.16722 1
0.0379376 1
0.627085 1
0.131061 1
0.0625754 1
0.132825 1
1.91616 1
0.0296512 1
0.0102347 1
0.664932 1
0.233126 1
0.112418 1
0.232135 1
0.0687719 1
0.073741 1
1.84479 1
0.0297076 1
262.335 1
2.0574 1
0.146486 1
0.048684 1
0.0966023 1
0.181544 1
2.32427 1
0.0593896 1
0.0538403 1
0.0284313 1
0.492674 1
1.31443 1
0.0946871 1
0.0607629 1
0.422734 1
0.747814 1
0.429053 1
0.279925 1
0.0218675 1
1.49246 1
2.59042 1
0.121569 1
0.395781 1
0.611368 1
0.826343 1
0.235363 1
1.332 1
1.62431 1
2.86222 1
2.33585 1
0.901901 1
0.902382 1
1.85443 1
0.0907186 1
0.106927 1
1.40196 1
0 1
0.805794 1
1.1776 1
0.517153 1
0.765724 1
0.133661 1
0.0888869 1
0.348123 1
0.679853 1
0 1
0.158881 1
0.0810866 1
0.0965437 1
0.0286842 1
0.786207 1
3.35341 1
0.0629815 1
0.0509381 1
0.740052 1
0.0873943 1
0.675686 1
0.0861445 1
4.06137 1
0.207658 1
0.552403 1
0.092727 1
1.04516 1
0.267839 1
0.670794 1
0.11502 1
0.574612 1
0.1461 1
2.04977 1
1.66146 1
0.90545 1
0.109357 1
0.116316 1
1.79486 1
0.656369 1
0.126121 1
4.89023 1
1.0534 1
0.120001 1
0.106233 1
0.223658 1
0.27671 1
0.509445 1
0.0550168 1
0.0989954 1
6.06279 1
0.152504 1
0.615784 1
0.808624 1
0.146444 1
0.10619 1
0.0956848 1
0.155935 1
0.059492 1
0.0567757 1
0.0745664 1
0.160888 1
0.106372 1
3.31108 1
0.0336184 1
1.13808 1
3.52686 1
0.0915495 1
1.18149 1
0.0212423 1
0.310707 1
0.972051 1
0.0300199 1
0.409831 1
3.50696 1
1.05895 1
2.14669 1
0.185706 1
0.106455 1
0.114259 1
186.69 1
0.0611795 1
1.06482 1
0.516869 1
0.0576859 1
2.24412 1
0.79837 1
1.1893 1
2.5001 1
1.80743 1
0.875392 1
1.64649 1
1.14851 1
0.653372 1
0.204185 1
0.92113 1
0.0439045 1
0.647458 1
0.0763789 1
1.76333 1
0.0818271 1
0.082963 1
0.125071 1
0.107906 1
1.92573 1
0.812952 1
0.152333 1
1.24071 1
1.91444 1
0.125147 1
0.0420236 1
0.878257 1
0.941581 1
1.02183 1
7.74642 1
3.87769 1
0.440009 1
3.78028 1
0.0232792 1
0.641597 1
1.293 1
0.073615 1
1.72762 1
0.181275 1
2.06769 1
0.539729 1
6.68757 1
2.94492 1
1.95214 1
0.0521954 1
2.18233 1
1.46973 1
1.04596 1
1.32277 1
1.22709 1
0.0248378 1
0.0474665 1
0.145122 1
0.153555 1
0.134118 1
0.863163 1
2.32097 1
2.16466 1
1.12947 1
0.130403 1
2.85813 1
0.93365 1
2.34201 1
1.40785 1
0.0730924 1
1.39862 1
2.44578 1
0.558519 1
1.04562 1
1.15593 1
2.26513 1
0.154252 1
0.0543748 1
0.0461585 1
0.145023 1
1.32578 1
0.105065 1
2.9568 1
0.167182 1
0.168129 1
0.0132939 1
0.0927428 1
0.299824 1
0.180702 1
1.34869 1
0.496954 1
0.0929754 1
0.0523837 1
1.86312 1
0.444862 1
0.215364 1
2.3187 1
2.13589 1
0.12189 1
0.158052 1
0.497654 1
2.51534 1
0.123252 1
5.21319 1
0.747316 0
6.04702 0
0.854048 0
0.86293 0
0 0
2.25674 0
0.921985 0
0.943594 0
1.35812 0
0.0902822 0
0.819486 0
4.09559 0
0.328688 0
0.846985 0
0.98821 0
0.278539 0
0.437441 0
0.489156 0
0.370545 0
0.730973 0
1.65626 0
1.18314 0
0.339385 0
0.708516 0
0.864484 0
0.182753 0
0.617506 0
5.36592 0
2.04493 0
0.717573 0
0.595495 0
1.69815 0
2.6069 0
0.024888 0
0.69896 0
0.546496 0
1.4607 0
0.0188953 0
0.714685 0
0.366959 0
0.00332835 0
1.29132 0
1.21605 0
1.94649 0
0.939327 0
1.82103 0
0.290338 0
0.509572 0
2.58954 0
0.711339 0
0.723369 0
1.50925 0
0.317728 0
0.955328 0
0.255618 0
0.35912 0
0.932836 0
2.22938 0
1.04981 0
1.52906 0
0.264348 0
0.704715 0
1.55836 0
2.14655 0
1.22391 0
7.79936 0
1.00956 0
0.105257 0
0.997209 0
0.708316 0
1.23092 0
0.196377 0
0.804129 0
1.16099 0
0.234712 0
0.0937386 0
1.68725 0
0.117086 0
0.127575 0
0.340441 0
0.513714 0
2.14596 0
0.312388 0
1.24379 0
0.436533 0
3.29682 0
1.50693 0
0.480389 0
0.619043 0
0.369492 0
1.25667 0
6.67977 0
0.23334 0
1.05823 0
1.8058 0
0.297789 0
1.44358 0
1.28263 0
1.71254 0
1.28877 0
1.05513 0
0.117395 0
0.423072 0
1.96341 0
0.801331 0
0.547737 0
1.19352 0
2.39674 0
0.411462 0
0.334348 0
2.306 0
3.48626 0
0.0291296 0
0.0992406 0
0.0903226 0
0.610422 0
1.07496 0
0.0477563 0
0.772697 0
0.436567 0
0.428672 0
1.31605 0
0.141581 0
0.829569 0
0.0178309 0
0.620514 0
1.27582 0
1.03575 0
0.0473246 0
0.491188 0
1.67587 0
4.42548 0
0.0617429 0
0.618411 0
0.161436 0
0.517164 0
2.59145 0
0.51273 0
2.33997 0
0.347501 0
0.530749 0
0.594362 0
0.831841 0
1.06894 0
2.95617 0
0.309608 0
1.02303 0
3.555 0
1.6621 0
0.318553 0
0.0793344 0
0.25362 0
0.0241386 0
0.866725 0
0.979111 0
1.13913 0
0.422948 0
3.9785 0
1.28514 0
0.0423668 0
1.66514 0
2.34715 0
3.3215 0
4.69245 0
0.0232408 0
0.144495 0
0.0285779 0
1.26757 0
5.19432 0
1.99784 0
1.30306 0
0.452683 0
1.02565 0
4.63902 0
1.85877 0
1.24245 0
0.737784 0
1.06344 0
1.31199 0
0.663622 0
2.24035 0
0.0777162 0
3.02482 0
2.02381 0
0.0911029 0
1.2529 0
3.40362 0
0.104064 0
2.2591 0
3.72888 0
1.24579 0
0.415691 0
2.19025 0
0.0239215 0
1.67841 0
0.897722 0
1.20086 0
0.281483 0
1.44421 0
0.0753212 0
1.58739 0
0.0202331 0
0.696991 0
3.28352 0
1.08043 0
0.122221 0
0.105857 0
6.85814 0
0.75257 0
0.0333131 0
1.11964 0
0.455672 0
0.117172 0
0.485486 0
2.50473 0
1.09685 0
0.639466 0
0.370902 0
0.251032 0
1.66218 0
1.72907 0
1.61782 0
0.990558 0
2.95093 0
0.167364 0
1.64761 0
0.523138 0
3.09033 0
1.63304 0
2.87424 0
0.0892221 0
1.21841 0
1.98789 0
0.101506 0
3.21774 0
5.27782 0
0.0525112 0
3.7338 0
0.118413 0
2.85874 0
0.0383317 0
0.320962 0
1.19556 0
1.47625 0
0.861733 0
0.552185 0
1.27302 0
1.93984 0
0.108993 0
2.71879 0
1.14064 0
0.882203 0
0.0565593 0
0.453768 0
0.0616448 0
0.0452381 0
0.0676828 0
1.7913 0
3.85875 0
0.298396 0
0.359411 0
1.27056 0
0.0771325 0
0.0366252 0
0.434861 0
0.821994 0
0.578419 0
0.0389804 0
1.44909 0
1.78693 0
0.0827994 0
0.0869305 0
0.0839076 0
1.71432 0
0.0680253 0
0.113408 0
2.48281 0
1.3329 0
2.05233 0
0.032724 0
0.0142635 0
0.466886 0
0.0862811 0
1.16933 0
0.734487 0
1.25906 0
0.582907 0
2.32601 0
0.0650387 0
3.06248 0
0.710838 0
1.61082 0
2.43485 0
1.95831 0
1.48864 0
1.45807 0
0.0810885 0
1.12863 0
0.321973 0
2.20797 0
0.57343 0
1.60353 0
0.624204 0
1.40739 0
0.0765797 0
0.744449 0
1.91354 0
0.236251 0
0.832248 0
3.09113 0
0.107631 0
2.36895 0
0.788268 0
1.8894 0
1.63251 0
2.19402 0
2.4125 0
0.649242 0
2.38226 0
2.47578 0
5.18508 0
1.44007 0
0.336883 0
0.343012 0
1.1839 0
0.635458 0
1.21536 0
0.490882 0
0.094219 0
0.559496 0
1.16598 0
0.458604 0
1.41095 0
2.822 0
0.420722 0
0.451841 0
1.40876 0
0.451077 0
0.472451 0
0.0718764 0
0.736907 0
1.22799 0
0.589571 0
0.0904715 0
0.376283 0
0.0756937 0
0.714849 0
0.743995 0
3.60502 0
2.13971 0
12.8654 0
2.92547 0
3.38975 0
1.29153 0
5.92079 0
0.555516 0
1.11348 0
0.24162 0
0.814317 0
1.44677 0
0.119226 0
7.88086 0
0.0778559 0
0.373727 0
0.105966 0
0.0571039 0
0.541767 0
0.412152 0
0.0308642 0
0.520592 0
0.696325 0
0.305286 0
2.20736 0
1.93132 0
0.775179 0
1.19588 0
0.845252 0
2.81685 0
0.921268 0
0.0757422 0
0.0731875 0
0.156069 0
0.774766 0
1.13522 0
1.80153 0
0.108438 0
2.6551 0
2.72316 0
1.17414 0
1.67324 0
0.245156 0
5.32853 0
0.0772867 0
3.45285 0
0.361546 0
2.56667 0
0.341774 0
0.0493891 0
0.272199 0
0.136724 0
2.8011 0
1.22209 0
1.54739 0
0.0808817 0
0.0972795 0
2.46491 0
0.301723 0
0.310077 0
0.793714 0
0.714135 0
0.0520984 0
2.93847 0
1.09475 0
1.61079 0
0.474349 0
1.44126 0
1.89625 0
0.305742 0
0.437226 0
1.08533 0
1.69646 0
1.11017 0
0.687031 0
6.10267 0
0.364461 0
4.40172 0
0.666335 0
0.339526 0
0.877113 0
0 0
1.47983 0
0.296468 0
2.42218 0
1.7493 0
1.39467 0
0.104045 0
1.48856 0
1.57518 0
0.253359 0
0.183779 0
0.700515 0
0.0359783 0
0.221817 0
0.340312 0
0.0859101 0
1.17321 0
3.2564 0
2.06367 0
0.337308 0
0.420467 0
0.121905 0
0.693198 0
1.24285 0
2.20046 0
0.114813 0
0.040855 0
1.04902 0
0.887072 0
0.150226 0
2.42976 0
0.735987 0
1.92191 0
0.0241608 0
0.0941633 0
0.515691 0
1.19227 0
0.915576 0
1.22694 0
0.128072 0
0.0620877 0
0.0413891 0
3.50803 0
0.688887 0
1.78614 0
0.513425 0
0.364173 0
1.1588 0
0.016795 0
0.668353 0
1.09324 0
0.709499 0
0.893596 0
0.264492 0
0.0580342 0
2.88519 0
1.54924 0
0.166606 0
0.137937 0
1.46862 0
0.55497 0
0.273738 0
0.0253031 0
1.25208 0
0.862707 0
1.09374 0
0.0511588 0
1.43968 0
0.145039 0
3.25709 0
0.337644 0
1.42404 0
1.32196 0
1.46342 0
0.0980392 0
2.19218 0
0.930239 0
0.573274 0
0.777784 0
1.59209 0
1.22679 0
0.0901771 0
0.0932527 0
1.43451 0
0.0974752 0
2.05272 0
1.5214 0
0.505853 0
1.71966 0
0.69146 0
1.56242 0
0.221754 0
0.946364 0
0.986479 0
0.0733699 0
0.493434 0
0.806068 0
0.622702 0
1.40253 0
2.42278 0
1.06289 0
0.36211 0
0.909541 0
0.074132 0
1.04404 0
0.0465514 0
4.57591 0
1.6609 0
2.43037 0
8.18271 0
0.025733 0
0.67361 0
0.0745871 0
2.48258 0
0.440948 0
1.08205 0
1.46793 0
1.06662 0
0.0983513 0
0.0416546 0
5.22662 0
1.16053 0
0.0453662 0
1.01937 0
0.338413 0
2.07594 0
1.59656 0
3.90087 0
0.106725 0
2.21662 0
4.53411 0
2.26692 0
2.79307 0
0.381509 0
2.10436 0
1.4294 0
2.03114 0
4.11868 0
1.34492 0
0.194774 0
1.04475 0
4.39715 0
1.11367 0
0.0445728 0
1.15184 0
0.100578 0
2.20056 0
0.854363 0
0.780336 0
2.01235 0
8.09907 0
0.900437 0
0.156761 0
1.96702 0
5.2934 0
0.372417 0
0.0377273 0
3.38281 0
8.54137 0
0.0454475 0
2.4922 0
0.223367 0
0.189877 0
0.886544 0
0.215068 0
8.90544 0
0.541244 0
0.423823 0
1.5447 0
1.90254 0
0.0809788 0
0.331784 0
0.0661817 0
2.17368 0
1.24083 0
0.457551 0
0.113476 0
0.546021 0
0.218752 0
1.54663 0
0.0427934 0
0.451499 0
2.69905 0
0.0818887 0
0.439935 0
0.126852 0
2.53713 0
0.72638 0
0.808307 0
1.66223 0
3.23769 0
0.0512354 0
0.372983 0
0.0662057 0
0.770508 0
0.0301019 0
1.46023 0
0.522209 0
0.706315 0
2.12068 0
0.0647255 0
0.415508 0
1.69191 0
3.02396 0
0.058262 0
0.0478815 0
0.0300404 0
0.408452 0
0.871065 0
0.0146998 0
1.9221 0
0.675695 0
0.843925 0
1.80393 0
0.467792 0
0.683951 0
2.4723 0
0.447523 0
1.96859 0
0.476397 0
0.309047 0
0.431107 0
1.30741 0
5.57769 0
1.92052 0
3.9948 0
3.23101 0
0.112847 0
1.25651 0
1.0996 0
3.06982 0
0.546316 0
3.69858 0
0.105152 0
0.591317 0
0.154041 0
0.0562518 0
1.22463 0
2.24016 0
2.79068 0
0.971088 0
0.684508 0
1.71579 0
1.48221 0
2.08646 0
0.790579 0
1.03026 0
2.17541 0
0.0534727 0
0.228111 0
1.31712 0
2.38104 0
1.31765 0
2.60903 0
0.739805 0
0.67966 0
1.33542 0
0.478012 0
4.45472 0
0.731323 0
1.28434 0
1.2908 0
1.31602 0
0.0914167 0
6.62998 0
0.920683 0
1.11086 0
3.19148 0
2.72105 0
1.27517 0
5.10524 0
2.18823 0
0.359941 0
1.14852 0
3.91154 0
0.210887 0
0.236801 0
0.031637 0
2.22458 0
0.229783 0
1.7553 0
0.505281 0
2.09634 0
3.0904 0
0.869159 0
1.30033 0
0.486497 0
0.0753848 0
0.0378969 0
2.92104 0
0.079514 0
1.41954 0
2.2738 0
1.65915 0
1.10696 0
1.53056 0
1.09069 0
0.177697 0
3.11997 0
1.37902 0
2.11672 0
0.710157 0
0.129609 0
0.161252 0
0.279974 0
1.16654 0
0.481781 0
1.54896 0
0.635043 0
0.110137 0
1.36521 0
0 0
0.474079 0
1.12546 0
0.239349 0
2.2454 0
0.826517 0
0.98728 0
1.02523 0
0.481341 0
2.18035 0
0.713862 0
0.0506818 0
1.36774 0
1.16194 0
0.376702 0
0.485659 0
0.972535 0
0.333951 0
0.0783031 0
2.7668 0
1.27092 0
1.1383 0
1.35274 0
0.084479 0
0.05594 0
1.42906 0
1.88293 0
0.713386 0
1.56789 0
3.38185 0
0.395079 0
0.754912 0
0.107589 0
0.0646645 0
1.1116 0
0.401893 0
0.329985 0
0.222089 0
0.488915 0
0.427533 0
0.958918 0
3.19219 0
0.585613 0
1.55382 0
0.0635875 0
0.896448 0
1.88584 0
0.921771 0
2.91153 0
0.0594944 0
2.19278 0
0.248402 0
0.164725 0
0.584852 0
1.97698 0
0.106846 0
1.34418 1
0.108239 1
0.118235 1
0.0298217 1
3.01221 1
1.81592 1
0.693383 1
0.101719 1
1.28998 1
0.0781435 1
2.15491 1
0.0701949 1
0.0183515 1
0.971225 1
0.051835 1
0.813304 1
0.08176 1
0.0696269 1
1.49148 1
0.081612 1
0.597381 1
0.0435984 1
2.48816 1
0.524549 1
0.0179004 1
2.99234 1
0.768909 1
0.0295421 1
0.0341053 1
0.0430887 1
0.00340728 1
0.0407419 1
0.0371954 1
0.412368 1
0.119952 1
0.0634916 1
0.0196978 1
2.22869 1
7.74686 1
3.17796 1
0.321216 1
1.52803 1
2.7897 1
1.17353 1
0.0655468 1
1.92801 1
0.0643363 1
0.389255 1
0.00691324 1
0.965089 1
3.27754 1
5.61373 1
0.0590614 1
0.0594017 1
2.39963 1
1.97618 1
0.10011 1
0.0352223 1
0.142941 1
0.0678921 1
0.592987 1
0.305509 1
0.0789431 1
1.13649 1
2.1665 1
0.259927 1
0.183635 1
2.39159 1
1.47135 1
3.31184 1
0.0526972 1
4.31598 1
0.0557003 1
0.994688 1
1.18007 1
0.308344 1
0.95695 1
0.0533326 1
1.44791 1
0.446826 1
0.530962 1
0.0769106 1
0.625072 1
0.0384018 1
3.5892 1
1.87335 1
0.057586 1
0.0702592 1
0.0272041 1
0.0482398 1
0.0610837 1
0.052302 1
1.7213 1
0.444428 1
0.0534434 1
2.85877 1
0.499737 1
0.0831877 1
1.16431 1
1.0268 1
0.42193 1
0.191888 1
0.912161 1
0.569171 1
0.045335 1
0.861757 1
1.11437 1
0.0853432 1
0.972707 1
0.0423435 1
0.0156162 1
0.0523961 1
0.140023 1
0.08098 1
0 1
0.493548 1
0.0621278 1
0.035474 1
0.0804999 1
1.34141 1
0.107129 1
0.592783 1
1.86183 1
2.31014 1
0.0992218 1
0.056019 1
2.72773 1
0.0364637 1
0.124226 1
0.804164 1
1.57411 1
0.101916 1
0.0483022 1
0.602268 1
0.0259008 1
0.0633412 1
0.117379 1
0.0510684 1
0.760058 1
1.17264 1
0.366185 1
2.94723 1
1.99398 1
1.32643 1
0.388098 1
0.0327301 1
0.105234 1
0.710071 1
0.408113 1
0.559574 1
2.37591 1
2.9405 1
2.38712 1
0.0131939 1
0.0395751 1
1.00229 1
1.15532 1
1.31726 1
0.389468 1
0.0146189 1
0.0622553 1
0.0684278 1
1.04902 1
0.0824742 1
0.879059 1
0.673904 1
0.0463339 1
6.96879 1
0 1
1.66538 1
0.0467893 1
0.0383105 1
0.107501 1
0.0246032 1
1.063 1
0.0881545 1
1.92296 1
0.0178303 1
2.00026 1
0.0510621 1
0.371998 1
0.117063 1
0.0572966 1
1.33173 1
0.0169976 1
1.21441 1
0.0714617 1
0.0186755 1
0.662102 1
0.0563858 1
0.0668073 1
0.116479 1
1.01055 1
0.027939 1
0.0313265 1
0.127582 1
0.0457737 1
0.0660947 1
1.85122 1
1.00051 1
0.0274861 1
0.204978 1
0.256457 1
0.0563759 1
0.119766 1
0.171087 1
0.039272 1
0.16023 1
0.0708354 1
0.0663865 1
0.17193 1
0.0280578 1
0.503067 1
0.0602625 1
0.00720134 1
2.13747 1
0.375792 1
0.426772 1
0.753097 1
0.175844 1
0.199139 1
2.50298 1
0.101101 1
0.270905 1
0.0837949 1
2.61559 1
0.355438 1
0.149254 1
0.0295282 1
0.0131696 1
0.710892 1
0.23732 1
0.0806998 1
1.1405 1
9.28806 1
0.134738 1
2.48829 1
0 1
0.468623 1
1.23397 1
0.0575094 1
0.17888 1
0.906985 1
0.0143712 1
213.017 1
2.27393 1
0.04555 1
0.0224923 1
2.4756 1
0.439375 1
0.308633 1
0.0918763 1
4.14103 1
1.5025 1
1.32586 1
2.19756 1
1.58153 1
3.36215 1
1.58416 1
0.0160684 1
2.9635 1
0.436667 1
0 1
0.0334085 1
0.158472 1
0.0565407 1
1.24803 1
0.0551241 1
4.81009 1
1.12726 1
2.2465 1
6.53386 1
0 1
1.0907 1
0.209203 1
0.565442 1
1.5259 1
2.43113 1
0.0477626 1
0.845237 1
0.0648663 1
0.647264 1
2.99686 1
0.447972 1
0.0422569 1
0.0717336 1
2.00607 1
0.380771 1
0.0213696 1
0.75705 1
0.0208563 1
9.51906 1
0.616633 1
0.110971 1
0.0193504 1
181.384 1
0.142378 1
1.76923 1
3.12688 1
0.029468 1
0.0421239 1
0.0487751 1
1.53416 1
0.502327 1
0.0365787 1
1.66355 1
0.494114 1
0.0724562 1
0.0336532 1
0.452952 1
2.4341 1
0.249684 1
1.34782 1
0.0687027 1
0.877328 1
0.0510439 1
2.1347 1
0.775186 1
0.649817 1
0.760178 1
1.48126 1
1.14036 1
0.0406036 1
0.0352075 1
0.399734 1
0.461957 1
1.16117 1
0.0344714 1
0.0878129 1
0.4956 1
0.565731 1
0.501584 1
2.99753 1
0.00775074 1
0.101372 1
0.0640441 1
0.850366 1
0.0601329 1
2.62627 1
1.88875 1
0.0666368 1
202 1
0.0953559 1
0.195232 1
2.65716 1
1.80757 1
2.0314 1
0 1
0.0599615 1
0.0833405 1
0.00856951 1
0.115758 1
0.0949916 1
1.69032 1
0.0218294 1
0.147528 1
0.0570303 1
2.61059 1
4.98306 1
2.43657 1
0.196786 1
1.20653 1
0.0453363 1
1.09803 1
0.0611017 1
0.307559 1
0.0329143 1
0.475605 1
0.0425901 1
0.0521734 1
0.174268 1
0.0899813 1
0.713652 1
0.0299089 1
0.0698558 1
1.59256 1
0.0927605 1
0.0854364 1
0.0329303 1
3.71922 1
0.0485529 1
0.054734 1
0.480605 1
0.695629 1
0.0583547 1
0.0541025 1
0.0941476 1
0.0851329 1
0.0748588 1
0.0715708 1
0.280062 1
0.309738 1
0.0837431 1
0.120086 1
0.435887 1
1.29744 1
0.551806 1
0.00394737 1
0.433309 1
0.281158 1
3.28871 1
0.838005 1
0.83518 1
0.0125637 1
0.0390602 1
0 1
0.0578743 1
0.117858 1
0.306586 1
0.0635776 1
0.103438 1
1.67288 1
1.32661 1
0.0659212 1
0.0708554 1
0.0610758 1
0.53961 1
0.0072602 1
0.0888652 1
0.0679961 1
0.0817483 1
0.124409 1
2.01108 1
0.0494017 1
0.0744147 1
0.0922414 1
1.62394 1
0.782964 1
3.21155 1
0.921271 1
1.1532 1
0.861371 1
1.74896 1
0.117333 1
0.039996 1
0.0255952 1
2.28922 1
0.0285348 1
0.264923 1
1.6773 1
0.992296 1
0.061818 1
0.0194048 1
0.5665 1
0.0845026 1
0.618267 1
0.653663 1
0.157687 1
0.559416 1
0.771044 1
0.139939 1
0.0193426 1
0.387976 1
0.0748226 1
0.0410295 1
0.0739646 1
1.69256 1
0.0113953 1
0.0102347 1
0.612484 1
0.194375 1
0.0762731 1
0.189398 1
0.0283918 1
0.0354998 1
1.82183 1
0.0223614 1
262.318 1
1.79922 1
0.0666485 1
0.0244583 1
0.0451088 1
0.102261 1
0.0919721 1
0.0497312 1
0.0227698 1
0.01042 1
0.0249832 1
1.28556 1
0.0690775 1
0.0537968 1
0.385893 1
0.45437 1
0.379469 1
0.247109 1
0.0187745 1
1.07699 1
0.78422 1
0.0499851 1
0.252542 1
0.0262368 1
0.78264 1
0.0175888 1
1.332 1
0.496712 1
2.29039 1
1.95068 1
0.842561 1
0.864644 1
1.7814 1
0.0316782 1
0.062116 1
1.37355 1
0 1
0.402851 1
1.14885 1
0.452439 1
0.728695 1
0.0634853 1
0.0611826 1
0.262211 1
0.316525 1
0 1
0.113252 1
0.0206646 1
0.0621986 1
0.0192544 1
0.769078 1
2.95198 1
0.0261233 1
0.0277334 1
0.688079 1
0.0224719 1
0.0601404 1
0.0308673 1
4.00237 1
0.168268 1
0.0500737 1
0.047866 1
0.501407 1
0.0865885 1
0.670794 1
0.0720096 1
0.484103 1
0.0819515 1
1.63804 1
1.62572 1
0.856333 1
0.08024 1
0.0645882 1
1.7306 1
0.625365 1
0.0959123 1
4.82098 1
1.03181 1
0.0568484 1
0.0619469 1
0.133634 1
0.236598 1
0.47869 1
0.0326539 1
0.0415846 1
6.02919 1
0.126207 1
0.554898 1
0.76576 1
0.1101 1
0.0461047 1
0.0218519 1
0.0335484 1
0.0405761 1
0.0374111 1
0.0533004 1
0.131909 1
0.0795732 1
0.0403845 1
0.00502364 1
0.835134 1
3.47626 1
0.0581607 1
0.763892 1
0.00658851 1
0.270272 1
0.0560909 1
0.0183421 1
0.373748 1
3.47204 1
1.00451 1
0.064066 1
0.111927 1
0.0620734 1
0.0549664 1
186.673 1
0.00692964 1
1.03798 1
0.442687 1
0.0416484 1
1.68762 1
0.748025 1
1.11774 1
1.99897 1
1.27965 1
0.168384 1
1.60845 1
0.0487813 1
0.628798 1
0.189583 1
0.0489468 1
0.02341 1
0.574194 1
0.0431664 1
1.72038 1
0.0610377 1
0.0344009 1
0.0827195 1
0.048728 1
1.88602 1
0.712847 1
0.12348 1
1.19173 1
1.86969 1
0.0745586 1
0.029349 1
0.82145 1
0.932799 1
0.966882 1
6.63861 1
2.22291 1
0.426252 1
3.73131 1
0.0148305 1
0.579387 1
1.2567 1
0.0382714 1
1.68016 1
0.100218 1
2.01555 1
0.480311 1
6.15017 1
0.671411 1
1.88457 1
0.0240981 1
1.60519 1
1.05682 1
0.973562 1
0.0730155 1
1.12218 1
0.0143142 1
0.0411488 1
0.0671361 1
0.0950262 1
0.083351 1
0.447615 1
1.8065 1
1.13635 1
1.10149 1
0.0805812 1
2.26865 1
0.881256 1
0.0373517 1
1.36209 1
0.0593038 1
1.34119 1
2.38541 1
0.271892 1
0.0387903 1
1.1127 1
1.74389 1
0.109152 1
0.0356258 1
0.0054551 1
0.0910183 1
1.28481 1
0.0751569 1
2.91086 1
0.121353 1
0.102193 1
0.0132939 1
0.0330934 1
0.268241 1
0.113232 1
1.31189 1
0.438092 1
0.0573101 1
0.0182494 1
1.2076 1
0.34908 1
0.19277 1
0.0257699 1
2.07074 1
0.0542082 1
0.117374 1
0.370003 1
2.461 1
0.123252 1
2.67871 1
0.069637 0
0.0625132 0
0.0301312 0
0.0067982 0
0 0
0.0321981 0
0.0520563 0
0.0686714 0
0.0531157 0
0.0597223 0
0.0502629 0
0.0596584 0
0.0747818 0
0.110476 0
0.0493676 0
0.0518077 0
0.0855647 0
0.0553896 0
0.0204383 0
0.0269034 0
0.0442897 0
0.0332082 0
0.288745 0
0.043328 0
0.0550162 0
0.0960243 0
0.0595048 0
3.1942 0
0.0363533 0
0.014541 0
0.0221468 0
0.0648039 0
0.0132756 0
0.024888 0
0.0593523 0
0.0588694 0
1.44632 0
0.0148171 0
0.108135 0
0.0434838 0
0 0
0.0252048 0
0.0696701 0
1.13755 0
0.0460563 0
0.246348 0
0.069275 0
0.093856 0
0.380999 0
0.0871552 0
0.0285072 0
0.0415817 0
0.033422 0
0.0447405 0
0.0701338 0
0.0454775 0
0.632014 0
1.8594 0
0.0552468 0
0.0518524 0
0.114241 0
0.0270554 0
0.109306 0
0.170119 0
0.74566 0
0.123512 0
0.065945 0
0.0593694 0
0.0581584 0
0.0495017 0
0.0458335 0
0.151766 0
0.0642293 0
0.102799 0
0.00847408 0
0.0302736 0
0.108154 0
0.00920311 0
0.107478 0
0.00624696 0
0.0735516 0
0.0527215 0
0.0342038 0
0.045464 0
0.0998567 0
0.0111083 0
0.0677279 0
0.0690942 0
0.0863233 0
0.059375 0
0.0431128 0
0.0539445 0
0.10162 0
0.345225 0
0.0792698 0
0.100197 0
0.0406296 0
0.913853 0
0.0831774 0
0.0237581 0
0.0706563 0
0.0683607 0
0 0
0.0378146 0
0.163745 0
0.0756049 0
0.0559424 0
2.36849 0
0.0371764 0
0.0816347 0
0.146852 0
0.0601027 0
0.0205953 0
0.0561173 0
0.0599579 0
0.0353792 0
0.0690734 0
0.0372829 0
0.0818754 0
0.0155032 0
0.343636 0
0.0563138 0
0.0486797 0
0.026861 0
0.00447304 0
0.0206561 0
0.0369136 0
0.517508 0
0.0339807 0
0.0646089 0
1.05542 0
0.0438951 0
0.0523507 0
0.0236622 0
0.110683 0
0.0341945 0
0.0977196 0
0.0447069 0
0.0628594 0
0.0372156 0
0.0454561 0
0.0550823 0
0.0520864 0
0.0935761 0
0.0340275 0
0.0660508 0
0.0818334 0
0.0177054 0
0.0459093 0
0.0874353 0
0.0353999 0
0.129214 0
0.0157624 0
0.535071 0
0.117635 0
0.0679428 0
0.0210486 0
3.70549 0
0.0481069 0
0.0255647 0
0.116039 0
0.0565684 0
0.0937111 0
0.016047 0
0.0186444 0
0.10176 0
0.0171196 0
0.057867 0
0.0915091 0
0.79508 0
0.057735 0
0.0919123 0
0.0686562 0
4.56468 0
0.0388542 0
0.03682 0
0.0213434 0
0.00313143 0
0.0963283 0
0.0366766 0
0.0903216 0
0.0454613 0
0.0464671 0
0.0612639 0
0.0301745 0
0.0542766 0
0.0369201 0
0.0799516 0
0.0370073 0
0.0858332 0
0.0813771 0
0.0702838 0
0.0255393 0
0.0176882 0
0.451552 0
0.0549365 0
0.0334748 0
0.0513643 0
0.648764 0
0.0076668 0
0.0985261 0
0.00843823 0
0.0215574 0
0.0947702 0
0.0812104 0
0.0586913 0
0.0571755 0
0.990253 0
0.0731967 0
0.0137592 0
0.0612633 0
0.236605 0
0.0590571 0
0.0678091 0
0.0997606 0
0.0326567 0
0.0716589 0
0.0696878 0
0.155145 0
0.0439781 0
0.0539506 0
0.517296 0
0.060312 0
0.0622533 0
0.067404 0
0.0418455 0
0.0479616 0
0.763049 0
1.17621 0
2.10559 0
0.0334094 0
0.0421044 0
0.0641351 0
0.0401727 0
0.699558 0
0.0515972 0
0.0218869 0
0.0405634 0
0.0920116 0
0.0481881 0
0.0166998 0
0.0555976 0
0.0965903 0
0.0681817 0
0.0772989 0
0.0372466 0
1.00504 0
0.0258766 0
0.0535685 0
1.49295 0
0.096819 0
0.121561 0
0.017855 0
0.0487012 0
0.0369116 0
0.0111226 0
0.014764 0
0.0344164 0
0.0230674 0
0.0790736 0
0.0589235 0
0.0838465 0
0.0111918 0
0.031011 0
0.04609 0
0.0921753 0
0.0503917 0
0 0
0.300046 0
0.11243 0
0.0746418 0
0.0494057 0
0.0523602 0
0.0585814 0
0.0409258 0
0.060692 0
0.00785824 0
0.0356521 0
0.0371582 0
0.0235125 0
0.0114943 0
0.046344 0
0.0535772 0
0.135284 0
0.0745052 0
0.0417518 0
0.0344 0
0.0309697 0
0.0492315 0
0.0293115 0
0.310806 0
0.0524965 0
0.0504989 0
0.118793 0
0.0962302 0
0.0583888 0
0.0720176 0
0.12195 0
0.0449722 0
0.0676068 0
0.0310583 0
0.0760172 0
0.11825 0
0.227455 0
0.0514824 0
0.0544569 0
0.0666429 0
0.075864 0
0.0609964 0
0.337693 0
0.0623496 0
0.0759504 0
0.0528007 0
0.0732846 0
0.0793588 0
0.07881 0
0.647184 0
0.0696694 0
0.0339193 0
0.103292 0
0.0286493 0
0.0529154 0
0.0539237 0
0.174749 0
0.054268 0
0.0868906 0
0.0580283 0
0.0345393 0
0.0432542 0
0.0456928 0
0.0169033 0
0.0287933 0
0.0726615 0
0.0492664 0
0.0304974 0
0.0478541 0
0.101972 0
0.0981573 0
0.0219023 0
0.0336368 0
0.0456578 0
0.483751 0
0.065911 0
0.0692047 0
0.0429817 0
0.0735862 0
0.0868799 0
0.0757439 0
0.0688989 0
0.0685703 0
0.479559 0
0.12758 0
0.0419624 0
0.0468511 0
0.0644178 0
0.0549337 0
0.0708384 0
0.0683889 0
0.0384685 0
0.0298118 0
0.0385794 0
0.0349578 0
0.0309337 0
0.182311 0
0.0651989 0
0.0203089 0
0.104711 0
0.0469937 0
0.0132099 0
0.0171653 0
0.111277 0
0.234493 0
0.17631 0
0.0611777 0
0.0429157 0
0.0893619 0
0.104077 0
0.0182494 0
0.26968 0
0.0282887 0
0.0603849 0
0.0876545 0
0.0489337 0
1.10577 0
0.0245309 0
0.0849752 0
0.0549331 0
0.56894 0
0.0412691 0
0.0324367 0
0.0376224 0
5.29247 0
0.0425734 0
0.0303669 0
0.150696 0
0 0
0.123249 0
0.00545738 0
0.0076166 0
0.0909229 0
0.0684696 0
0.0336409 0
0.0504492 0
0.0202638 0
0.0919823 0
0.0819316 0
0.0354248 0
0.031761 0
0.0388834 0
0.0693082 0
0.0321765 0
0.0599375 0
1.03097 0
0.039638 0
0.0176839 0
0.0607833 0
0.0356126 0
0.0466068 0
0.0245913 0
0.136348 0
0.0586709 0
0.0401737 0
0.0704626 0
3.57171 0
0.0391208 0
0.0298695 0
0.0522859 0
0.101631 0
0.867918 0
0 0
0.0384278 0
0.0620815 0
2.02289 0
0.0543549 0
0.645591 0
0.033908 0
0.217549 0
0.0990683 0
0.0483547 0
0.0495119 0
0.0273447 0
0.032038 0
0.0369103 0
0.0231187 0
0.051222 0
0.0422182 0
3.22048 0
0.0440719 0
0.0490315 0
0.0458134 0
0.108414 0
0.499957 0
0.0551993 0
0.0304457 0
0.061556 0
0.0138835 0
0.032813 0
0.0702759 0
0.0908146 0
1.8191 0
0.434113 0
0.606371 0
0.0214457 0
0.0575918 0
0.0397697 0
0.0289984 0
0.246132 0
0.173428 0
0.064189 0
0.0217333 0
0.0395784 0
0.058178 0
0.0859066 0
1.75368 0
0.0698514 0
0.0589788 0
0.123744 0
0.00143396 0
0.0562246 0
0.0559481 0
0.077653 0
0.092952 0
0.0338392 0
0.03574 0
0.0748868 0
0.0254199 0
0.0104377 0
0.0683406 0
0.0830618 0
0.0574735 0
0.0569384 0
0 0
0.0527815 0
0.0410529 0
0.508122 0
0.0116141 0
0.082514 0
0.0433018 0
0.0223894 0
0.0376465 0
0.0700259 0
0.0491614 0
0.807394 0
0.027612 0
0.0614255 0
0.0294949 0
0.0432184 0
0.0960885 0
0.255929 0
0.0610344 0
0.031537 0
0.0348558 0
0.0482695 0
0.0908095 0
2.01445 0
1.5214 0
0.108533 0
0.224319 0
0.0738116 0
0.883451 0
0.0961373 0
0.155456 0
0.094088 0
0.0395519 0
0.244682 0
0.0403679 0
0.0422929 0
0.0412298 0
0.0826893 0
0.0478265 0
0.101674 0
0.827588 0
0.0175974 0
0.118699 0
0.0296603 0
0.734452 0
0.0270308 0
0.0675647 0
0.0601339 0
0.00612189 0
0.0345772 0
0.0384944 0
0.027335 0
0.0557732 0
0.0414697 0
0.0718885 0
0.121108 0
0.0112371 0
0.0287996 0
0.0336134 0
0.353418 0
0.0143006 0
0.052418 0
0.00671846 0
0.00464922 0
0.0727946 0
0.0729852 0
0.0200415 0
0.0591872 0
0.0230642 0
1.86898 0
0.0539413 0
0.037515 0
0.104096 0
0.0529781 0
0.484692 0
0.0777653 0
0.0584914 0
0.14536 0
0.0383322 0
0.0731915 0
0.0402838 0
0.0118214 0
0.0392309 0
0.062739 0
0.677591 0
0.497985 0
0.75709 0
0.0421943 0
4.01636 0
0.0453546 0
0.0981825 0
0.048248 0
0.0966945 0
0.00680495 0
0.0163712 0
0.0716146 0
0.0555825 0
0.0268655 0
0.0800551 0
0.0501088 0
0.0163242 0
0.0525024 0
0.145243 0
0.824626 0
0.0344758 0
0.0693301 0
0.149431 0
0.0508932 0
0.035672 0
0.0524568 0
0.0551124 0
0.0439045 0
0.135089 0
0.0145888 0
0.062314 0
0.0510761 0
0.134991 0
0.047802 0
0.0246765 0
0.239996 0
0.797472 0
0.045393 0
0.166558 0
0.0289639 0
0.0282783 0
0.0401716 0
0.0541359 0
0.0503606 0
2.14172 0
0.012675 0
0.105702 0
0.0154192 0
0.66026 0
0.0251493 0
0.0623274 0
0.0903863 0
0.0485954 0
0.24804 0
0.035461 0
0.0552732 0
0.0457218 0
0.459584 0
0.0256387 0
0.0228306 0
0.0178713 0
0.0300802 0
0.0555793 0
0 0
0.0629048 0
0.613982 0
0.0735897 0
0.0932517 0
0.0511025 0
0.123512 0
0.0248526 0
0.0821824 0
0.0348472 0
0.042075 0
0.0914636 0
0.0724701 0
0.0648332 0
0.0398465 0
0.063969 0
3.77311 0
0.077914 0
0.0366716 0
0.0742995 0
0.0852857 0
0.0847431 0
0.0795273 0
1.15727 0
0.0754111 0
0.0798397 0
0.0965974 0
0.0240278 0
0.0794044 0
0.0616874 0
0.641954 0
0.701439 0
0.343175 0
0.504478 0
0.307766 0
0.0287587 0
0.0585306 0
0.627373 0
0.0436408 0
0.048245 0
0.137638 0
0.0339409 0
0.89243 0
0.10098 0
0.10343 0
0.0105241 0
0.127466 0
0.101293 0
0.175452 0
0.0904713 0
0.035704 0
0.0675045 0
0.0356964 0
0.0660548 0
0.0556714 0
2.85727 0
0.088436 0
0.089806 0
0.032874 0
0.0580948 0
0.00898215 0
0.0480218 0
0.0536229 0
0.0542654 0
0.0452004 0
0.0642701 0
0.193946 0
0.0535832 0
0.0101104 0
0.0615855 0
0.0978373 0
0.598295 0
0.106388 0
0.0467257 0
1.56556 0
0.070737 0
0.0691095 0
0.0445077 0
0.0563108 0
0.0190916 0
0.0469754 0
0.0319856 0
0.0591389 0
0.0744544 0
0.0374214 0
0.0567148 0
0.0689184 0
0.697683 0
0.0446516 0
0.0444412 0
0.080253 0
0.0550695 0
0.0463901 0
0.0570575 0
0.0227081 0
0.0573961 0
0.108452 0
0.0449919 0
0.0472631 0
0.0220152 0
0.0974293 0
0.0589686 0
0 0
0.0475008 0
0.0498398 0
0.0593518 0
0.791326 0
0.0265781 0
0.0694126 0
0.0399683 0
0.0642325 0
0.204914 0
0.0435003 0
0.0341271 0
0.320964 0
0.0464826 0
0.0545078 0
0.0217825 0
0.941366 0
0.0215575 0
0.0131061 0
1.89277 0
0.082826 0
0.100798 0
0.0477657 0
0.04249 0
0.0137255 0
0.0132677 0
0.022673 0
0.141689 0
0.120854 0
0.0159407 0
0.0658658 0
0.031172 0
0.0641103 0
0.0369538 0
0.0589325 0
0.0556075 0
0.0121682 0
0.0393975 0
0.0420885 0
0.03324 0
0.119247 0
0.0320114 0
0.119651 0
0.0199194 0
0.0461457 0
0.0774942 0
1.30286 0
0.0517143 0
0.0184631 0
0.0207841 0
0.0854349 0
0.0197027 0
0.136249 0
0.54844 0
0.0837867 0
0.0506341 0
