0.069313 1
0.0379555 1
0.0803996 1
0.0749496 1
0.212389 1
1.38113 1
0.0367308 1
1.4354 1
1.068 1
1.35616 1
0.73369 1
1.63411 1
0.271105 1
4.09552 1
1.03309 1
0.72992 1
0.523314 1
0.173032 1
0.100539 1
0.189469 1
0.158725 1
0.0722506 1
1.68841 1
2.62893 1
1.8062 1
1.60492 1
0.106323 1
0.188485 1
1.39124 1
0.110446 1
0.333955 1
0.0367308 1
0.504653 1
0.0350724 1
1.08385 1
0.23862 1
2.77978 1
0.0994572 1
0.110446 1
3.94863 1
0.136058 1
1.38436 1
0.122155 1
0.118008 1
0.889934 1
0.0722506 1
0.718775 1
3.56393 1
0.0937916 1
5.89428 1
7.77274 1
0.0345977 1
0.0942299 1
0.100539 1
0.136058 1
0.0379555 1
1.27097 1
0.230729 1
0.118008 1
0.0714044 1
0.378156 1
1.08385 1
0.470602 1
0 1
1.63411 1
4.03451 1
1.68841 1
0.230495 1
0.0920237 1
0.159761 1
0.101634 1
0.169014 1
0.101634 1
0.484668 1
1.35616 1
0.0409859 1
0.814622 1
0.212389 1
0.889934 1
0.156878 1
2.85379 1
0.757164 1
0.448865 1
0.74746 1
0.098292 1
0.364252 1
3.5977 1
0.0353866 1
0.183569 1
3.18591 1
0.188485 1
3.5977 1
0.10067 1
0.471827 1
0.628272 1
0.107911 1
1.66309 1
0.0827465 1
0.72992 1
0.0233389 1
0.658423 1
0.0942299 1
0.0319088 1
1.60492 1
0.185962 1
0.107186 1
0.069313 1
3.94863 1
9.04923 1
3.99889 1
0.628159 1
0.851564 1
0.364252 1
0.14438 1
2.85379 1
0.333955 1
0.925409 1
1.8845 1
1.10746 1
0.107911 1
0.156878 1
0.0994572 1
0.74746 1
1.13383 1
0.252278 1
2.15075 1
2.42599 1
0.0345977 1
0.471827 1
0.0449827 1
1.4354 1
1.27097 1
0.174925 1
0.841892 1
0.628159 1
1.82206 1
13.4277 1
1.35825 1
0.0632342 1
0.106323 1
1.23639 1
2.04176 1
1.57096 1
0.100834 1
1.8062 1
0.0353866 1
0.159761 1
0.378156 1
0.464601 1
0.266753 1
0.464601 1
1.28712 1
13.4277 1
0.306014 1
5.89428 1
0.484668 1
0.0714044 1
0.107186 1
0.0350724 1
3.36866 1
3.64501 1
0.306014 1
1.38436 1
0.757164 1
1.35825 1
0.230729 1
9.04923 1
0.14438 1
4.03451 1
0.0617084 1
4.57206 1
1.28712 1
0.0920237 1
1.23639 1
0.504653 1
2.15075 1
4.57206 1
0.271105 1
0.312853 1
0.0827465 1
0.098292 1
0.252278 1
1.13383 1
2.60848 1
0.0409859 1
0.0749496 1
2.62893 1
0.23862 1
0.173032 1
2.04176 1
1.10746 1
0.0803996 1
0.230495 1
0.147273 1
0.841892 1
2.07089 1
0.0449827 1
2.08089 1
2.60848 1
0.768096 1
2.42599 1
0.185962 1
7.77274 1
0.174925 1
0.963547 1
0.19423 1
3.64501 1
0.523314 1
1.03446 1
1.39124 1
0.718775 1
0.19423 1
0.147273 1
0.73369 1
1.03446 1
0.470602 1
0.10067 1
1.38113 1
0 1
0.0937916 1
4.09552 1
3.18591 1
0.312853 1
0.963547 1
1.82206 1
0.169014 1
0.183569 1
0.100834 1
2.77978 1
0.158725 1
0.0233389 1
1.068 1
1.57096 1
0.0191835 1
2.07089 1
0.768096 1
0.628272 1
0.0617084 1
3.36866 1
0.266753 1
0.182936 1
0.0191835 1
3.99889 1
1.8845 1
0.925409 1
1.03309 1
0.448865 1
0.0632342 1
0.658423 1
0.182936 1
1.66309 1
0.189469 1
0.778186 1
0.122155 1
0.814622 1
0.778186 1
3.56393 1
0.851564 1
2.08089 1
0.0319088 1
0.110244 0
0.023365 0
0.0868327 0
0.224611 0
0.0326792 0
0.082596 0
0.10894 0
0 0
0.137031 0
0.0734221 0
0.0746119 0
0.0975593 0
0.0972323 0
0.150706 0
0.197507 0
0 0
0.0495004 0
0.058792 0
1.82029 0
0.873448 0
2.54592 0
0.0552435 0
0.0566107 0
0.00761013 0
0.103637 0
0.10914 0
0.0937141 0
0.0598262 0
0.00251248 0
0.0082426 0
0.137501 0
0.161207 0
0.117326 0
0.0201053 0
0.0461619 0
0.0524137 0
0.235749 0
0.179826 0
0.104223 0
0.00781451 0
0.127783 0
0.195463 0
0.255113 0
0 0
0.064718 0
0.034016 0
0.0885198 0
0.00157953 0
0.0420047 0
0.00402197 0
0 0
0.0315754 0
0.939925 0
0.629858 0
0.248252 0
0.0331086 0
0.0122245 0
0.07681 0
0.0909134 0
0.00138655 0
0.00901187 0
0.0971991 0
0.534993 0
0.220929 0
0.0447983 0
0.0685317 0
0.0682362 0
0.0244948 0
0.10894 0
0.0975593 0
0.120845 0
64.4603 0
0.046239 0
0.117326 0
0.122713 0
0.0656536 0
0.0449009 0
0.0656536 0
0.195222 0
0.370262 0
0.0895354 0
0.142816 0
0.00901187 0
0.0315754 0
0.01587 0
0.0959447 0
0.0659317 0
0.124991 0
0.0224677 0
0.0964649 0
0.01587 0
0.171667 0
0.184521 0
0.227273 0
0.0119933 0
0.147217 0
0.127972 0
0.0768156 0
1.41914 0
0.240562 0
0.0804592 0
0.124512 0
0.131841 0
0.0457752 0
0.0323535 0
0.0659317 0
0.0862069 0
0 0
0.0449261 0
0.0703539 0
0.0078622 0
0.118434 0
0.104223 0
0.0552435 0
0.0220112 0
0.199897 0
0.034016 0
0.11915 0
0.0540896 0
0.156961 0
0.023365 0
0.123524 0
0.043406 0
27.4497 0
0.134562 0
0.0716115 0
0.0703539 0
0.0119933 0
0.0846727 0
0.07681 0
0.837794 0
0.518602 0
0.0620444 0
0.0457752 0
0.145883 0
0.0935354 0
0.0944256 0
0.0316327 0
0.224611 0
0.0781827 0
0.370262 0
0.242357 0
0 0
0.120845 0
0.227273 0
0.103637 0
0.120809 0
0.107111 0
0.0323535 0
0.0507279 0
0.0461619 0
2.439 0
0.195463 0
0.0734671 0
0.197266 0
0.510596 0
1.43991 0
0.122713 0
0.0448734 0
0.135399 0
0.0566107 0
0.101812 0
0.140255 0
0.0195971 0
0.0373045 0
0.00251248 0
0.510596 0
0.117511 0
0.0955103 0
0.0769408 0
0.0082426 0
0.0944256 0
0.141193 0
0.120809 0
0.138162 0
0.0715183 0
0.124512 0
0.171667 0
0.0420047 0
0.0862069 0
27.4497 0
0.201023 0
0.0479499 0
0.0964649 0
0.137031 0
0.0269205 0
0.0526699 0
0.116424 0
0.0816634 0
0.107111 0
0.116424 0
0.112381 0
0.00261805 0
0.111879 0
0.0935354 0
0.152422 0
0.150706 0
0.0224677 0
0.0909134 0
0.046239 0
0.0769408 0
0.240562 0
0.111788 0
0.0546723 0
0.0734671 0
2.99152 0
2.95291 0
0.117511 0
0.110244 0
0.0682362 0
2.95291 0
0.0716115 0
0.186372 0
0.0331086 0
0.355017 0
0.0201053 0
0.111788 0
0.0910066 0
0.573434 0
0.0517291 0
0.127783 0
0.024676 0
0.319452 0
0.0964251 0
0 0
0.0647367 0
0.191042 0
0.197507 0
0.0596594 0
0.781764 0
0.781764 0
0.0495004 0
0.012167 0
0.0910066 0
0.0269205 0
0.248252 0
0.032001 0
0.245275 0
0.111879 0
0.188874 0
0.0326792 0
0.67658 0
0.421408 0
0.873448 0
0.0449261 0
0.0516856 0
0.0781827 0
0.00761013 0
0.156961 0
0.0256109 0
0.0464212 0
0.0647367 0
0.0868327 0
0.0768156 0
0.0972323 0
0.0392526 0
0.110445 0
0.0220112 0
0.131725 0
0.0955103 0
0.0494701 0
0.0371977 0
0.0804592 0
0.0596594 0
0.0262206 0
0.0884575 0
0.177126 0
0.0884575 0
0.0244948 0
0.026182 0
0.235749 0
0.0744218 0
0.0316327 0
0.0274833 0
0.0971991 0
0.197266 0
0.00781451 0
0.0524137 0
0.0853829 0
0.0229309 0
0.161207 0
0.112391 0
0.043406 0
0.00402197 0
0.0478708 0
0.149862 0
0.0264489 0
0.058792 0
0.220929 0
0.0494701 0
0.097592 0
0.0729664 0
0.0264489 0
0.100545 0
1.82029 0
0.316849 0
0.1616 0
0.0633208 0
0.127972 0
0.0122245 0
0.939925 0
0.101812 0
0.421408 0
0.0744218 0
0.11915 0
0.0715183 0
0.245275 0
0.0937141 0
0.0461235 0
0.0224633 0
0.0362145 0
0.316849 0
0.123524 0
0.140307 0
0.024676 0
0.255113 0
0.135399 0
0.032001 0
0.191042 0
0.134562 0
0.0754507 0
0.0462181 0
0.0959447 0
0 0
0.0872788 0
0 0
0.871615 0
0.0516856 0
0.0362145 0
0.0885198 0
0.186562 0
0.195222 0
0.629858 0
0.136021 0
0.0734221 0
1.41914 0
0.10914 0
1.43991 0
2.54592 0
0.0598262 0
0.0540896 0
0.0816634 0
0.142816 0
0.0853829 0
0.534993 0
0.110445 0
0.0873748 0
0.177126 0
0.0872788 0
0.145883 0
0.126254 0
0.0479499 0
0.0195971 0
0.199897 0
0.097592 0
0.188874 0
0.131725 0
0.179466 0
0.141193 0
0.355017 0
0.67658 0
0.0945265 0
0.0462181 0
0.140255 0
0.100545 0
0.0549309 0
0.837794 0
0.0262206 0
0.186562 0
0.0546723 0
0.212807 0
0.0448734 0
0.026182 0
0.0478708 0
0.149862 0
0.118434 0
0.174863 0
0.0256109 0
0.0392526 0
0.0378168 0
0.0517291 0
0.0945265 0
0.871615 0
0.137501 0
64.4603 0
0.0365546 0
0.140307 0
0.112391 0
0.064718 0
0.70808 0
0.0846727 0
0.70808 0
0.0373263 0
0.0365546 0
0.0464212 0
0.152422 0
0.0507279 0
0.0461235 0
0.0754507 0
0.174863 0
0.0549309 0
0.0873748 0
0.136021 0
0.186372 0
0.0964251 0
0.518602 0
2.439 0
0.0895354 0
0.319452 0
0.131841 0
0.00261805 0
0.0373263 0
0.0449009 0
0.0633208 0
0.184521 0
0.012167 0
0.082596 0
0.147217 0
0.474333 0
0.0371977 0
0.0229309 0
0.0378168 0
0.0685317 0
0.1616 0
0.242357 0
0 0
0.0526699 0
0.0224633 0
0.179826 0
0.124991 0
0.0746119 0
0.0447983 0
0.138162 0
0.0729664 0
0.573434 0
0.112381 0
2.99152 0
0.179466 0
0.0078622 0
0.126254 0
0.212807 0
0.0620444 0
0.0373045 0
0.0274833 0
0.00157953 0
0.00138655 0
0.201023 0
0.474333 0
21.6646 1
1.46655 1
0.690901 1
0.207173 1
0.840093 1
0.197615 1
1.7248 1
0.664149 1
0.0734759 1
1.47104 1
0.514077 1
2.68725 1
1.25291 1
0.193212 1
0.306079 1
8.02877 1
0.15874 1
1.64061 1
0.213983 1
7.51948 1
0.0624333 1
5.01072 1
1.79513 1
0.15874 1
7.4015 1
0.0589039 1
1.56832 1
12.4953 1
0 1
0.539123 1
0.129234 1
1.52382 1
1.64061 1
1.79513 1
0.159609 1
0.195078 1
29.5942 1
4.39903 1
0.190695 1
11.9985 1
2.72445 1
7.20049 1
0.207173 1
4.39903 1
12.8434 1
0.239426 1
12.6395 1
4.86904 1
1.02352 1
0.171012 1
1.04521 1
1.85946 1
0.0870391 1
0.047294 1
0.325004 1
0.0164005 1
0.650124 1
8.02877 1
2.05407 1
0.105042 1
0.159609 1
0.477741 1
0.354524 1
1.46655 1
0.471245 1
0.532448 1
0.0624333 1
5.7918 1
7.1452 1
1.52303 1
2.34836 1
7.54299 1
0.104644 1
1.63285 1
2.50124 1
29.3452 1
10.713 1
0.0870391 1
1.24494 1
0.310281 1
0.190033 1
1.91271 1
2.24649 1
11.2908 1
1.25291 1
8.41753 1
0.18831 1
0.0164005 1
0.183252 1
0.197615 1
0.321402 1
8.85156 1
58.9232 1
0.468693 1
0.350153 1
0.281994 1
0.127376 1
0.690901 1
0.310509 1
0.705735 1
0.253795 1
29.5942 1
0.479663 1
0.190033 1
0.131 1
6.88236 1
0.0589039 1
6.88236 1
12.6395 1
0.171012 1
7.4015 1
0.350153 1
0.104644 1
0.253795 1
2.16275 1
0.666266 1
12.8434 1
10.713 1
0.296074 1
0.265558 1
0.0107287 1
4.06425 1
5.96131 1
6.19833 1
5.7918 1
0.514077 1
0.265558 1
2.05407 1
0.321402 1
0.354524 1
0.165913 1
0.129234 1
1.93955 1
2.62781 1
0.962745 1
0.215092 1
0.69616 1
0.236127 1
0.306079 1
0.368828 1
0.525772 1
0.18831 1
2.60183 1
1.25769 1
0.532448 1
0.18942 1
7.20049 1
2.16275 1
0.368828 1
0.69616 1
1.56832 1
18.969 1
0.236127 1
0.226208 1
0.0734759 1
0.962745 1
0.491119 1
4.06425 1
5.96131 1
0.0850208 1
1.88245 1
0.107172 1
5.01072 1
0.296074 1
0.270255 1
1.25769 1
11.2908 1
0.0974101 1
12.4953 1
7.1452 1
58.9232 1
0.310433 1
0.183252 1
2.60183 1
2.62781 1
2.53341 1
13.7979 1
0.310281 1
5.66368 1
0.281994 1
0.0107287 1
0.468693 1
0.127376 1
0.0974101 1
0.664149 1
0.270819 1
1.02352 1
0.525772 1
1.63285 1
0.666266 1
1.7248 1
0.0850208 1
0.310509 1
1.04521 1
22.0637 1
0.244692 1
0.047294 1
2.50124 1
2.24649 1
22.0637 1
8.41753 1
2.34836 1
0.107172 1
0.226208 1
15.5461 1
6.19833 1
2.68725 1
1.85946 1
0.20735 1
0.477741 1
0.364928 1
1.93955 1
0 1
13.7979 1
0.539123 1
0.479663 1
0.491119 1
2.53341 1
0.325004 1
0.18942 1
0.650124 1
8.85156 1
0.244692 1
4.86904 1
1.88245 1
0.840093 1
11.9985 1
1.91271 1
1.21924 1
5.66368 1
0.270819 1
7.51948 1
1.24494 1
0.215092 1
2.72445 1
0.310433 1
0.270255 1
1.21924 1
1.47104 1
0.364928 1
15.5461 1
7.54299 1
0.165913 1
21.6646 1
4.51141 1
0.105042 1
1.52382 1
0.213983 1
4.51141 1
0.20735 1
0.471245 1
18.969 1
1.52303 1
0.705735 1
0.193212 1
29.3452 1
0.190695 1
0.131 1
0.195078 1
0.239426 1
0.274108 0
0.192014 0
0.0959901 0
0.22745 0
0.278584 0
6.69661 0
5.57766 0
0.101451 0
0.204368 0
0.203688 0
0 0
0.0602365 0
0 0
0.0610902 0
0.338304 0
0.462191 0
0.303308 0
0.0873151 0
1.3734 0
0.0551616 0
0.175623 0
0.0776375 0
0.14781 0
4.27667 0
0.293596 0
0.876727 0
0.221786 0
0.0496002 0
0.660628 0
0.0130402 0
0.039115 0
0.0903944 0
0.149137 0
0.201371 0
0.115523 0
0.166029 0
2.39941 0
0.181763 0
0.077783 0
1.45739 0
2.04993 0
3.44064 0
0.251269 0
0.747962 0
0.183954 0
2.04993 0
0.22619 0
0.44516 0
0.468699 0
0.127997 0
0.785792 0
0 0
0.24023 0
0.144484 0
0.194704 0
0.274108 0
0.142034 0
0.114126 0
0.107465 0
4.27667 0
0.0605777 0
0.21851 0
0.393287 0
0.0865995 0
0.304243 0
0.24023 0
0.0141909 0
0.105189 0
0.210717 0
0.12709 0
1.79076 0
0.140855 0
0.183954 0
0.0344459 0
0.0561092 0
0.028179 0
0.0352493 0
0.0597389 0
0.101647 0
0.279428 0
0.107473 0
0.0620468 0
0.22549 0
2.73613 0
0.0597389 0
0.0561092 0
0.173926 0
0.0852737 0
0.210971 0
0.203482 0
0.029225 0
0.039115 0
0.947669 0
0.0776375 0
0.44516 0
0.11824 0
0.389173 0
0.210793 0
0.0321936 0
0.13422 0
0.152695 0
0.262533 0
0.825889 0
0.077783 0
0.128244 0
0.280684 0
0.117294 0
0.203482 0
1.10534 0
0.267101 0
0.22619 0
1.45739 0
0.142054 0
0.0599653 0
0.0551616 0
0.0120318 0
0.0888163 0
0.110776 0
0.144484 0
0.042011 0
0.303308 0
0.0523042 0
3.06032 0
0.152695 0
0.128439 0
0.187405 0
0.0961636 0
0.231931 0
0.0705873 0
0.0599653 0
0.169601 0
0.201371 0
0.69418 0
3.06032 0
0.344575 0
0.0446417 0
0.222887 0
0.0523042 0
0.2139 0
0.0934998 0
0.42307 0
0.120342 0
0.0380271 0
0.181503 0
3.52003 0
0.226565 0
0.177067 0
0.32746 0
0.648853 0
0.140465 0
0.174926 0
0.0352493 0
0.193393 0
0.262971 0
0.193393 0
0.280684 0
0.0752196 0
0.199285 0
0.199285 0
1.79076 0
0.213229 0
0.207255 0
0.142054 0
0.029225 0
0.14481 0
0.187405 0
0.0865995 0
0.154812 0
0.0752196 0
2.41015 0
0.0123137 0
0.186412 0
0.110473 0
0.36368 0
0.0126898 0
0.352411 0
0.468699 0
0.082083 0
0.169601 0
0.785792 0
0.210717 0
0 0
0.825889 0
0.0100462 0
0.105189 0
0.185728 0
0.195019 0
0.222887 0
2.39941 0
0.232359 0
0.200025 0
0.0817351 0
0.0958559 0
0.104368 0
0.140855 0
0.0705873 0
0.124795 0
0.389173 0
0.42307 0
3.44064 0
0.783054 0
0.121156 0
0.050454 0
0.138842 0
0.00109548 0
0.12709 0
0.0602365 0
0.121156 0
0.114126 0
0.0321936 0
0.174689 0
0.0446705 0
0.316005 0
0.13422 0
0.0100462 0
3.52003 0
0.747962 0
0.050454 0
0.201672 0
0.192014 0
0.0496002 0
0.591454 0
0.155036 0
0.140465 0
0.0120318 0
6.69661 0
0.351837 0
0.197416 0
0.0873151 0
0.0190378 0
0.0123137 0
0.0620468 0
2.41015 0
0.397867 0
0.462191 0
0.130097 0
0.0456754 0
0.200025 0
0.221786 0
0.308551 0
0.00109548 0
0.21851 0
0.107473 0
0.113849 0
2.75908 0
0.182602 0
2.73613 0
0.166029 0
0.123138 0
0.244279 0
0.0730133 0
0.128244 0
0.276261 0
0.194704 0
